ACSSF,2012e1,dc,000,0090,0000001,124481,3302,1174,360,539,289,533,192,137,30,48,0,38465,6299,1873,4621,3288,5559,5849,3435,4521,1638,1382,51638,9120,3103,5271,4786,6612,8086,4997,5342,2213,2108,31076,4018,3897,4584,3591,4417,4109,2390,2263,1209,598,,,,,,,,,,,,,,,,,,,,,,,,,,,,,,,,,,,,,,,,,,,,,,,,,,,,,,,,,,,,,,,,,,,,,,,,,,,,,,,,,,,,,,,,,,,,,,,,,,,,,,,,,,,,,,,,,,,,,,,,,,,,,,,,,,,,,,,,,,,,,,,,,,,,,,,,,,,,,,,,,,,,,,,,,,,,,,,,,,,,
ACSSF,2012e1,dc,000,0090,0000002,124481,3302,1174,360,539,289,533,192,137,30,48,0,38465,6299,1873,4621,3288,5559,5849,3435,4521,1638,1382,51638,9120,3103,5271,4786,6612,8086,4997,5342,2213,2108,31076,4018,3897,4584,3591,4417,4109,2390,2263,1209,598,,,,,,,,,,,,,,,,,,,,,,,,,,,,,,,,,,,,,,,,,,,,,,,,,,,,,,,,,,,,,,,,,,,,,,,,,,,,,,,,,,,,,,,,,,,,,,,,,,,,,,,,,,,,,,,,,,,,,,,,,,,,,,,,,,,,,,,,,,,,,,,,,,,,,,,,,,,,,,,,,,,,,,,,,,,,,,,,,,,,
ACSSF,2012e1,dc,000,0090,0000003,124481,3302,1174,360,539,289,533,192,137,30,48,0,38465,6299,1873,4621,3288,5559,5849,3435,4521,1638,1382,51638,9120,3103,5271,4786,6612,8086,4997,5342,2213,2108,31076,4018,3897,4584,3591,4417,4109,2390,2263,1209,598,,,,,,,,,,,,,,,,,,,,,,,,,,,,,,,,,,,,,,,,,,,,,,,,,,,,,,,,,,,,,,,,,,,,,,,,,,,,,,,,,,,,,,,,,,,,,,,,,,,,,,,,,,,,,,,,,,,,,,,,,,,,,,,,,,,,,,,,,,,,,,,,,,,,,,,,,,,,,,,,,,,,,,,,,,,,,,,,,,,,
ACSSF,2012e1,dc,000,0090,0000004,124481,3302,1174,360,539,289,533,192,137,30,48,0,38465,6299,1873,4621,3288,5559,5849,3435,4521,1638,1382,51638,9120,3103,5271,4786,6612,8086,4997,5342,2213,2108,31076,4018,3897,4584,3591,4417,4109,2390,2263,1209,598,,,,,,,,,,,,,,,,,,,,,,,,,,,,,,,,,,,,,,,,,,,,,,,,,,,,,,,,,,,,,,,,,,,,,,,,,,,,,,,,,,,,,,,,,,,,,,,,,,,,,,,,,,,,,,,,,,,,,,,,,,,,,,,,,,,,,,,,,,,,,,,,,,,,,,,,,,,,,,,,,,,,,,,,,,,,,,,,,,,,
ACSSF,2012e1,dc,000,0090,0000005,124481,3302,1174,360,539,289,533,192,137,30,48,0,38465,6299,1873,4621,3288,5559,5849,3435,4521,1638,1382,51638,9120,3103,5271,4786,6612,8086,4997,5342,2213,2108,31076,4018,3897,4584,3591,4417,4109,2390,2263,1209,598,,,,,,,,,,,,,,,,,,,,,,,,,,,,,,,,,,,,,,,,,,,,,,,,,,,,,,,,,,,,,,,,,,,,,,,,,,,,,,,,,,,,,,,,,,,,,,,,,,,,,,,,,,,,,,,,,,,,,,,,,,,,,,,,,,,,,,,,,,,,,,,,,,,,,,,,,,,,,,,,,,,,,,,,,,,,,,,,,,,,
ACSSF,2012e1,dc,000,0090,0000006,124481,3302,1174,360,539,289,533,192,137,30,48,0,38465,6299,1873,4621,3288,5559,5849,3435,4521,1638,1382,51638,9120,3103,5271,4786,6612,8086,4997,5342,2213,2108,31076,4018,3897,4584,3591,4417,4109,2390,2263,1209,598,,,,,,,,,,,,,,,,,,,,,,,,,,,,,,,,,,,,,,,,,,,,,,,,,,,,,,,,,,,,,,,,,,,,,,,,,,,,,,,,,,,,,,,,,,,,,,,,,,,,,,,,,,,,,,,,,,,,,,,,,,,,,,,,,,,,,,,,,,,,,,,,,,,,,,,,,,,,,,,,,,,,,,,,,,,,,,,,,,,,
ACSSF,2012e1,dc,000,0090,0000007,124481,3302,1174,360,539,289,533,192,137,30,48,0,38465,6299,1873,4621,3288,5559,5849,3435,4521,1638,1382,51638,9120,3103,5271,4786,6612,8086,4997,5342,2213,2108,31076,4018,3897,4584,3591,4417,4109,2390,2263,1209,598,,,,,,,,,,,,,,,,,,,,,,,,,,,,,,,,,,,,,,,,,,,,,,,,,,,,,,,,,,,,,,,,,,,,,,,,,,,,,,,,,,,,,,,,,,,,,,,,,,,,,,,,,,,,,,,,,,,,,,,,,,,,,,,,,,,,,,,,,,,,,,,,,,,,,,,,,,,,,,,,,,,,,,,,,,,,,,,,,,,,
ACSSF,2012e1,dc,000,0090,0000008,124481,3302,1174,360,539,289,533,192,137,30,48,0,38465,6299,1873,4621,3288,5559,5849,3435,4521,1638,1382,51638,9120,3103,5271,4786,6612,8086,4997,5342,2213,2108,31076,4018,3897,4584,3591,4417,4109,2390,2263,1209,598,,,,,,,,,,,,,,,,,,,,,,,,,,,,,,,,,,,,,,,,,,,,,,,,,,,,,,,,,,,,,,,,,,,,,,,,,,,,,,,,,,,,,,,,,,,,,,,,,,,,,,,,,,,,,,,,,,,,,,,,,,,,,,,,,,,,,,,,,,,,,,,,,,,,,,,,,,,,,,,,,,,,,,,,,,,,,,,,,,,,
ACSSF,2012e1,dc,000,0090,0000009,124481,3302,1174,360,539,289,533,192,137,30,48,0,38465,6299,1873,4621,3288,5559,5849,3435,4521,1638,1382,51638,9120,3103,5271,4786,6612,8086,4997,5342,2213,2108,31076,4018,3897,4584,3591,4417,4109,2390,2263,1209,598,,,,,,,,,,,,,,,,,,,,,,,,,,,,,,,,,,,,,,,,,,,,,,,,,,,,,,,,,,,,,,,,,,,,,,,,,,,,,,,,,,,,,,,,,,,,,,,,,,,,,,,,,,,,,,,,,,,,,,,,,,,,,,,,,,,,,,,,,,,,,,,,,,,,,,,,,,,,,,,,,,,,,,,,,,,,,,,,,,,,
ACSSF,2012e1,dc,000,0090,0000010,,,,,,,,,,,,,,,,,,,,,,,,,,,,,,,,,,,,,,,,,,,,,,,,,,,,,,,,,,,,,,,,,,,,,,,,,,,,,,,,,,,,,,,,,,,,,,,,,,,,,,,,,,,,,,,,,,,,,,,,,,,,,,,,,,,,,,,,,,,,,,,,,,,,,,,,,,,,,,,,,,,,,,,,,,,,,,,,,,,,,,,,,,,,,,,,,,,,,,,,,,,,,,,,,,,,,,,,,,,,,,,,,
ACSSF,2012e1,dc,000,0090,0000011,27179,455,0,0,73,0,118,82,104,30,48,0,7192,888,159,1083,473,510,1385,937,1096,291,370,10798,1000,271,674,1238,1479,2042,1305,1780,499,510,8734,630,635,1314,907,1118,1495,875,1167,415,178,,,,,,,,,,,,,,,,,,,,,,,,,,,,,,,,,,,,,,,,,,,,,,,,,,,,,,,,,,,,,,,,,,,,,,,,,,,,,,,,,,,,,,,,,,,,,,,,,,,,,,,,,,,,,,,,,,,,,,,,,,,,,,,,,,,,,,,,,,,,,,,,,,,,,,,,,,,,,,,,,,,,,,,,,,,,,,,,,,,,
ACSSF,2012e1,dc,000,0090,0000012,25541,350,175,0,107,0,68,0,0,0,0,0,6936,1001,400,969,772,682,744,741,988,428,211,10268,1843,582,773,678,755,2071,1316,1196,484,570,7987,990,1081,1049,696,1173,1232,864,513,347,42,,,,,,,,,,,,,,,,,,,,,,,,,,,,,,,,,,,,,,,,,,,,,,,,,,,,,,,,,,,,,,,,,,,,,,,,,,,,,,,,,,,,,,,,,,,,,,,,,,,,,,,,,,,,,,,,,,,,,,,,,,,,,,,,,,,,,,,,,,,,,,,,,,,,,,,,,,,,,,,,,,,,,,,,,,,,,,,,,,,,
ACSSF,2012e1,dc,000,0090,0000013,52230,1890,575,360,359,289,164,110,33,0,0,0,17245,3434,1149,1906,1767,3634,2514,1113,849,542,337,23579,5084,1824,2908,2375,3399,3249,1897,1623,831,389,9516,1633,1364,1385,1403,1350,1108,616,220,181,256,,,,,,,,,,,,,,,,,,,,,,,,,,,,,,,,,,,,,,,,,,,,,,,,,,,,,,,,,,,,,,,,,,,,,,,,,,,,,,,,,,,,,,,,,,,,,,,,,,,,,,,,,,,,,,,,,,,,,,,,,,,,,,,,,,,,,,,,,,,,,,,,,,,,,,,,,,,,,,,,,,,,,,,,,,,,,,,,,,,,
ACSSF,2012e1,dc,000,0090,0000014,16199,456,273,0,0,0,183,0,0,0,0,0,5931,668,165,663,276,684,953,466,1337,377,342,5803,1193,389,916,495,979,640,401,429,179,182,4009,765,772,642,497,581,193,35,212,266,46,,,,,,,,,,,,,,,,,,,,,,,,,,,,,,,,,,,,,,,,,,,,,,,,,,,,,,,,,,,,,,,,,,,,,,,,,,,,,,,,,,,,,,,,,,,,,,,,,,,,,,,,,,,,,,,,,,,,,,,,,,,,,,,,,,,,,,,,,,,,,,,,,,,,,,,,,,,,,,,,,,,,,,,,,,,,,,,,,,,,
ACSSF,2012e1,dc,000,0090,0000015,124481,3302,1174,360,539,289,533,192,137,30,48,0,38465,6299,1873,4621,3288,5559,5849,3435,4521,1638,1382,51638,9120,3103,5271,4786,6612,8086,4997,5342,2213,2108,31076,4018,3897,4584,3591,4417,4109,2390,2263,1209,598,,,,,,,,,,,,,,,,,,,,,,,,,,,,,,,,,,,,,,,,,,,,,,,,,,,,,,,,,,,,,,,,,,,,,,,,,,,,,,,,,,,,,,,,,,,,,,,,,,,,,,,,,,,,,,,,,,,,,,,,,,,,,,,,,,,,,,,,,,,,,,,,,,,,,,,,,,,,,,,,,,,,,,,,,,,,,,,,,,,,
