ACSSF,2012e1,dc,000,0004,0000001,632323,250657,313224,2258,21858,54,28401,15871,2654,13217,,,,,,,,,,,,,,,,,,,,,,,,,,,,,,,,,,,,,,,,,,,,,,,,,,,,,,,,,,,,,,,,,,,,,,,,262172,321511,4882,29132,1049,31055,,,,,,,,,,,,,,,,,,,,,,,,,,,,,,,,,,,,,,,,,,,,,,,,,,,,,,,,,,,,,,,,,,,,,,,,,,,,,,,,,,,,,,,,,,,,,632323,616452,250657,313224,2258,21858,54,28401,15871,2654,13217,14342,3841,557,4834,861,4249,1451,78,,,,,,,,,,21858,6108,4467,3062,727,2428,1571,3495,,,,,
ACSSF,2012e1,dc,000,0004,0000002,632323,250657,313224,2258,21858,54,28401,15871,2654,13217,,,,,,,,,,,,,,,,,,,,,,,,,,,,,,,,,,,,,,,,,,,,,,,,,,,,,,,,,,,,,,,,,,,,,,,,262172,321511,4882,29132,1049,31055,,,,,,,,,,,,,,,,,,,,,,,,,,,,,,,,,,,,,,,,,,,,,,,,,,,,,,,,,,,,,,,,,,,,,,,,,,,,,,,,,,,,,,,,,,,,,632323,616452,250657,313224,2258,21858,54,28401,15871,2654,13217,14342,3841,557,4834,861,4249,1451,78,,,,,,,,,,21858,6108,4467,3062,727,2428,1571,3495,,,,,
ACSSF,2012e1,dc,000,0004,0000003,632323,250657,313224,2258,21858,54,28401,15871,2654,13217,,,,,,,,,,,,,,,,,,,,,,,,,,,,,,,,,,,,,,,,,,,,,,,,,,,,,,,,,,,,,,,,,,,,,,,,262172,321511,4882,29132,1049,31055,,,,,,,,,,,,,,,,,,,,,,,,,,,,,,,,,,,,,,,,,,,,,,,,,,,,,,,,,,,,,,,,,,,,,,,,,,,,,,,,,,,,,,,,,,,,,632323,616452,250657,313224,2258,21858,54,28401,15871,2654,13217,14342,3841,557,4834,861,4249,1451,78,,,,,,,,,,21858,6108,4467,3062,727,2428,1571,3495,,,,,
ACSSF,2012e1,dc,000,0004,0000004,632323,250657,313224,2258,21858,54,28401,15871,2654,13217,,,,,,,,,,,,,,,,,,,,,,,,,,,,,,,,,,,,,,,,,,,,,,,,,,,,,,,,,,,,,,,,,,,,,,,,262172,321511,4882,29132,1049,31055,,,,,,,,,,,,,,,,,,,,,,,,,,,,,,,,,,,,,,,,,,,,,,,,,,,,,,,,,,,,,,,,,,,,,,,,,,,,,,,,,,,,,,,,,,,,,632323,616452,250657,313224,2258,21858,54,28401,15871,2654,13217,14342,3841,557,4834,861,4249,1451,78,,,,,,,,,,21858,6108,4467,3062,727,2428,1571,3495,,,,,
ACSSF,2012e1,dc,000,0004,0000005,632323,250657,313224,2258,21858,54,28401,15871,2654,13217,,,,,,,,,,,,,,,,,,,,,,,,,,,,,,,,,,,,,,,,,,,,,,,,,,,,,,,,,,,,,,,,,,,,,,,,262172,321511,4882,29132,1049,31055,,,,,,,,,,,,,,,,,,,,,,,,,,,,,,,,,,,,,,,,,,,,,,,,,,,,,,,,,,,,,,,,,,,,,,,,,,,,,,,,,,,,,,,,,,,,,632323,616452,250657,313224,2258,21858,54,28401,15871,2654,13217,14342,3841,557,4834,861,4249,1451,78,,,,,,,,,,21858,6108,4467,3062,727,2428,1571,3495,,,,,
ACSSF,2012e1,dc,000,0004,0000006,632323,250657,313224,2258,21858,54,28401,15871,2654,13217,,,,,,,,,,,,,,,,,,,,,,,,,,,,,,,,,,,,,,,,,,,,,,,,,,,,,,,,,,,,,,,,,,,,,,,,262172,321511,4882,29132,1049,31055,,,,,,,,,,,,,,,,,,,,,,,,,,,,,,,,,,,,,,,,,,,,,,,,,,,,,,,,,,,,,,,,,,,,,,,,,,,,,,,,,,,,,,,,,,,,,632323,616452,250657,313224,2258,21858,54,28401,15871,2654,13217,14342,3841,557,4834,861,4249,1451,78,,,,,,,,,,21858,6108,4467,3062,727,2428,1571,3495,,,,,
ACSSF,2012e1,dc,000,0004,0000007,632323,250657,313224,2258,21858,54,28401,15871,2654,13217,,,,,,,,,,,,,,,,,,,,,,,,,,,,,,,,,,,,,,,,,,,,,,,,,,,,,,,,,,,,,,,,,,,,,,,,262172,321511,4882,29132,1049,31055,,,,,,,,,,,,,,,,,,,,,,,,,,,,,,,,,,,,,,,,,,,,,,,,,,,,,,,,,,,,,,,,,,,,,,,,,,,,,,,,,,,,,,,,,,,,,632323,616452,250657,313224,2258,21858,54,28401,15871,2654,13217,14342,3841,557,4834,861,4249,1451,78,,,,,,,,,,21858,6108,4467,3062,727,2428,1571,3495,,,,,
ACSSF,2012e1,dc,000,0004,0000008,632323,250657,313224,2258,21858,54,28401,15871,2654,13217,,,,,,,,,,,,,,,,,,,,,,,,,,,,,,,,,,,,,,,,,,,,,,,,,,,,,,,,,,,,,,,,,,,,,,,,262172,321511,4882,29132,1049,31055,,,,,,,,,,,,,,,,,,,,,,,,,,,,,,,,,,,,,,,,,,,,,,,,,,,,,,,,,,,,,,,,,,,,,,,,,,,,,,,,,,,,,,,,,,,,,632323,616452,250657,313224,2258,21858,54,28401,15871,2654,13217,14342,3841,557,4834,861,4249,1451,78,,,,,,,,,,21858,6108,4467,3062,727,2428,1571,3495,,,,,
ACSSF,2012e1,dc,000,0004,0000009,632323,250657,313224,2258,21858,54,28401,15871,2654,13217,,,,,,,,,,,,,,,,,,,,,,,,,,,,,,,,,,,,,,,,,,,,,,,,,,,,,,,,,,,,,,,,,,,,,,,,262172,321511,4882,29132,1049,31055,,,,,,,,,,,,,,,,,,,,,,,,,,,,,,,,,,,,,,,,,,,,,,,,,,,,,,,,,,,,,,,,,,,,,,,,,,,,,,,,,,,,,,,,,,,,,632323,616452,250657,313224,2258,21858,54,28401,15871,2654,13217,14342,3841,557,4834,861,4249,1451,78,,,,,,,,,,21858,6108,4467,3062,727,2428,1571,3495,,,,,
ACSSF,2012e1,dc,000,0004,0000010,108726,88001,8354,475,6988,0,674,4234,268,3966,,,,,,,,,,,,,,,,,,,,,,,,,,,,,,,,,,,,,,,,,,,,,,,,,,,,,,,,,,,,,,,,,,,,,,,,91999,10033,1017,9278,,942,,,,,,,,,,,,,,,,,,,,,,,,,,,,,,,,,,,,,,,,,,,,,,,,,,,,,,,,,,,,,,,,,,,,,,,,,,,,,,,,,,,,,,,,,,,,,108726,104492,88001,8354,475,6988,0,674,4234,268,3966,3904,1136,391,2016,0,361,330,0,,,,,,,,,,6988,2284,1659,976,347,521,444,757,,,,,
ACSSF,2012e1,dc,000,0004,0000011,123326,35605,66592,775,2994,0,14341,3019,392,2627,,,,,,,,,,,,,,,,,,,,,,,,,,,,,,,,,,,,,,,,,,,,,,,,,,,,,,,,,,,,,,,,,,,,,,,,37638,67947,1279,4539,,14733,,,,,,,,,,,,,,,,,,,,,,,,,,,,,,,,,,,,,,,,,,,,,,,,,,,,,,,,,,,,,,,,,,,,,,,,,,,,,,,,,,,,,,,,,,,,,123326,120307,35605,66592,775,2994,0,14341,3019,392,2627,2566,578,46,686,29,1227,453,0,,,,,,,,,,2994,1008,344,238,0,249,676,479,,,,,
ACSSF,2012e1,dc,000,0004,0000012,118671,36864,73234,228,2109,0,3841,2395,570,1825,,,,,,,,,,,,,,,,,,,,,,,,,,,,,,,,,,,,,,,,,,,,,,,,,,,,,,,,,,,,,,,,,,,,,,,,38232,74895,783,2904,,4411,,,,,,,,,,,,,,,,,,,,,,,,,,,,,,,,,,,,,,,,,,,,,,,,,,,,,,,,,,,,,,,,,,,,,,,,,,,,,,,,,,,,,,,,,,,,,118671,116276,36864,73234,228,2109,0,3841,2395,570,1825,2212,559,0,606,372,675,183,0,,,,,,,,,,2109,161,635,526,116,194,0,477,,,,,
ACSSF,2012e1,dc,000,0004,0000013,137825,6060,127195,416,656,0,1642,1856,436,1420,,,,,,,,,,,,,,,,,,,,,,,,,,,,,,,,,,,,,,,,,,,,,,,,,,,,,,,,,,,,,,,,,,,,,,,,6906,129003,1156,738,,2078,,,,,,,,,,,,,,,,,,,,,,,,,,,,,,,,,,,,,,,,,,,,,,,,,,,,,,,,,,,,,,,,,,,,,,,,,,,,,,,,,,,,,,,,,,,,,137825,135969,6060,127195,416,656,0,1642,1856,436,1420,1538,480,24,0,398,636,318,0,,,,,,,,,,,,,,,,,,,,,,
ACSSF,2012e1,dc,000,0004,0000014,143775,84127,37849,364,9111,54,7903,4367,988,3379,,,,,,,,,,,,,,,,,,,,,,,,,,,,,,,,,,,,,,,,,,,,,,,,,,,,,,,,,,,,,,,,,,,,,,,,87397,39633,647,11673,224,8891,,,,,,,,,,,,,,,,,,,,,,,,,,,,,,,,,,,,,,,,,,,,,,,,,,,,,,,,,,,,,,,,,,,,,,,,,,,,,,,,,,,,,,,,,,,,,143775,139408,84127,37849,364,9111,54,7903,4367,988,3379,4122,1088,96,1526,62,1350,167,78,,,,,,,,,,9111,2655,1829,822,264,1434,396,1711,,,,,
ACSSF,2012e1,dc,000,0004,0000015,632323,250657,313224,2258,21858,54,28401,15871,2654,13217,,,,,,,,,,,,,,,,,,,,,,,,,,,,,,,,,,,,,,,,,,,,,,,,,,,,,,,,,,,,,,,,,,,,,,,,262172,321511,4882,29132,1049,31055,,,,,,,,,,,,,,,,,,,,,,,,,,,,,,,,,,,,,,,,,,,,,,,,,,,,,,,,,,,,,,,,,,,,,,,,,,,,,,,,,,,,,,,,,,,,,632323,616452,250657,313224,2258,21858,54,28401,15871,2654,13217,14342,3841,557,4834,861,4249,1451,78,,,,,,,,,,21858,6108,4467,3062,727,2428,1571,3495,,,,,
