ACSSF,2012e1,dc,000,0058,0000001,533647,304344,146396,103048,89651,13397,43348,157948,114526,101287,13239,43422,144080,72457,56150,53913,2237,16307,71623,50197,46639,3558,21426,11255,5209,3509,3123,386,1700,6046,3460,3078,382,2586,24451,4477,1032,953,79,3445,19974,4138,3286,852,15836,49517,20912,14108,12290,1818,6804,28605,17902,16132,1770,10703,30.2,29.8,,,,,,,,,,,,,,,,,,,539055,251998,148943,103055,5782,97273,287057,160809,126248,5175,121073,539055,251998,148943,103055,178,102877,287057,160809,126248,1097,125151,539055,251998,148943,103055,2002,101053,287057,160809,126248,1955,124293,12.3,12.3,12.3,7.5,18.7,12.3,11.8,10.6,21.5,539055,251998,148943,103055,83498,16760,2797,287057,160809,126248,106218,17631,2399
ACSSF,2012e1,dc,000,0058,0000002,533647,304344,146396,103048,89651,13397,43348,157948,114526,101287,13239,43422,144080,72457,56150,53913,2237,16307,71623,50197,46639,3558,21426,11255,5209,3509,3123,386,1700,6046,3460,3078,382,2586,24451,4477,1032,953,79,3445,19974,4138,3286,852,15836,49517,20912,14108,12290,1818,6804,28605,17902,16132,1770,10703,,,,,,,,,,,,,,,,,,,,,,,,,,,,,,,,,,,,,,,,,,,,,,,,,,,,,,,,,,,,,,,,,,,,,,,,,,,
ACSSF,2012e1,dc,000,0058,0000003,533647,304344,146396,103048,89651,13397,43348,157948,114526,101287,13239,43422,144080,72457,56150,53913,2237,16307,71623,50197,46639,3558,21426,11255,5209,3509,3123,386,1700,6046,3460,3078,382,2586,24451,4477,1032,953,79,3445,19974,4138,3286,852,15836,49517,20912,14108,12290,1818,6804,28605,17902,16132,1770,10703,,,,,,,,,,,,,,,,,,,,,,,,,,,,,,,,,,,,,,,,,,,,,,,,,,,,,,,,,,,,,,,,,,,,,,,,,,,
ACSSF,2012e1,dc,000,0058,0000004,533647,304344,146396,103048,89651,13397,43348,157948,114526,101287,13239,43422,144080,72457,56150,53913,2237,16307,71623,50197,46639,3558,21426,11255,5209,3509,3123,386,1700,6046,3460,3078,382,2586,24451,4477,1032,953,79,3445,19974,4138,3286,852,15836,49517,20912,14108,12290,1818,6804,28605,17902,16132,1770,10703,,,,,,,,,,,,,,,,,,,,,,,,,,,,,,,,,,,,,,,,,,,,,,,,,,,,,,,,,,,,,,,,,,,,,,,,,,,
ACSSF,2012e1,dc,000,0058,0000005,533647,304344,146396,103048,89651,13397,43348,157948,114526,101287,13239,43422,144080,72457,56150,53913,2237,16307,71623,50197,46639,3558,21426,11255,5209,3509,3123,386,1700,6046,3460,3078,382,2586,24451,4477,1032,953,79,3445,19974,4138,3286,852,15836,49517,20912,14108,12290,1818,6804,28605,17902,16132,1770,10703,,,,,,,,,,,,,,,,,,,,,,,,,,,,,,,,,,,,,,,,,,,,,,,,,,,,,,,,,,,,,,,,,,,,,,,,,,,
ACSSF,2012e1,dc,000,0058,0000006,533647,304344,146396,103048,89651,13397,43348,157948,114526,101287,13239,43422,144080,72457,56150,53913,2237,16307,71623,50197,46639,3558,21426,11255,5209,3509,3123,386,1700,6046,3460,3078,382,2586,24451,4477,1032,953,79,3445,19974,4138,3286,852,15836,49517,20912,14108,12290,1818,6804,28605,17902,16132,1770,10703,,,,,,,,,,,,,,,,,,,,,,,,,,,,,,,,,,,,,,,,,,,,,,,,,,,,,,,,,,,,,,,,,,,,,,,,,,,
ACSSF,2012e1,dc,000,0058,0000007,533647,304344,146396,103048,89651,13397,43348,157948,114526,101287,13239,43422,144080,72457,56150,53913,2237,16307,71623,50197,46639,3558,21426,11255,5209,3509,3123,386,1700,6046,3460,3078,382,2586,24451,4477,1032,953,79,3445,19974,4138,3286,852,15836,49517,20912,14108,12290,1818,6804,28605,17902,16132,1770,10703,,,,,,,,,,,,,,,,,,,,,,,,,,,,,,,,,,,,,,,,,,,,,,,,,,,,,,,,,,,,,,,,,,,,,,,,,,,
ACSSF,2012e1,dc,000,0058,0000008,533647,304344,146396,103048,89651,13397,43348,157948,114526,101287,13239,43422,144080,72457,56150,53913,2237,16307,71623,50197,46639,3558,21426,11255,5209,3509,3123,386,1700,6046,3460,3078,382,2586,24451,4477,1032,953,79,3445,19974,4138,3286,852,15836,49517,20912,14108,12290,1818,6804,28605,17902,16132,1770,10703,,,,,,,,,,,,,,,,,,,,,,,,,,,,,,,,,,,,,,,,,,,,,,,,,,,,,,,,,,,,,,,,,,,,,,,,,,,
ACSSF,2012e1,dc,000,0058,0000009,533647,304344,146396,103048,89651,13397,43348,157948,114526,101287,13239,43422,144080,72457,56150,53913,2237,16307,71623,50197,46639,3558,21426,11255,5209,3509,3123,386,1700,6046,3460,3078,382,2586,24451,4477,1032,953,79,3445,19974,4138,3286,852,15836,49517,20912,14108,12290,1818,6804,28605,17902,16132,1770,10703,,,,,,,,,,,,,,,,,,,,,,,,,,,,,,,,,,,,,,,,,,,,,,,,,,,,,,,,,,,,,,,,,,,,,,,,,,,
ACSSF,2012e1,dc,000,0058,0000010,93408,45281,19506,11666,10999,667,7840,25775,18281,17317,964,7494,37665,19245,14820,14517,303,4425,18420,13016,12665,351,5404,558,235,213,213,0,22,323,234,191,43,89,2643,239,0,0,0,239,2404,293,293,0,2111,7261,2337,1896,1896,0,441,4924,3560,3431,129,1364,,,,,,,,,,,,,,,,,,,,,,,,,,,,,,,,,,,,,,,,,,,,,,,,,,,,,,,,,,,,,,,,,,,,,,,,,,,
ACSSF,2012e1,dc,000,0058,0000011,103067,53401,25279,18810,16695,2115,6469,28122,21314,19819,1495,6808,29873,14881,11965,11500,465,2916,14992,10655,9595,1060,4337,2618,1202,1129,949,180,73,1416,946,774,172,470,5710,844,211,211,0,633,4866,1119,1025,94,3747,11465,4600,3245,2971,274,1355,6865,4821,4321,500,2044,,,,,,,,,,,,,,,,,,,,,,,,,,,,,,,,,,,,,,,,,,,,,,,,,,,,,,,,,,,,,,,,,,,,,,,,,,,
ACSSF,2012e1,dc,000,0058,0000012,98079,52107,25625,17416,13589,3827,8209,26482,20616,18006,2610,5866,27479,13956,10033,9511,522,3923,13523,9303,8241,1062,4220,2838,1617,1012,964,48,605,1221,552,552,0,669,5901,1437,243,164,79,1194,4464,618,567,51,3846,9754,4198,2839,2140,699,1359,5556,3067,2653,414,2489,,,,,,,,,,,,,,,,,,,,,,,,,,,,,,,,,,,,,,,,,,,,,,,,,,,,,,,,,,,,,,,,,,,,,,,,,,,
ACSSF,2012e1,dc,000,0058,0000013,105367,63296,29231,16740,12059,4681,12491,34065,19975,14531,5444,14090,19508,9011,6449,6118,331,2562,10497,6562,5787,775,3935,3887,1516,704,546,158,812,2371,1301,1134,167,1070,6695,1413,225,225,0,1188,5282,1198,829,369,4084,11981,5042,2825,2303,522,2217,6939,3844,3157,687,3095,,,,,,,,,,,,,,,,,,,,,,,,,,,,,,,,,,,,,,,,,,,,,,,,,,,,,,,,,,,,,,,,,,,,,,,,,,,
ACSSF,2012e1,dc,000,0058,0000014,133726,90259,46755,38416,36309,2107,8339,43504,34340,31614,2726,9164,29555,15364,12883,12267,616,2481,14191,10661,10351,310,3530,1354,639,451,451,0,188,715,427,427,0,288,3502,544,353,353,0,191,2958,910,572,338,2048,9056,4735,3303,2980,323,1432,4321,2610,2570,40,1711,,,,,,,,,,,,,,,,,,,,,,,,,,,,,,,,,,,,,,,,,,,,,,,,,,,,,,,,,,,,,,,,,,,,,,,,,,,
ACSSF,2012e1,dc,000,0058,0000015,533647,304344,146396,103048,89651,13397,43348,157948,114526,101287,13239,43422,144080,72457,56150,53913,2237,16307,71623,50197,46639,3558,21426,11255,5209,3509,3123,386,1700,6046,3460,3078,382,2586,24451,4477,1032,953,79,3445,19974,4138,3286,852,15836,49517,20912,14108,12290,1818,6804,28605,17902,16132,1770,10703,,,,,,,,,,,,,,,,,,,,,,,,,,,,,,,,,,,,,,,,,,,,,,,,,,,,,,,,,,,,,,,,,,,,,,,,,,,
