ACSSF,2012e1,dc,000,0110,0000001,254017,111768,8889,2157,126,2031,813,1218,6732,12129,6924,109,6815,4266,2549,5205,56090,43919,138,43781,35127,8654,12171,18214,9776,0,9776,8618,1158,8438,4905,1945,1778,167,2960,11541,1474,1378,96,10067,142249,10018,2428,0,2428,1740,688,7590,14087,8551,0,8551,5044,3507,5536,67618,51876,0,51876,42785,9091,15742,22943,13666,0,13666,12379,1287,9277,7176,2332,2199,133,4844,20407,1611,1524,87,18796,,,,,,,,,,,,,,,,,,,,,,,,,,,,,,,,,,,,,,,,,,,,,,,,,,,,,,,,,,,,,,,,,,,,,,,,,,,,,,,,,,,,,,,,,,,,,,,,,,,,,,,,,,,,,,,,,,,,,,,,,,,,,,,,,,,,,,,,,,,,,,,,,,,,,,,,,,,,,,
ACSSF,2012e1,dc,000,0110,0000002,254017,111768,8889,2157,126,2031,813,1218,6732,12129,6924,109,6815,4266,2549,5205,56090,43919,138,43781,35127,8654,12171,18214,9776,0,9776,8618,1158,8438,4905,1945,1778,167,2960,11541,1474,1378,96,10067,142249,10018,2428,0,2428,1740,688,7590,14087,8551,0,8551,5044,3507,5536,67618,51876,0,51876,42785,9091,15742,22943,13666,0,13666,12379,1287,9277,7176,2332,2199,133,4844,20407,1611,1524,87,18796,,,,,,,,,,,,,,,,,,,,,,,,,,,,,,,,,,,,,,,,,,,,,,,,,,,,,,,,,,,,,,,,,,,,,,,,,,,,,,,,,,,,,,,,,,,,,,,,,,,,,,,,,,,,,,,,,,,,,,,,,,,,,,,,,,,,,,,,,,,,,,,,,,,,,,,,,,,,,,
ACSSF,2012e1,dc,000,0110,0000003,254017,111768,8889,2157,126,2031,813,1218,6732,12129,6924,109,6815,4266,2549,5205,56090,43919,138,43781,35127,8654,12171,18214,9776,0,9776,8618,1158,8438,4905,1945,1778,167,2960,11541,1474,1378,96,10067,142249,10018,2428,0,2428,1740,688,7590,14087,8551,0,8551,5044,3507,5536,67618,51876,0,51876,42785,9091,15742,22943,13666,0,13666,12379,1287,9277,7176,2332,2199,133,4844,20407,1611,1524,87,18796,,,,,,,,,,,,,,,,,,,,,,,,,,,,,,,,,,,,,,,,,,,,,,,,,,,,,,,,,,,,,,,,,,,,,,,,,,,,,,,,,,,,,,,,,,,,,,,,,,,,,,,,,,,,,,,,,,,,,,,,,,,,,,,,,,,,,,,,,,,,,,,,,,,,,,,,,,,,,,
ACSSF,2012e1,dc,000,0110,0000004,254017,111768,8889,2157,126,2031,813,1218,6732,12129,6924,109,6815,4266,2549,5205,56090,43919,138,43781,35127,8654,12171,18214,9776,0,9776,8618,1158,8438,4905,1945,1778,167,2960,11541,1474,1378,96,10067,142249,10018,2428,0,2428,1740,688,7590,14087,8551,0,8551,5044,3507,5536,67618,51876,0,51876,42785,9091,15742,22943,13666,0,13666,12379,1287,9277,7176,2332,2199,133,4844,20407,1611,1524,87,18796,,,,,,,,,,,,,,,,,,,,,,,,,,,,,,,,,,,,,,,,,,,,,,,,,,,,,,,,,,,,,,,,,,,,,,,,,,,,,,,,,,,,,,,,,,,,,,,,,,,,,,,,,,,,,,,,,,,,,,,,,,,,,,,,,,,,,,,,,,,,,,,,,,,,,,,,,,,,,,
ACSSF,2012e1,dc,000,0110,0000005,254017,111768,8889,2157,126,2031,813,1218,6732,12129,6924,109,6815,4266,2549,5205,56090,43919,138,43781,35127,8654,12171,18214,9776,0,9776,8618,1158,8438,4905,1945,1778,167,2960,11541,1474,1378,96,10067,142249,10018,2428,0,2428,1740,688,7590,14087,8551,0,8551,5044,3507,5536,67618,51876,0,51876,42785,9091,15742,22943,13666,0,13666,12379,1287,9277,7176,2332,2199,133,4844,20407,1611,1524,87,18796,,,,,,,,,,,,,,,,,,,,,,,,,,,,,,,,,,,,,,,,,,,,,,,,,,,,,,,,,,,,,,,,,,,,,,,,,,,,,,,,,,,,,,,,,,,,,,,,,,,,,,,,,,,,,,,,,,,,,,,,,,,,,,,,,,,,,,,,,,,,,,,,,,,,,,,,,,,,,,
ACSSF,2012e1,dc,000,0110,0000006,254017,111768,8889,2157,126,2031,813,1218,6732,12129,6924,109,6815,4266,2549,5205,56090,43919,138,43781,35127,8654,12171,18214,9776,0,9776,8618,1158,8438,4905,1945,1778,167,2960,11541,1474,1378,96,10067,142249,10018,2428,0,2428,1740,688,7590,14087,8551,0,8551,5044,3507,5536,67618,51876,0,51876,42785,9091,15742,22943,13666,0,13666,12379,1287,9277,7176,2332,2199,133,4844,20407,1611,1524,87,18796,,,,,,,,,,,,,,,,,,,,,,,,,,,,,,,,,,,,,,,,,,,,,,,,,,,,,,,,,,,,,,,,,,,,,,,,,,,,,,,,,,,,,,,,,,,,,,,,,,,,,,,,,,,,,,,,,,,,,,,,,,,,,,,,,,,,,,,,,,,,,,,,,,,,,,,,,,,,,,
ACSSF,2012e1,dc,000,0110,0000007,254017,111768,8889,2157,126,2031,813,1218,6732,12129,6924,109,6815,4266,2549,5205,56090,43919,138,43781,35127,8654,12171,18214,9776,0,9776,8618,1158,8438,4905,1945,1778,167,2960,11541,1474,1378,96,10067,142249,10018,2428,0,2428,1740,688,7590,14087,8551,0,8551,5044,3507,5536,67618,51876,0,51876,42785,9091,15742,22943,13666,0,13666,12379,1287,9277,7176,2332,2199,133,4844,20407,1611,1524,87,18796,,,,,,,,,,,,,,,,,,,,,,,,,,,,,,,,,,,,,,,,,,,,,,,,,,,,,,,,,,,,,,,,,,,,,,,,,,,,,,,,,,,,,,,,,,,,,,,,,,,,,,,,,,,,,,,,,,,,,,,,,,,,,,,,,,,,,,,,,,,,,,,,,,,,,,,,,,,,,,
ACSSF,2012e1,dc,000,0110,0000008,254017,111768,8889,2157,126,2031,813,1218,6732,12129,6924,109,6815,4266,2549,5205,56090,43919,138,43781,35127,8654,12171,18214,9776,0,9776,8618,1158,8438,4905,1945,1778,167,2960,11541,1474,1378,96,10067,142249,10018,2428,0,2428,1740,688,7590,14087,8551,0,8551,5044,3507,5536,67618,51876,0,51876,42785,9091,15742,22943,13666,0,13666,12379,1287,9277,7176,2332,2199,133,4844,20407,1611,1524,87,18796,,,,,,,,,,,,,,,,,,,,,,,,,,,,,,,,,,,,,,,,,,,,,,,,,,,,,,,,,,,,,,,,,,,,,,,,,,,,,,,,,,,,,,,,,,,,,,,,,,,,,,,,,,,,,,,,,,,,,,,,,,,,,,,,,,,,,,,,,,,,,,,,,,,,,,,,,,,,,,
ACSSF,2012e1,dc,000,0110,0000009,254017,111768,8889,2157,126,2031,813,1218,6732,12129,6924,109,6815,4266,2549,5205,56090,43919,138,43781,35127,8654,12171,18214,9776,0,9776,8618,1158,8438,4905,1945,1778,167,2960,11541,1474,1378,96,10067,142249,10018,2428,0,2428,1740,688,7590,14087,8551,0,8551,5044,3507,5536,67618,51876,0,51876,42785,9091,15742,22943,13666,0,13666,12379,1287,9277,7176,2332,2199,133,4844,20407,1611,1524,87,18796,,,,,,,,,,,,,,,,,,,,,,,,,,,,,,,,,,,,,,,,,,,,,,,,,,,,,,,,,,,,,,,,,,,,,,,,,,,,,,,,,,,,,,,,,,,,,,,,,,,,,,,,,,,,,,,,,,,,,,,,,,,,,,,,,,,,,,,,,,,,,,,,,,,,,,,,,,,,,,
ACSSF,2012e1,dc,000,0110,0000010,,,,,,,,,,,,,,,,,,,,,,,,,,,,,,,,,,,,,,,,,,,,,,,,,,,,,,,,,,,,,,,,,,,,,,,,,,,,,,,,,,,,,,,,,,,,,,,,,,,,,,,,,,,,,,,,,,,,,,,,,,,,,,,,,,,,,,,,,,,,,,,,,,,,,,,,,,,,,,,,,,,,,,,,,,,,,,,,,,,,,,,,,,,,,,,,,,,,,,,,,,,,,,,,,,,,,,,,,,,,,,,,,,,,,,,,,,,,,
ACSSF,2012e1,dc,000,0110,0000011,56025,22805,1712,357,0,357,0,357,1355,2020,1078,0,1078,800,278,942,10828,9896,0,9896,8899,997,932,3879,2732,0,2732,2278,454,1147,1427,486,449,37,941,2939,259,259,0,2680,33220,1652,361,0,361,285,76,1291,2001,1493,0,1493,1107,386,508,15923,12712,0,12712,11760,952,3211,5406,3536,0,3536,3068,468,1870,2352,1138,1138,0,1214,5886,603,603,0,5283,,,,,,,,,,,,,,,,,,,,,,,,,,,,,,,,,,,,,,,,,,,,,,,,,,,,,,,,,,,,,,,,,,,,,,,,,,,,,,,,,,,,,,,,,,,,,,,,,,,,,,,,,,,,,,,,,,,,,,,,,,,,,,,,,,,,,,,,,,,,,,,,,,,,,,,,,,,,,,
ACSSF,2012e1,dc,000,0110,0000012,59593,27841,1456,513,0,513,341,172,943,2599,1550,0,1550,851,699,1049,14153,9534,0,9534,7016,2518,4619,5400,2525,0,2525,2155,370,2875,970,350,263,87,620,3263,370,274,96,2893,31752,1470,561,0,561,297,264,909,1847,1110,0,1110,613,497,737,15019,11988,0,11988,9291,2697,3031,5489,2920,0,2920,2712,208,2569,2530,461,373,88,2069,5397,428,402,26,4969,,,,,,,,,,,,,,,,,,,,,,,,,,,,,,,,,,,,,,,,,,,,,,,,,,,,,,,,,,,,,,,,,,,,,,,,,,,,,,,,,,,,,,,,,,,,,,,,,,,,,,,,,,,,,,,,,,,,,,,,,,,,,,,,,,,,,,,,,,,,,,,,,,,,,,,,,,,,,,
ACSSF,2012e1,dc,000,0110,0000013,97379,41924,4815,1206,126,1080,391,689,3609,4495,2872,109,2763,1485,1278,1623,21204,15728,111,15617,12258,3359,5476,6264,3050,0,3050,2781,269,3214,1558,548,505,43,1010,3588,517,517,0,3071,55455,4426,483,0,483,356,127,3943,6378,3789,0,3789,1899,1890,2589,27705,20117,0,20117,15505,4612,7588,9301,5604,0,5604,5073,531,3697,1639,410,410,0,1229,6006,370,309,61,5636,,,,,,,,,,,,,,,,,,,,,,,,,,,,,,,,,,,,,,,,,,,,,,,,,,,,,,,,,,,,,,,,,,,,,,,,,,,,,,,,,,,,,,,,,,,,,,,,,,,,,,,,,,,,,,,,,,,,,,,,,,,,,,,,,,,,,,,,,,,,,,,,,,,,,,,,,,,,,,
ACSSF,2012e1,dc,000,0110,0000014,33415,15636,693,43,0,43,43,0,650,2493,1257,0,1257,963,294,1236,8024,7019,27,6992,5212,1780,1005,2131,1031,0,1031,966,65,1100,913,561,561,0,352,1382,252,252,0,1130,17779,2089,926,0,926,705,221,1163,3272,1919,0,1919,1385,534,1353,7196,5830,0,5830,5000,830,1366,2447,1306,0,1306,1226,80,1141,564,282,237,45,282,2211,122,122,0,2089,,,,,,,,,,,,,,,,,,,,,,,,,,,,,,,,,,,,,,,,,,,,,,,,,,,,,,,,,,,,,,,,,,,,,,,,,,,,,,,,,,,,,,,,,,,,,,,,,,,,,,,,,,,,,,,,,,,,,,,,,,,,,,,,,,,,,,,,,,,,,,,,,,,,,,,,,,,,,,
ACSSF,2012e1,dc,000,0110,0000015,254017,111768,8889,2157,126,2031,813,1218,6732,12129,6924,109,6815,4266,2549,5205,56090,43919,138,43781,35127,8654,12171,18214,9776,0,9776,8618,1158,8438,4905,1945,1778,167,2960,11541,1474,1378,96,10067,142249,10018,2428,0,2428,1740,688,7590,14087,8551,0,8551,5044,3507,5536,67618,51876,0,51876,42785,9091,15742,22943,13666,0,13666,12379,1287,9277,7176,2332,2199,133,4844,20407,1611,1524,87,18796,,,,,,,,,,,,,,,,,,,,,,,,,,,,,,,,,,,,,,,,,,,,,,,,,,,,,,,,,,,,,,,,,,,,,,,,,,,,,,,,,,,,,,,,,,,,,,,,,,,,,,,,,,,,,,,,,,,,,,,,,,,,,,,,,,,,,,,,,,,,,,,,,,,,,,,,,,,,,,
