ACSSF,2012e1,dc,000,0062,0000001,59109,19001,1752,1323,446,760,868,800,690,245,493,269,1232,783,1341,1799,3775,2425,40108,241860,55307,5832,9145,4058,36272,186553,301866,83232,11730,26799,19060,25643,218634,2240,868,0,191,0,677,1372,21141,6455,416,836,189,5014,14686,,,,,,,,27160,8570,1527,1882,2870,2291,18590,14161,5305,1257,1183,647,2218,8856,215913,47192,4498,7421,2168,33105,168721,59109,19001,3075,4571,5155,6200,40108
ACSSF,2012e1,dc,000,0062,0000002,59109,19001,1752,1323,446,760,868,800,690,245,493,269,1232,783,1341,1799,3775,2425,40108,241860,55307,5832,9145,4058,36272,186553,301866,83232,11730,26799,19060,25643,218634,2240,868,0,191,0,677,1372,21141,6455,416,836,189,5014,14686,,,,,,,,27160,8570,1527,1882,2870,2291,18590,14161,5305,1257,1183,647,2218,8856,215913,47192,4498,7421,2168,33105,168721,59109,19001,3075,4571,5155,6200,40108
ACSSF,2012e1,dc,000,0062,0000003,59109,19001,1752,1323,446,760,868,800,690,245,493,269,1232,783,1341,1799,3775,2425,40108,241860,55307,5832,9145,4058,36272,186553,301866,83232,11730,26799,19060,25643,218634,2240,868,0,191,0,677,1372,21141,6455,416,836,189,5014,14686,,,,,,,,27160,8570,1527,1882,2870,2291,18590,14161,5305,1257,1183,647,2218,8856,215913,47192,4498,7421,2168,33105,168721,59109,19001,3075,4571,5155,6200,40108
ACSSF,2012e1,dc,000,0062,0000004,59109,19001,1752,1323,446,760,868,800,690,245,493,269,1232,783,1341,1799,3775,2425,40108,241860,55307,5832,9145,4058,36272,186553,301866,83232,11730,26799,19060,25643,218634,2240,868,0,191,0,677,1372,21141,6455,416,836,189,5014,14686,,,,,,,,27160,8570,1527,1882,2870,2291,18590,14161,5305,1257,1183,647,2218,8856,215913,47192,4498,7421,2168,33105,168721,59109,19001,3075,4571,5155,6200,40108
ACSSF,2012e1,dc,000,0062,0000005,59109,19001,1752,1323,446,760,868,800,690,245,493,269,1232,783,1341,1799,3775,2425,40108,241860,55307,5832,9145,4058,36272,186553,301866,83232,11730,26799,19060,25643,218634,2240,868,0,191,0,677,1372,21141,6455,416,836,189,5014,14686,,,,,,,,27160,8570,1527,1882,2870,2291,18590,14161,5305,1257,1183,647,2218,8856,215913,47192,4498,7421,2168,33105,168721,59109,19001,3075,4571,5155,6200,40108
ACSSF,2012e1,dc,000,0062,0000006,59109,19001,1752,1323,446,760,868,800,690,245,493,269,1232,783,1341,1799,3775,2425,40108,241860,55307,5832,9145,4058,36272,186553,301866,83232,11730,26799,19060,25643,218634,2240,868,0,191,0,677,1372,21141,6455,416,836,189,5014,14686,,,,,,,,27160,8570,1527,1882,2870,2291,18590,14161,5305,1257,1183,647,2218,8856,215913,47192,4498,7421,2168,33105,168721,59109,19001,3075,4571,5155,6200,40108
ACSSF,2012e1,dc,000,0062,0000007,59109,19001,1752,1323,446,760,868,800,690,245,493,269,1232,783,1341,1799,3775,2425,40108,241860,55307,5832,9145,4058,36272,186553,301866,83232,11730,26799,19060,25643,218634,2240,868,0,191,0,677,1372,21141,6455,416,836,189,5014,14686,,,,,,,,27160,8570,1527,1882,2870,2291,18590,14161,5305,1257,1183,647,2218,8856,215913,47192,4498,7421,2168,33105,168721,59109,19001,3075,4571,5155,6200,40108
ACSSF,2012e1,dc,000,0062,0000008,59109,19001,1752,1323,446,760,868,800,690,245,493,269,1232,783,1341,1799,3775,2425,40108,241860,55307,5832,9145,4058,36272,186553,301866,83232,11730,26799,19060,25643,218634,2240,868,0,191,0,677,1372,21141,6455,416,836,189,5014,14686,,,,,,,,27160,8570,1527,1882,2870,2291,18590,14161,5305,1257,1183,647,2218,8856,215913,47192,4498,7421,2168,33105,168721,59109,19001,3075,4571,5155,6200,40108
ACSSF,2012e1,dc,000,0062,0000009,59109,19001,1752,1323,446,760,868,800,690,245,493,269,1232,783,1341,1799,3775,2425,40108,241860,55307,5832,9145,4058,36272,186553,301866,83232,11730,26799,19060,25643,218634,2240,868,0,191,0,677,1372,21141,6455,416,836,189,5014,14686,,,,,,,,27160,8570,1527,1882,2870,2291,18590,14161,5305,1257,1183,647,2218,8856,215913,47192,4498,7421,2168,33105,168721,59109,19001,3075,4571,5155,6200,40108
ACSSF,2012e1,dc,000,0062,0000010,,,,,,,,,,,,,,,,,,,,85050,24717,2631,5251,2175,14660,60333,,,,,,,,,,,,,,,6803,2876,204,211,22,2439,3927,,,,,,,,,,,,,,,3400,1990,637,276,285,792,1410,79576,22448,2631,4961,1620,13236,57128,6667,2938,0,399,555,1984,3729
ACSSF,2012e1,dc,000,0062,0000011,27150,8234,701,898,101,428,413,374,524,34,130,101,535,609,798,1110,1063,415,18916,33816,8052,1404,1520,1109,4019,25764,64782,16269,2537,4628,3759,5345,48513,,,,,,,,,,,,,,,,,,,,,,13605,3945,795,967,1654,529,9660,2755,833,99,279,210,245,1922,22949,4897,596,557,172,3572,18052,27150,8234,1599,2105,3052,1478,18916
ACSSF,2012e1,dc,000,0062,0000012,,,,,,,,,,,,,,,,,,,,35062,5195,999,925,170,3101,29867,71072,17202,2930,6419,3856,3997,53870,,,,,,,,2010,503,0,261,0,242,1507,,,,,,,,3468,1387,260,502,438,187,2081,2086,905,392,263,45,205,1181,33378,4929,793,925,170,3041,28449,6303,2306,753,857,372,324,3997
ACSSF,2012e1,dc,000,0062,0000013,,,,,,,,,,,,,,,,,,,,5282,1259,87,481,167,524,4023,120565,34750,5617,13034,9666,6433,85815,,,,,,,,,,,,,,,,,,,,,,,,,,,,,,,,,,,,5004,1228,87,481,167,493,3776,2256,510,0,242,161,107,1746
ACSSF,2012e1,dc,000,0062,0000014,,,,,,,,,,,,,,,,,,,,82650,16084,711,968,437,13968,66566,37093,12500,555,2060,1779,8106,24593,,,,,,,,9009,2448,122,282,167,1877,6561,,,,,,,,7903,2450,377,333,617,1123,5453,,,,,,,,75006,13690,391,497,39,12763,61316,16733,5013,723,968,1015,2307,11720
ACSSF,2012e1,dc,000,0062,0000015,59109,19001,1752,1323,446,760,868,800,690,245,493,269,1232,783,1341,1799,3775,2425,40108,241860,55307,5832,9145,4058,36272,186553,301866,83232,11730,26799,19060,25643,218634,2240,868,0,191,0,677,1372,21141,6455,416,836,189,5014,14686,,,,,,,,27160,8570,1527,1882,2870,2291,18590,14161,5305,1257,1183,647,2218,8856,215913,47192,4498,7421,2168,33105,168721,59109,19001,3075,4571,5155,6200,40108
