ACSSF,2012e1,dc,000,0175,0000001,632323,753,631570,632323,12414,619909,632323,15476,616847,632323,18818,613505,632323,542000,24689,517311,90323,14577,75746,100510,10187,1956,8231,90323,20601,69722,,,,,,,,36348,11081,25267,632323,78588,553735,624847,46553,578294,624847,124580,21513,3416,18097,103067,500267,326143,33519,292624,326143,35906,2685,33221,290237,326143,129484,12998,116486,196659,326143,311014,47072,263942,15129,326143,311014,42466,268548,15129,314187,4024,310163
ACSSF,2012e1,dc,000,0175,0000002,632323,753,631570,632323,12414,619909,632323,15476,616847,632323,18818,613505,632323,542000,24689,517311,90323,14577,75746,100510,10187,1956,8231,90323,20601,69722,,,,,,,,36348,11081,25267,632323,78588,553735,624847,46553,578294,624847,124580,21513,3416,18097,103067,500267,326143,33519,292624,326143,35906,2685,33221,290237,326143,129484,12998,116486,196659,326143,311014,47072,263942,15129,326143,311014,42466,268548,15129,314187,4024,310163
ACSSF,2012e1,dc,000,0175,0000003,632323,753,631570,632323,12414,619909,632323,15476,616847,632323,18818,613505,632323,542000,24689,517311,90323,14577,75746,100510,10187,1956,8231,90323,20601,69722,,,,,,,,36348,11081,25267,632323,78588,553735,624847,46553,578294,624847,124580,21513,3416,18097,103067,500267,326143,33519,292624,326143,35906,2685,33221,290237,326143,129484,12998,116486,196659,326143,311014,47072,263942,15129,326143,311014,42466,268548,15129,314187,4024,310163
ACSSF,2012e1,dc,000,0175,0000004,632323,753,631570,632323,12414,619909,632323,15476,616847,632323,18818,613505,632323,542000,24689,517311,90323,14577,75746,100510,10187,1956,8231,90323,20601,69722,,,,,,,,36348,11081,25267,632323,78588,553735,624847,46553,578294,624847,124580,21513,3416,18097,103067,500267,326143,33519,292624,326143,35906,2685,33221,290237,326143,129484,12998,116486,196659,326143,311014,47072,263942,15129,326143,311014,42466,268548,15129,314187,4024,310163
ACSSF,2012e1,dc,000,0175,0000005,632323,753,631570,632323,12414,619909,632323,15476,616847,632323,18818,613505,632323,542000,24689,517311,90323,14577,75746,100510,10187,1956,8231,90323,20601,69722,,,,,,,,36348,11081,25267,632323,78588,553735,624847,46553,578294,624847,124580,21513,3416,18097,103067,500267,326143,33519,292624,326143,35906,2685,33221,290237,326143,129484,12998,116486,196659,326143,311014,47072,263942,15129,326143,311014,42466,268548,15129,314187,4024,310163
ACSSF,2012e1,dc,000,0175,0000006,632323,753,631570,632323,12414,619909,632323,15476,616847,632323,18818,613505,632323,542000,24689,517311,90323,14577,75746,100510,10187,1956,8231,90323,20601,69722,,,,,,,,36348,11081,25267,632323,78588,553735,624847,46553,578294,624847,124580,21513,3416,18097,103067,500267,326143,33519,292624,326143,35906,2685,33221,290237,326143,129484,12998,116486,196659,326143,311014,47072,263942,15129,326143,311014,42466,268548,15129,314187,4024,310163
ACSSF,2012e1,dc,000,0175,0000007,632323,753,631570,632323,12414,619909,632323,15476,616847,632323,18818,613505,632323,542000,24689,517311,90323,14577,75746,100510,10187,1956,8231,90323,20601,69722,,,,,,,,36348,11081,25267,632323,78588,553735,624847,46553,578294,624847,124580,21513,3416,18097,103067,500267,326143,33519,292624,326143,35906,2685,33221,290237,326143,129484,12998,116486,196659,326143,311014,47072,263942,15129,326143,311014,42466,268548,15129,314187,4024,310163
ACSSF,2012e1,dc,000,0175,0000008,632323,753,631570,632323,12414,619909,632323,15476,616847,632323,18818,613505,632323,542000,24689,517311,90323,14577,75746,100510,10187,1956,8231,90323,20601,69722,,,,,,,,36348,11081,25267,632323,78588,553735,624847,46553,578294,624847,124580,21513,3416,18097,103067,500267,326143,33519,292624,326143,35906,2685,33221,290237,326143,129484,12998,116486,196659,326143,311014,47072,263942,15129,326143,311014,42466,268548,15129,314187,4024,310163
ACSSF,2012e1,dc,000,0175,0000009,632323,753,631570,632323,12414,619909,632323,15476,616847,632323,18818,613505,632323,542000,24689,517311,90323,14577,75746,100510,10187,1956,8231,90323,20601,69722,,,,,,,,36348,11081,25267,632323,78588,553735,624847,46553,578294,624847,124580,21513,3416,18097,103067,500267,326143,33519,292624,326143,35906,2685,33221,290237,326143,129484,12998,116486,196659,326143,311014,47072,263942,15129,326143,311014,42466,268548,15129,314187,4024,310163
ACSSF,2012e1,dc,000,0175,0000010,108726,258,108468,108726,1902,106824,108726,2666,106060,108726,2206,106520,108726,91059,1849,89210,17667,1042,16625,20612,2945,361,2584,17667,1563,16104,,,,,,,,8532,1406,7126,108726,10964,97762,107387,4499,102888,107387,25238,1963,190,1773,23275,82149,60952,3788,57164,60952,3871,78,3793,57081,60952,27039,1498,25541,33913,60952,56117,5608,50509,4835,60952,56117,3870,52247,4835,57893,348,57545
ACSSF,2012e1,dc,000,0175,0000011,123326,103,123223,123326,4993,118333,123326,3095,120231,123326,3102,120224,123326,90281,5017,85264,33045,8403,24642,35513,2468,807,1661,33045,11816,21229,,,,,,,,13112,5996,7116,123326,15645,107681,121454,9582,111872,121454,19127,5592,1651,3941,13535,102327,66698,8183,58515,66698,9399,970,8429,57299,66698,28521,4007,24514,38177,66698,63644,11776,51868,3054,66698,63644,11116,52528,3054,65723,1247,64476
ACSSF,2012e1,dc,000,0175,0000012,118671,102,118569,118671,2614,116057,118671,1543,117128,118671,3786,114885,118671,109130,3993,105137,9541,1559,7982,11025,1484,170,1314,9541,2098,7443,,,,,,,,3202,480,2722,118671,12747,105924,117553,7675,109878,117553,21734,4276,926,3350,17458,95819,55340,4240,51100,55340,4727,491,4236,50613,55340,22822,1430,21392,32518,55340,52671,6122,46549,2669,55340,52671,5433,47238,2669,53159,666,52493
ACSSF,2012e1,dc,000,0175,0000013,137825,120,137705,137825,1355,136470,137825,1863,135962,137825,4593,133232,137825,132787,6967,125820,5038,215,4823,5662,624,206,418,5038,384,4654,,,,,,,,2038,297,1741,137825,13841,123984,135524,10186,125338,135524,22795,3017,501,2516,19778,112729,45910,4445,41465,45910,5736,718,5018,40174,45910,24848,2715,22133,21062,45910,44917,8882,36035,993,45910,44917,7962,36955,993,44772,702,44070
ACSSF,2012e1,dc,000,0175,0000014,143775,170,143605,143775,1550,142225,143775,6309,137466,143775,5131,138644,143775,118743,6863,111880,25032,3358,21674,27698,2666,412,2254,25032,4740,20292,,,,,,,,9464,2902,6562,143775,25391,118384,142929,14611,128318,142929,35686,6665,148,6517,29021,107243,97243,12863,84380,97243,12173,428,11745,85070,97243,26254,3348,22906,70989,97243,93665,14684,78981,3578,97243,93665,14085,79580,3578,92640,1061,91579
ACSSF,2012e1,dc,000,0175,0000015,632323,753,631570,632323,12414,619909,632323,15476,616847,632323,18818,613505,632323,542000,24689,517311,90323,14577,75746,100510,10187,1956,8231,90323,20601,69722,,,,,,,,36348,11081,25267,632323,78588,553735,624847,46553,578294,624847,124580,21513,3416,18097,103067,500267,326143,33519,292624,326143,35906,2685,33221,290237,326143,129484,12998,116486,196659,326143,311014,47072,263942,15129,326143,311014,42466,268548,15129,314187,4024,310163
