ACSSF,2012e1,dc,000,0011,0000001,124907,0,132,0,8245,1396,130,0,97,331,82,132,268,110,246,473,0,0,914,0,185,420,2053,124,0,341,0,0,165,32,976,176,1028,2324,2511,27712,38,1548,473,7722,1216,33678,0,553,170,1930,88,517,29644,73,16047,265,1188,0,0,0,0,334,3105,112,10445,434,306,9504,718,2969,7411,0,0,1051,180,64,3479,0,95,183,0,0,725,0,125,29,293,49,0,55,2039,258,3974,1634,209,1659,2237,1951,0,29,0,0,157,0,175,674,620,29,466,0,16,39209,124907,8245,1396,2053,976,1028,2324,27712,1548,7722,1216,33678,553,1930,29644,16047,1188,3105,10445,434,9504,2969,7411,1051,3479,3974,1634,1659,2237,1951,48245
ACSSF,2012e1,dc,000,0011,0000002,124907,0,132,0,8245,1396,130,0,97,331,82,132,268,110,246,473,0,0,914,0,185,420,2053,124,0,341,0,0,165,32,976,176,1028,2324,2511,27712,38,1548,473,7722,1216,33678,0,553,170,1930,88,517,29644,73,16047,265,1188,0,0,0,0,334,3105,112,10445,434,306,9504,718,2969,7411,0,0,1051,180,64,3479,0,95,183,0,0,725,0,125,29,293,49,0,55,2039,258,3974,1634,209,1659,2237,1951,0,29,0,0,157,0,175,674,620,29,466,0,16,39209,124907,8245,1396,2053,976,1028,2324,27712,1548,7722,1216,33678,553,1930,29644,16047,1188,3105,10445,434,9504,2969,7411,1051,3479,3974,1634,1659,2237,1951,48245
ACSSF,2012e1,dc,000,0011,0000003,124907,0,132,0,8245,1396,130,0,97,331,82,132,268,110,246,473,0,0,914,0,185,420,2053,124,0,341,0,0,165,32,976,176,1028,2324,2511,27712,38,1548,473,7722,1216,33678,0,553,170,1930,88,517,29644,73,16047,265,1188,0,0,0,0,334,3105,112,10445,434,306,9504,718,2969,7411,0,0,1051,180,64,3479,0,95,183,0,0,725,0,125,29,293,49,0,55,2039,258,3974,1634,209,1659,2237,1951,0,29,0,0,157,0,175,674,620,29,466,0,16,39209,124907,8245,1396,2053,976,1028,2324,27712,1548,7722,1216,33678,553,1930,29644,16047,1188,3105,10445,434,9504,2969,7411,1051,3479,3974,1634,1659,2237,1951,48245
ACSSF,2012e1,dc,000,0011,0000004,124907,0,132,0,8245,1396,130,0,97,331,82,132,268,110,246,473,0,0,914,0,185,420,2053,124,0,341,0,0,165,32,976,176,1028,2324,2511,27712,38,1548,473,7722,1216,33678,0,553,170,1930,88,517,29644,73,16047,265,1188,0,0,0,0,334,3105,112,10445,434,306,9504,718,2969,7411,0,0,1051,180,64,3479,0,95,183,0,0,725,0,125,29,293,49,0,55,2039,258,3974,1634,209,1659,2237,1951,0,29,0,0,157,0,175,674,620,29,466,0,16,39209,124907,8245,1396,2053,976,1028,2324,27712,1548,7722,1216,33678,553,1930,29644,16047,1188,3105,10445,434,9504,2969,7411,1051,3479,3974,1634,1659,2237,1951,48245
ACSSF,2012e1,dc,000,0011,0000005,124907,0,132,0,8245,1396,130,0,97,331,82,132,268,110,246,473,0,0,914,0,185,420,2053,124,0,341,0,0,165,32,976,176,1028,2324,2511,27712,38,1548,473,7722,1216,33678,0,553,170,1930,88,517,29644,73,16047,265,1188,0,0,0,0,334,3105,112,10445,434,306,9504,718,2969,7411,0,0,1051,180,64,3479,0,95,183,0,0,725,0,125,29,293,49,0,55,2039,258,3974,1634,209,1659,2237,1951,0,29,0,0,157,0,175,674,620,29,466,0,16,39209,124907,8245,1396,2053,976,1028,2324,27712,1548,7722,1216,33678,553,1930,29644,16047,1188,3105,10445,434,9504,2969,7411,1051,3479,3974,1634,1659,2237,1951,48245
ACSSF,2012e1,dc,000,0011,0000006,124907,0,132,0,8245,1396,130,0,97,331,82,132,268,110,246,473,0,0,914,0,185,420,2053,124,0,341,0,0,165,32,976,176,1028,2324,2511,27712,38,1548,473,7722,1216,33678,0,553,170,1930,88,517,29644,73,16047,265,1188,0,0,0,0,334,3105,112,10445,434,306,9504,718,2969,7411,0,0,1051,180,64,3479,0,95,183,0,0,725,0,125,29,293,49,0,55,2039,258,3974,1634,209,1659,2237,1951,0,29,0,0,157,0,175,674,620,29,466,0,16,39209,124907,8245,1396,2053,976,1028,2324,27712,1548,7722,1216,33678,553,1930,29644,16047,1188,3105,10445,434,9504,2969,7411,1051,3479,3974,1634,1659,2237,1951,48245
ACSSF,2012e1,dc,000,0011,0000007,124907,0,132,0,8245,1396,130,0,97,331,82,132,268,110,246,473,0,0,914,0,185,420,2053,124,0,341,0,0,165,32,976,176,1028,2324,2511,27712,38,1548,473,7722,1216,33678,0,553,170,1930,88,517,29644,73,16047,265,1188,0,0,0,0,334,3105,112,10445,434,306,9504,718,2969,7411,0,0,1051,180,64,3479,0,95,183,0,0,725,0,125,29,293,49,0,55,2039,258,3974,1634,209,1659,2237,1951,0,29,0,0,157,0,175,674,620,29,466,0,16,39209,124907,8245,1396,2053,976,1028,2324,27712,1548,7722,1216,33678,553,1930,29644,16047,1188,3105,10445,434,9504,2969,7411,1051,3479,3974,1634,1659,2237,1951,48245
ACSSF,2012e1,dc,000,0011,0000008,124907,0,132,0,8245,1396,130,0,97,331,82,132,268,110,246,473,0,0,914,0,185,420,2053,124,0,341,0,0,165,32,976,176,1028,2324,2511,27712,38,1548,473,7722,1216,33678,0,553,170,1930,88,517,29644,73,16047,265,1188,0,0,0,0,334,3105,112,10445,434,306,9504,718,2969,7411,0,0,1051,180,64,3479,0,95,183,0,0,725,0,125,29,293,49,0,55,2039,258,3974,1634,209,1659,2237,1951,0,29,0,0,157,0,175,674,620,29,466,0,16,39209,124907,8245,1396,2053,976,1028,2324,27712,1548,7722,1216,33678,553,1930,29644,16047,1188,3105,10445,434,9504,2969,7411,1051,3479,3974,1634,1659,2237,1951,48245
ACSSF,2012e1,dc,000,0011,0000009,124907,0,132,0,8245,1396,130,0,97,331,82,132,268,110,246,473,0,0,914,0,185,420,2053,124,0,341,0,0,165,32,976,176,1028,2324,2511,27712,38,1548,473,7722,1216,33678,0,553,170,1930,88,517,29644,73,16047,265,1188,0,0,0,0,334,3105,112,10445,434,306,9504,718,2969,7411,0,0,1051,180,64,3479,0,95,183,0,0,725,0,125,29,293,49,0,55,2039,258,3974,1634,209,1659,2237,1951,0,29,0,0,157,0,175,674,620,29,466,0,16,39209,124907,8245,1396,2053,976,1028,2324,27712,1548,7722,1216,33678,553,1930,29644,16047,1188,3105,10445,434,9504,2969,7411,1051,3479,3974,1634,1659,2237,1951,48245
ACSSF,2012e1,dc,000,0011,0000010,,,,,,,,,,,,,,,,,,,,,,,,,,,,,,,,,,,,,,,,,,,,,,,,,,,,,,,,,,,,,,,,,,,,,,,,,,,,,,,,,,,,,,,,,,,,,,,,,,,,,,,,,,,,,38529,1528,438,1048,384,234,836,10003,400,2342,457,11188,115,565,8914,6531,341,1594,4130,31,4646,1295,2626,267,183,1746,610,445,450,444,11847
ACSSF,2012e1,dc,000,0011,0000011,,,,,,,,,,,,,,,,,,,,,,,,,,,,,,,,,,,,,,,,,,,,,,,,,,,,,,,,,,,,,,,,,,,,,,,,,,,,,,,,,,,,,,,,,,,,,,,,,,,,,,,,,,,,,16619,2233,192,28,75,132,274,2760,321,1067,0,4370,217,80,4044,1337,147,230,742,193,924,226,792,77,892,330,260,415,245,288,7595
ACSSF,2012e1,dc,000,0011,0000012,,,,,,,,,,,,,,,,,,,,,,,,,,,,,,,,,,,,,,,,,,,,,,,,,,,,,,,,,,,,,,,,,,,,,,,,,,,,,,,,,,,,,,,,,,,,,,,,,,,,,,,,,,,,,24554,1439,218,497,127,323,454,5485,132,1379,240,6093,149,186,6310,2615,263,711,1348,54,639,391,1195,0,742,895,146,44,633,948,10935
ACSSF,2012e1,dc,000,0011,0000013,,,,,,,,,,,,,,,,,,,,,,,,,,,,,,,,,,,,,,,,,,,,,,,,,,,,,,,,,,,,,,,,,,,,,,,,,,,,,,,,,,,,,,,,,,,,,,,,,,,,,,,,,,,,,,,,,,,,,,,,,,,,,,,,,,,,,,,,,,,
ACSSF,2012e1,dc,000,0011,0000014,,,,,,,,,,,,,,,,,,,,,,,,,,,,,,,,,,,,,,,,,,,,,,,,,,,,,,,,,,,,,,,,,,,,,,,,,,,,,,,,,,,,,,,,,,,,,,,,,,,,,,,,,,,,,38820,1407,548,480,390,339,760,8794,695,2724,519,11411,72,1099,9906,5419,419,554,4135,156,3248,1040,2798,707,614,1003,618,755,909,160,12851
ACSSF,2012e1,dc,000,0011,0000015,124907,0,132,0,8245,1396,130,0,97,331,82,132,268,110,246,473,0,0,914,0,185,420,2053,124,0,341,0,0,165,32,976,176,1028,2324,2511,27712,38,1548,473,7722,1216,33678,0,553,170,1930,88,517,29644,73,16047,265,1188,0,0,0,0,334,3105,112,10445,434,306,9504,718,2969,7411,0,0,1051,180,64,3479,0,95,183,0,0,725,0,125,29,293,49,0,55,2039,258,3974,1634,209,1659,2237,1951,0,29,0,0,157,0,175,674,620,29,466,0,16,39209,124907,8245,1396,2053,976,1028,2324,27712,1548,7722,1216,33678,553,1930,29644,16047,1188,3105,10445,434,9504,2969,7411,1051,3479,3974,1634,1659,2237,1951,48245
