ACSSF,2012e1,dc,000,0087,0000001,124481,3302,1174,360,459,80,260,29,167,36,330,110,82,137,30,0,48,0,38465,6299,1873,2249,2372,1870,1418,2286,2292,981,2185,3664,3435,2918,1603,1638,1382,51638,9120,3103,2414,2857,2310,2476,2640,1943,2029,3396,4690,4997,3385,1957,2213,2108,31076,4018,3897,2565,2019,2164,1427,1253,1843,1321,1940,2169,2390,1830,433,1209,598,,,,,,,,,,,,,,,,,,,,,,,,,,,,,,,,,,,,,,,,,,,,,,,,,,,,,,,,,,,,,,,,,,,,,,,,,,,,,,,,,,,,,,,,,,,,,,,,,,,,,,,,,,,,,,,,,,,,,,,,,,,,,,,,,,,,,,,,,,
ACSSF,2012e1,dc,000,0087,0000002,124481,3302,1174,360,459,80,260,29,167,36,330,110,82,137,30,0,48,0,38465,6299,1873,2249,2372,1870,1418,2286,2292,981,2185,3664,3435,2918,1603,1638,1382,51638,9120,3103,2414,2857,2310,2476,2640,1943,2029,3396,4690,4997,3385,1957,2213,2108,31076,4018,3897,2565,2019,2164,1427,1253,1843,1321,1940,2169,2390,1830,433,1209,598,,,,,,,,,,,,,,,,,,,,,,,,,,,,,,,,,,,,,,,,,,,,,,,,,,,,,,,,,,,,,,,,,,,,,,,,,,,,,,,,,,,,,,,,,,,,,,,,,,,,,,,,,,,,,,,,,,,,,,,,,,,,,,,,,,,,,,,,,,
ACSSF,2012e1,dc,000,0087,0000003,124481,3302,1174,360,459,80,260,29,167,36,330,110,82,137,30,0,48,0,38465,6299,1873,2249,2372,1870,1418,2286,2292,981,2185,3664,3435,2918,1603,1638,1382,51638,9120,3103,2414,2857,2310,2476,2640,1943,2029,3396,4690,4997,3385,1957,2213,2108,31076,4018,3897,2565,2019,2164,1427,1253,1843,1321,1940,2169,2390,1830,433,1209,598,,,,,,,,,,,,,,,,,,,,,,,,,,,,,,,,,,,,,,,,,,,,,,,,,,,,,,,,,,,,,,,,,,,,,,,,,,,,,,,,,,,,,,,,,,,,,,,,,,,,,,,,,,,,,,,,,,,,,,,,,,,,,,,,,,,,,,,,,,
ACSSF,2012e1,dc,000,0087,0000004,124481,3302,1174,360,459,80,260,29,167,36,330,110,82,137,30,0,48,0,38465,6299,1873,2249,2372,1870,1418,2286,2292,981,2185,3664,3435,2918,1603,1638,1382,51638,9120,3103,2414,2857,2310,2476,2640,1943,2029,3396,4690,4997,3385,1957,2213,2108,31076,4018,3897,2565,2019,2164,1427,1253,1843,1321,1940,2169,2390,1830,433,1209,598,,,,,,,,,,,,,,,,,,,,,,,,,,,,,,,,,,,,,,,,,,,,,,,,,,,,,,,,,,,,,,,,,,,,,,,,,,,,,,,,,,,,,,,,,,,,,,,,,,,,,,,,,,,,,,,,,,,,,,,,,,,,,,,,,,,,,,,,,,
ACSSF,2012e1,dc,000,0087,0000005,124481,3302,1174,360,459,80,260,29,167,36,330,110,82,137,30,0,48,0,38465,6299,1873,2249,2372,1870,1418,2286,2292,981,2185,3664,3435,2918,1603,1638,1382,51638,9120,3103,2414,2857,2310,2476,2640,1943,2029,3396,4690,4997,3385,1957,2213,2108,31076,4018,3897,2565,2019,2164,1427,1253,1843,1321,1940,2169,2390,1830,433,1209,598,,,,,,,,,,,,,,,,,,,,,,,,,,,,,,,,,,,,,,,,,,,,,,,,,,,,,,,,,,,,,,,,,,,,,,,,,,,,,,,,,,,,,,,,,,,,,,,,,,,,,,,,,,,,,,,,,,,,,,,,,,,,,,,,,,,,,,,,,,
ACSSF,2012e1,dc,000,0087,0000006,124481,3302,1174,360,459,80,260,29,167,36,330,110,82,137,30,0,48,0,38465,6299,1873,2249,2372,1870,1418,2286,2292,981,2185,3664,3435,2918,1603,1638,1382,51638,9120,3103,2414,2857,2310,2476,2640,1943,2029,3396,4690,4997,3385,1957,2213,2108,31076,4018,3897,2565,2019,2164,1427,1253,1843,1321,1940,2169,2390,1830,433,1209,598,,,,,,,,,,,,,,,,,,,,,,,,,,,,,,,,,,,,,,,,,,,,,,,,,,,,,,,,,,,,,,,,,,,,,,,,,,,,,,,,,,,,,,,,,,,,,,,,,,,,,,,,,,,,,,,,,,,,,,,,,,,,,,,,,,,,,,,,,,
ACSSF,2012e1,dc,000,0087,0000007,124481,3302,1174,360,459,80,260,29,167,36,330,110,82,137,30,0,48,0,38465,6299,1873,2249,2372,1870,1418,2286,2292,981,2185,3664,3435,2918,1603,1638,1382,51638,9120,3103,2414,2857,2310,2476,2640,1943,2029,3396,4690,4997,3385,1957,2213,2108,31076,4018,3897,2565,2019,2164,1427,1253,1843,1321,1940,2169,2390,1830,433,1209,598,,,,,,,,,,,,,,,,,,,,,,,,,,,,,,,,,,,,,,,,,,,,,,,,,,,,,,,,,,,,,,,,,,,,,,,,,,,,,,,,,,,,,,,,,,,,,,,,,,,,,,,,,,,,,,,,,,,,,,,,,,,,,,,,,,,,,,,,,,
ACSSF,2012e1,dc,000,0087,0000008,124481,3302,1174,360,459,80,260,29,167,36,330,110,82,137,30,0,48,0,38465,6299,1873,2249,2372,1870,1418,2286,2292,981,2185,3664,3435,2918,1603,1638,1382,51638,9120,3103,2414,2857,2310,2476,2640,1943,2029,3396,4690,4997,3385,1957,2213,2108,31076,4018,3897,2565,2019,2164,1427,1253,1843,1321,1940,2169,2390,1830,433,1209,598,,,,,,,,,,,,,,,,,,,,,,,,,,,,,,,,,,,,,,,,,,,,,,,,,,,,,,,,,,,,,,,,,,,,,,,,,,,,,,,,,,,,,,,,,,,,,,,,,,,,,,,,,,,,,,,,,,,,,,,,,,,,,,,,,,,,,,,,,,
ACSSF,2012e1,dc,000,0087,0000009,124481,3302,1174,360,459,80,260,29,167,36,330,110,82,137,30,0,48,0,38465,6299,1873,2249,2372,1870,1418,2286,2292,981,2185,3664,3435,2918,1603,1638,1382,51638,9120,3103,2414,2857,2310,2476,2640,1943,2029,3396,4690,4997,3385,1957,2213,2108,31076,4018,3897,2565,2019,2164,1427,1253,1843,1321,1940,2169,2390,1830,433,1209,598,,,,,,,,,,,,,,,,,,,,,,,,,,,,,,,,,,,,,,,,,,,,,,,,,,,,,,,,,,,,,,,,,,,,,,,,,,,,,,,,,,,,,,,,,,,,,,,,,,,,,,,,,,,,,,,,,,,,,,,,,,,,,,,,,,,,,,,,,,
ACSSF,2012e1,dc,000,0087,0000010,,,,,,,,,,,,,,,,,,,,,,,,,,,,,,,,,,,,,,,,,,,,,,,,,,,,,,,,,,,,,,,,,,,,,,,,,,,,,,,,,,,,,,,,,,,,,,,,,,,,,,,,,,,,,,,,,,,,,,,,,,,,,,,,,,,,,,,,,,,,,,,,,,,,,,,,,,,,,,,,,,,,,,,,,,,,,,,,,,,,,,,,,,,,,,,,,,,,,,,,,,,,,,,
ACSSF,2012e1,dc,000,0087,0000011,27179,455,0,0,73,0,0,0,28,0,90,0,82,104,30,0,48,0,7192,888,159,553,530,155,318,176,167,167,263,1122,937,873,223,291,370,10798,1000,271,438,236,829,409,600,541,338,567,1475,1305,1036,744,499,510,8734,630,635,783,531,651,256,378,183,557,633,862,875,1099,68,415,178,,,,,,,,,,,,,,,,,,,,,,,,,,,,,,,,,,,,,,,,,,,,,,,,,,,,,,,,,,,,,,,,,,,,,,,,,,,,,,,,,,,,,,,,,,,,,,,,,,,,,,,,,,,,,,,,,,,,,,,,,,,,,,,,,,,,,,,,,,
ACSSF,2012e1,dc,000,0087,0000012,25541,350,175,0,27,80,0,0,0,36,32,0,0,0,0,0,0,0,6936,1001,400,470,499,504,268,234,400,48,205,539,741,671,317,428,211,10268,1843,582,483,290,255,423,360,203,192,1134,937,1316,579,617,484,570,7987,990,1081,674,375,453,243,290,509,374,595,637,864,345,168,347,42,,,,,,,,,,,,,,,,,,,,,,,,,,,,,,,,,,,,,,,,,,,,,,,,,,,,,,,,,,,,,,,,,,,,,,,,,,,,,,,,,,,,,,,,,,,,,,,,,,,,,,,,,,,,,,,,,,,,,,,,,,,,,,,,,,,,,,,,,,
ACSSF,2012e1,dc,000,0087,0000013,52230,1890,575,360,359,0,260,29,139,0,25,110,0,33,0,0,0,0,17245,3434,1149,1079,827,972,795,1418,1552,664,834,1680,1113,464,385,542,337,23579,5084,1824,996,1912,1164,1211,1463,846,1090,1468,1781,1897,1078,545,831,389,9516,1633,1364,644,741,839,564,585,502,263,519,589,616,148,72,181,256,,,,,,,,,,,,,,,,,,,,,,,,,,,,,,,,,,,,,,,,,,,,,,,,,,,,,,,,,,,,,,,,,,,,,,,,,,,,,,,,,,,,,,,,,,,,,,,,,,,,,,,,,,,,,,,,,,,,,,,,,,,,,,,,,,,,,,,,,,
ACSSF,2012e1,dc,000,0087,0000014,,,,,,,,,,,,,,,,,,,,,,,,,,,,,,,,,,,,,,,,,,,,,,,,,,,,,,,,,,,,,,,,,,,,,,,,,,,,,,,,,,,,,,,,,,,,,,,,,,,,,,,,,,,,,,,,,,,,,,,,,,,,,,,,,,,,,,,,,,,,,,,,,,,,,,,,,,,,,,,,,,,,,,,,,,,,,,,,,,,,,,,,,,,,,,,,,,,,,,,,,,,,,,,
ACSSF,2012e1,dc,000,0087,0000015,124481,3302,1174,360,459,80,260,29,167,36,330,110,82,137,30,0,48,0,38465,6299,1873,2249,2372,1870,1418,2286,2292,981,2185,3664,3435,2918,1603,1638,1382,51638,9120,3103,2414,2857,2310,2476,2640,1943,2029,3396,4690,4997,3385,1957,2213,2108,31076,4018,3897,2565,2019,2164,1427,1253,1843,1321,1940,2169,2390,1830,433,1209,598,,,,,,,,,,,,,,,,,,,,,,,,,,,,,,,,,,,,,,,,,,,,,,,,,,,,,,,,,,,,,,,,,,,,,,,,,,,,,,,,,,,,,,,,,,,,,,,,,,,,,,,,,,,,,,,,,,,,,,,,,,,,,,,,,,,,,,,,,,
