ACSSF,2012e1,dc,000,0024,0000001,,,,,,,,,,,,,,,,,,,,,,,,,,,,,,,,,,,,,,,,,,,,,,,,,,,,,,,,,,,,,,,,,,,,,,,,,,,,,,,,,,,,,,,,,,,,,,,,,34.0,37.0,27.5,.,25.9,28.8,,,,,,,624847,295431,329416,500267,234778,265489,61992,29472,32520,0,0,0,53830,27260,26570,8758,3921,4837,,,,,,,,,,,,,,,,,,,247417,180490,29101,0,32245,5581,310062,266914,26187,0,16093,868,,,,,,,21618,16306,2280,0,2179,853,,,,,,,28035,22114,3476,0,1600,845,,,,,,,,,,,,,,,,,,,,,,,,,,,,,,,,,,,,,,,,,,,,,,,,,,,,,,,,,,,,
ACSSF,2012e1,dc,000,0024,0000002,,,,,,,,,,,,,,,,,,,,,,,,,,,,,,,,,,,,,,,,,,,,,,,,,,,,,,,,,,,,,,,,,,,,,,,,,,,,,,,,,,,,,,,,,,,,,,,,,34.0,37.0,27.5,.,25.9,28.8,,,,,,,624847,295431,329416,500267,234778,265489,61992,29472,32520,0,0,0,53830,27260,26570,8758,3921,4837,,,,,,,,,,,,,,,,,,,247417,180490,29101,0,32245,5581,310062,266914,26187,0,16093,868,,,,,,,21618,16306,2280,0,2179,853,,,,,,,28035,22114,3476,0,1600,845,,,,,,,,,,,,,,,,,,,,,,,,,,,,,,,,,,,,,,,,,,,,,,,,,,,,,,,,,,,,
ACSSF,2012e1,dc,000,0024,0000003,,,,,,,,,,,,,,,,,,,,,,,,,,,,,,,,,,,,,,,,,,,,,,,,,,,,,,,,,,,,,,,,,,,,,,,,,,,,,,,,,,,,,,,,,,,,,,,,,34.0,37.0,27.5,.,25.9,28.8,,,,,,,624847,295431,329416,500267,234778,265489,61992,29472,32520,0,0,0,53830,27260,26570,8758,3921,4837,,,,,,,,,,,,,,,,,,,247417,180490,29101,0,32245,5581,310062,266914,26187,0,16093,868,,,,,,,21618,16306,2280,0,2179,853,,,,,,,28035,22114,3476,0,1600,845,,,,,,,,,,,,,,,,,,,,,,,,,,,,,,,,,,,,,,,,,,,,,,,,,,,,,,,,,,,,
ACSSF,2012e1,dc,000,0024,0000004,,,,,,,,,,,,,,,,,,,,,,,,,,,,,,,,,,,,,,,,,,,,,,,,,,,,,,,,,,,,,,,,,,,,,,,,,,,,,,,,,,,,,,,,,,,,,,,,,34.0,37.0,27.5,.,25.9,28.8,,,,,,,624847,295431,329416,500267,234778,265489,61992,29472,32520,0,0,0,53830,27260,26570,8758,3921,4837,,,,,,,,,,,,,,,,,,,247417,180490,29101,0,32245,5581,310062,266914,26187,0,16093,868,,,,,,,21618,16306,2280,0,2179,853,,,,,,,28035,22114,3476,0,1600,845,,,,,,,,,,,,,,,,,,,,,,,,,,,,,,,,,,,,,,,,,,,,,,,,,,,,,,,,,,,,
ACSSF,2012e1,dc,000,0024,0000005,,,,,,,,,,,,,,,,,,,,,,,,,,,,,,,,,,,,,,,,,,,,,,,,,,,,,,,,,,,,,,,,,,,,,,,,,,,,,,,,,,,,,,,,,,,,,,,,,34.0,37.0,27.5,.,25.9,28.8,,,,,,,624847,295431,329416,500267,234778,265489,61992,29472,32520,0,0,0,53830,27260,26570,8758,3921,4837,,,,,,,,,,,,,,,,,,,247417,180490,29101,0,32245,5581,310062,266914,26187,0,16093,868,,,,,,,21618,16306,2280,0,2179,853,,,,,,,28035,22114,3476,0,1600,845,,,,,,,,,,,,,,,,,,,,,,,,,,,,,,,,,,,,,,,,,,,,,,,,,,,,,,,,,,,,
ACSSF,2012e1,dc,000,0024,0000006,,,,,,,,,,,,,,,,,,,,,,,,,,,,,,,,,,,,,,,,,,,,,,,,,,,,,,,,,,,,,,,,,,,,,,,,,,,,,,,,,,,,,,,,,,,,,,,,,34.0,37.0,27.5,.,25.9,28.8,,,,,,,624847,295431,329416,500267,234778,265489,61992,29472,32520,0,0,0,53830,27260,26570,8758,3921,4837,,,,,,,,,,,,,,,,,,,247417,180490,29101,0,32245,5581,310062,266914,26187,0,16093,868,,,,,,,21618,16306,2280,0,2179,853,,,,,,,28035,22114,3476,0,1600,845,,,,,,,,,,,,,,,,,,,,,,,,,,,,,,,,,,,,,,,,,,,,,,,,,,,,,,,,,,,,
ACSSF,2012e1,dc,000,0024,0000007,,,,,,,,,,,,,,,,,,,,,,,,,,,,,,,,,,,,,,,,,,,,,,,,,,,,,,,,,,,,,,,,,,,,,,,,,,,,,,,,,,,,,,,,,,,,,,,,,34.0,37.0,27.5,.,25.9,28.8,,,,,,,624847,295431,329416,500267,234778,265489,61992,29472,32520,0,0,0,53830,27260,26570,8758,3921,4837,,,,,,,,,,,,,,,,,,,247417,180490,29101,0,32245,5581,310062,266914,26187,0,16093,868,,,,,,,21618,16306,2280,0,2179,853,,,,,,,28035,22114,3476,0,1600,845,,,,,,,,,,,,,,,,,,,,,,,,,,,,,,,,,,,,,,,,,,,,,,,,,,,,,,,,,,,,
ACSSF,2012e1,dc,000,0024,0000008,,,,,,,,,,,,,,,,,,,,,,,,,,,,,,,,,,,,,,,,,,,,,,,,,,,,,,,,,,,,,,,,,,,,,,,,,,,,,,,,,,,,,,,,,,,,,,,,,34.0,37.0,27.5,.,25.9,28.8,,,,,,,624847,295431,329416,500267,234778,265489,61992,29472,32520,0,0,0,53830,27260,26570,8758,3921,4837,,,,,,,,,,,,,,,,,,,247417,180490,29101,0,32245,5581,310062,266914,26187,0,16093,868,,,,,,,21618,16306,2280,0,2179,853,,,,,,,28035,22114,3476,0,1600,845,,,,,,,,,,,,,,,,,,,,,,,,,,,,,,,,,,,,,,,,,,,,,,,,,,,,,,,,,,,,
ACSSF,2012e1,dc,000,0024,0000009,,,,,,,,,,,,,,,,,,,,,,,,,,,,,,,,,,,,,,,,,,,,,,,,,,,,,,,,,,,,,,,,,,,,,,,,,,,,,,,,,,,,,,,,,,,,,,,,,34.0,37.0,27.5,.,25.9,28.8,,,,,,,624847,295431,329416,500267,234778,265489,61992,29472,32520,0,0,0,53830,27260,26570,8758,3921,4837,,,,,,,,,,,,,,,,,,,247417,180490,29101,0,32245,5581,310062,266914,26187,0,16093,868,,,,,,,21618,16306,2280,0,2179,853,,,,,,,28035,22114,3476,0,1600,845,,,,,,,,,,,,,,,,,,,,,,,,,,,,,,,,,,,,,,,,,,,,,,,,,,,,,,,,,,,,
ACSSF,2012e1,dc,000,0024,0000010,,,,,,,,,,,,,,,,,,,,,,,,,,,,,,,,,,,,,,,,,,,,,,,,,,,,,,,,,,,,,,,,,,,,,,,,,,,,,,,,,,,,,,,,,,,,,,,,,36.2,42.3,23.7,.,23.1,26.4,,,,,,,107387,48479,58908,82149,37169,44980,9673,3913,5760,0,0,0,13388,6587,6801,2177,810,1367,,,,,,,,,,,,,,,,,,,86934,66181,7931,0,11287,1535,,,,,,,,,,,,,6898,4906,649,0,772,571,,,,,,,,,,,,,,,,,,,,,,,,,,,,,,,,,,,,,,,,,,,,,,,,,,,,,,,,,,,,,,,,,,,,,,,,
ACSSF,2012e1,dc,000,0024,0000011,,,,,,,,,,,,,,,,,,,,,,,,,,,,,,,,,,,,,,,,,,,,,,,,,,,,,,,,,,,,,,,,,,,,,,,,,,,,,,,,,,,,,,,,,,,,,,,,,35.2,37.3,28.9,.,26.9,36.4,,,,,,,121454,55746,65708,102327,46644,55683,9457,4292,5165,0,0,0,8827,4419,4408,843,391,452,,,,,,,,,,,,,,,,,,,34696,25718,4597,0,4187,194,66204,59879,3156,0,3086,83,,,,,,,2959,2314,248,0,311,86,,,,,,,13975,11655,1208,0,749,363,,,,,,,,,,,,,,,,,,,,,,,,,,,,,,,,,,,,,,,,,,,,,,,,,,,,,,,,,,,,
ACSSF,2012e1,dc,000,0024,0000012,,,,,,,,,,,,,,,,,,,,,,,,,,,,,,,,,,,,,,,,,,,,,,,,,,,,,,,,,,,,,,,,,,,,,,,,,,,,,,,,,,,,,,,,,,,,,,,,,36.4,39.3,29.0,.,27.2,29.2,,,,,,,117553,57290,60263,95819,46204,49615,11770,5982,5788,0,0,0,8602,4309,4293,1362,795,567,,,,,,,,,,,,,,,,,,,36443,26588,4155,0,4686,1014,72650,62487,6356,0,3648,159,,,,,,,,,,,,,,,,,,,,,,,,,,,,,,,,,,,,,,,,,,,,,,,,,,,,,,,,,,,,,,,,,,,,,,,,,,,,,,,,,,,,
ACSSF,2012e1,dc,000,0024,0000013,,,,,,,,,,,,,,,,,,,,,,,,,,,,,,,,,,,,,,,,,,,,,,,,,,,,,,,,,,,,,,,,,,,,,,,,,,,,,,,,,,,,,,,,,,,,,,,,,33.6,35.5,24.8,.,25.7,32.4,,,,,,,135524,61601,73923,112729,50272,62457,14220,6891,7329,0,0,0,7859,4226,3633,716,212,504,,,,,,,,,,,,,,,,,,,5695,4056,286,0,1244,109,125317,105783,13076,0,5933,525,,,,,,,,,,,,,,,,,,,,,,,,,,,,,,,,,,,,,,,,,,,,,,,,,,,,,,,,,,,,,,,,,,,,,,,,,,,,,,,,,,,,
ACSSF,2012e1,dc,000,0024,0000014,,,,,,,,,,,,,,,,,,,,,,,,,,,,,,,,,,,,,,,,,,,,,,,,,,,,,,,,,,,,,,,,,,,,,,,,,,,,,,,,,,,,,,,,,,,,,,,,,31.9,34.1,28.7,.,26.0,29.6,,,,,,,142929,72315,70614,107243,54489,52754,16872,8394,8478,0,0,0,15154,7719,7435,3660,1713,1947,,,,,,,,,,,,,,,,,,,83649,57947,12132,0,10841,2729,37537,31919,2691,0,2826,101,,,,,,,9055,7166,776,0,917,196,,,,,,,,,,,,,,,,,,,,,,,,,,,,,,,,,,,,,,,,,,,,,,,,,,,,,,,,,,,,,,,,,,,,,,,,
ACSSF,2012e1,dc,000,0024,0000015,,,,,,,,,,,,,,,,,,,,,,,,,,,,,,,,,,,,,,,,,,,,,,,,,,,,,,,,,,,,,,,,,,,,,,,,,,,,,,,,,,,,,,,,,,,,,,,,,34.0,37.0,27.5,.,25.9,28.8,,,,,,,624847,295431,329416,500267,234778,265489,61992,29472,32520,0,0,0,53830,27260,26570,8758,3921,4837,,,,,,,,,,,,,,,,,,,247417,180490,29101,0,32245,5581,310062,266914,26187,0,16093,868,,,,,,,21618,16306,2280,0,2179,853,,,,,,,28035,22114,3476,0,1600,845,,,,,,,,,,,,,,,,,,,,,,,,,,,,,,,,,,,,,,,,,,,,,,,,,,,,,,,,,,,,
