ACSSF,2012e1,dc,000,0027,0000001,,,,,,,590675,106762,50609,433304,482772,78865,41965,361942,55980,15657,5191,35132,0,0,0,0,44094,10119,2584,31391,7829,2121,869,4839,,,,,,,,,,,,,,,,,,,,,,,,,584655,252892,331763,479802,232917,246885,54966,11030,43936,0,0,0,42208,6147,36061,7679,2798,4881,,,,,,,,,,,,,,,,,,,,,,,,,,,,,,,,,,,,,,,,,,,,,,,,,,,,,,,,,,,,,,,,,,,,,,,,,,,,,,,624847,500267,115822,81523,67288,14235,31912,18827,13085,1506,1259,247,881,8758,,,,,,,,,,,,,,,,,,,,,,,,,,,,,,,,,,,,,624847,500267,115822,81523,67288,14235,31912,18827,13085,1506,881,8758,,,,,,,,,,,,,,,,,,,,,,,,,,,,
ACSSF,2012e1,dc,000,0027,0000002,,,,,,,590675,106762,50609,433304,482772,78865,41965,361942,55980,15657,5191,35132,0,0,0,0,44094,10119,2584,31391,7829,2121,869,4839,,,,,,,,,,,,,,,,,,,,,,,,,584655,252892,331763,479802,232917,246885,54966,11030,43936,0,0,0,42208,6147,36061,7679,2798,4881,,,,,,,,,,,,,,,,,,,,,,,,,,,,,,,,,,,,,,,,,,,,,,,,,,,,,,,,,,,,,,,,,,,,,,,,,,,,,,,624847,500267,115822,81523,67288,14235,31912,18827,13085,1506,1259,247,881,8758,,,,,,,,,,,,,,,,,,,,,,,,,,,,,,,,,,,,,624847,500267,115822,81523,67288,14235,31912,18827,13085,1506,881,8758,,,,,,,,,,,,,,,,,,,,,,,,,,,,
ACSSF,2012e1,dc,000,0027,0000003,,,,,,,590675,106762,50609,433304,482772,78865,41965,361942,55980,15657,5191,35132,0,0,0,0,44094,10119,2584,31391,7829,2121,869,4839,,,,,,,,,,,,,,,,,,,,,,,,,584655,252892,331763,479802,232917,246885,54966,11030,43936,0,0,0,42208,6147,36061,7679,2798,4881,,,,,,,,,,,,,,,,,,,,,,,,,,,,,,,,,,,,,,,,,,,,,,,,,,,,,,,,,,,,,,,,,,,,,,,,,,,,,,,624847,500267,115822,81523,67288,14235,31912,18827,13085,1506,1259,247,881,8758,,,,,,,,,,,,,,,,,,,,,,,,,,,,,,,,,,,,,624847,500267,115822,81523,67288,14235,31912,18827,13085,1506,881,8758,,,,,,,,,,,,,,,,,,,,,,,,,,,,
ACSSF,2012e1,dc,000,0027,0000004,,,,,,,590675,106762,50609,433304,482772,78865,41965,361942,55980,15657,5191,35132,0,0,0,0,44094,10119,2584,31391,7829,2121,869,4839,,,,,,,,,,,,,,,,,,,,,,,,,584655,252892,331763,479802,232917,246885,54966,11030,43936,0,0,0,42208,6147,36061,7679,2798,4881,,,,,,,,,,,,,,,,,,,,,,,,,,,,,,,,,,,,,,,,,,,,,,,,,,,,,,,,,,,,,,,,,,,,,,,,,,,,,,,624847,500267,115822,81523,67288,14235,31912,18827,13085,1506,1259,247,881,8758,,,,,,,,,,,,,,,,,,,,,,,,,,,,,,,,,,,,,624847,500267,115822,81523,67288,14235,31912,18827,13085,1506,881,8758,,,,,,,,,,,,,,,,,,,,,,,,,,,,
ACSSF,2012e1,dc,000,0027,0000005,,,,,,,590675,106762,50609,433304,482772,78865,41965,361942,55980,15657,5191,35132,0,0,0,0,44094,10119,2584,31391,7829,2121,869,4839,,,,,,,,,,,,,,,,,,,,,,,,,584655,252892,331763,479802,232917,246885,54966,11030,43936,0,0,0,42208,6147,36061,7679,2798,4881,,,,,,,,,,,,,,,,,,,,,,,,,,,,,,,,,,,,,,,,,,,,,,,,,,,,,,,,,,,,,,,,,,,,,,,,,,,,,,,624847,500267,115822,81523,67288,14235,31912,18827,13085,1506,1259,247,881,8758,,,,,,,,,,,,,,,,,,,,,,,,,,,,,,,,,,,,,624847,500267,115822,81523,67288,14235,31912,18827,13085,1506,881,8758,,,,,,,,,,,,,,,,,,,,,,,,,,,,
ACSSF,2012e1,dc,000,0027,0000006,,,,,,,590675,106762,50609,433304,482772,78865,41965,361942,55980,15657,5191,35132,0,0,0,0,44094,10119,2584,31391,7829,2121,869,4839,,,,,,,,,,,,,,,,,,,,,,,,,584655,252892,331763,479802,232917,246885,54966,11030,43936,0,0,0,42208,6147,36061,7679,2798,4881,,,,,,,,,,,,,,,,,,,,,,,,,,,,,,,,,,,,,,,,,,,,,,,,,,,,,,,,,,,,,,,,,,,,,,,,,,,,,,,624847,500267,115822,81523,67288,14235,31912,18827,13085,1506,1259,247,881,8758,,,,,,,,,,,,,,,,,,,,,,,,,,,,,,,,,,,,,624847,500267,115822,81523,67288,14235,31912,18827,13085,1506,881,8758,,,,,,,,,,,,,,,,,,,,,,,,,,,,
ACSSF,2012e1,dc,000,0027,0000007,,,,,,,590675,106762,50609,433304,482772,78865,41965,361942,55980,15657,5191,35132,0,0,0,0,44094,10119,2584,31391,7829,2121,869,4839,,,,,,,,,,,,,,,,,,,,,,,,,584655,252892,331763,479802,232917,246885,54966,11030,43936,0,0,0,42208,6147,36061,7679,2798,4881,,,,,,,,,,,,,,,,,,,,,,,,,,,,,,,,,,,,,,,,,,,,,,,,,,,,,,,,,,,,,,,,,,,,,,,,,,,,,,,624847,500267,115822,81523,67288,14235,31912,18827,13085,1506,1259,247,881,8758,,,,,,,,,,,,,,,,,,,,,,,,,,,,,,,,,,,,,624847,500267,115822,81523,67288,14235,31912,18827,13085,1506,881,8758,,,,,,,,,,,,,,,,,,,,,,,,,,,,
ACSSF,2012e1,dc,000,0027,0000008,,,,,,,590675,106762,50609,433304,482772,78865,41965,361942,55980,15657,5191,35132,0,0,0,0,44094,10119,2584,31391,7829,2121,869,4839,,,,,,,,,,,,,,,,,,,,,,,,,584655,252892,331763,479802,232917,246885,54966,11030,43936,0,0,0,42208,6147,36061,7679,2798,4881,,,,,,,,,,,,,,,,,,,,,,,,,,,,,,,,,,,,,,,,,,,,,,,,,,,,,,,,,,,,,,,,,,,,,,,,,,,,,,,624847,500267,115822,81523,67288,14235,31912,18827,13085,1506,1259,247,881,8758,,,,,,,,,,,,,,,,,,,,,,,,,,,,,,,,,,,,,624847,500267,115822,81523,67288,14235,31912,18827,13085,1506,881,8758,,,,,,,,,,,,,,,,,,,,,,,,,,,,
ACSSF,2012e1,dc,000,0027,0000009,,,,,,,590675,106762,50609,433304,482772,78865,41965,361942,55980,15657,5191,35132,0,0,0,0,44094,10119,2584,31391,7829,2121,869,4839,,,,,,,,,,,,,,,,,,,,,,,,,584655,252892,331763,479802,232917,246885,54966,11030,43936,0,0,0,42208,6147,36061,7679,2798,4881,,,,,,,,,,,,,,,,,,,,,,,,,,,,,,,,,,,,,,,,,,,,,,,,,,,,,,,,,,,,,,,,,,,,,,,,,,,,,,,624847,500267,115822,81523,67288,14235,31912,18827,13085,1506,1259,247,881,8758,,,,,,,,,,,,,,,,,,,,,,,,,,,,,,,,,,,,,624847,500267,115822,81523,67288,14235,31912,18827,13085,1506,881,8758,,,,,,,,,,,,,,,,,,,,,,,,,,,,
ACSSF,2012e1,dc,000,0027,0000010,,,,,,,98409,9268,1956,87185,78831,4376,1318,73137,8065,1771,154,6140,0,0,0,0,9812,2303,147,7362,1701,818,337,546,,,,,,,,,,,,,,,,,,,,,,,,,97805,58526,39279,78644,54035,24609,8059,1662,6397,0,0,0,9401,1891,7510,1701,938,763,,,,,,,,,,,,,,,,,,,,,,,,,,,,,,,,,,,,,,,,,,,,,,,,,,,,,,,,,,,,,,,,,,,,,,,,,,,,,,,107387,82149,23061,11833,10423,1410,10440,5815,4625,483,367,116,305,2177,,,,,,,,,,,,,,,,,,,,,,,,,,,,,,,,,,,,,107387,82149,23061,11833,10423,1410,10440,5815,4625,483,305,2177,,,,,,,,,,,,,,,,,,,,,,,,,,,,
ACSSF,2012e1,dc,000,0027,0000011,,,,,,,118493,18700,13228,86565,100547,14070,10906,75571,8976,2838,1233,4905,0,0,0,0,8127,1509,864,5754,843,283,225,335,,,,,,,,,,,,,,,,,,,,,,,,,117805,55324,62481,100214,52385,47829,8816,1140,7676,0,0,0,7932,1474,6458,843,325,518,,,,,,,,,,,,,,,,,,,,,,,,,,,,,,,,,,,,,,,,,,,,,,,,,,,,,,,,,,,,,,,,,,,,,,,,,,,,,,,121454,102327,18284,12676,10572,2104,5209,3952,1257,345,345,0,54,843,,,,,,,,,,,,,,,,,,,,,,,,,,,,,,,,,,,,,121454,102327,18284,12676,10572,2104,5209,3952,1257,345,54,843,,,,,,,,,,,,,,,,,,,,,,,,,,,,
ACSSF,2012e1,dc,000,0027,0000012,,,,,,,111429,18749,11828,80852,93059,14163,9788,69108,10015,2373,1104,6538,0,0,0,0,7078,1685,790,4603,1277,528,146,603,,,,,,,,,,,,,,,,,,,,,,,,,109350,59028,50322,91753,54399,37354,9453,2977,6476,0,0,0,6993,1136,5857,1151,516,635,,,,,,,,,,,,,,,,,,,,,,,,,,,,,,,,,,,,,,,,,,,,,,,,,,,,,,,,,,,,,,,,,,,,,,,,,,,,,,,117553,95819,20372,15814,12963,2851,3993,1843,2150,182,84,98,383,1362,,,,,,,,,,,,,,,,,,,,,,,,,,,,,,,,,,,,,117553,95819,20372,15814,12963,2851,3993,1843,2150,182,383,1362,,,,,,,,,,,,,,,,,,,,,,,,,,,,
ACSSF,2012e1,dc,000,0027,0000013,,,,,,,132237,44001,13929,74307,110786,35156,11344,64286,13496,5994,2050,5452,0,0,0,0,7239,2846,510,3883,716,5,25,686,,,,,,,,,,,,,,,,,,,,,,,,,130777,35975,94802,110236,33809,76427,13652,1165,12487,0,0,0,6178,679,5499,711,322,389,,,,,,,,,,,,,,,,,,,,,,,,,,,,,,,,,,,,,,,,,,,,,,,,,,,,,,,,,,,,,,,,,,,,,,,,,,,,,,,135524,112729,22079,19210,14409,4801,2623,1431,1192,192,192,0,54,716,,,,,,,,,,,,,,,,,,,,,,,,,,,,,,,,,,,,,135524,112729,22079,19210,14409,4801,2623,1431,1192,192,54,716,,,,,,,,,,,,,,,,,,,,,,,,,,,,
ACSSF,2012e1,dc,000,0027,0000014,,,,,,,130107,16044,9668,104395,99549,11100,8609,79840,15428,2681,650,12097,0,0,0,0,11838,1776,273,9789,3292,487,136,2669,,,,,,,,,,,,,,,,,,,,,,,,,128918,44039,84879,98955,38289,60666,14986,4086,10900,0,0,0,11704,967,10737,3273,697,2576,,,,,,,,,,,,,,,,,,,,,,,,,,,,,,,,,,,,,,,,,,,,,,,,,,,,,,,,,,,,,,,,,,,,,,,,,,,,,,,142929,107243,32026,21990,18921,3069,9647,5786,3861,304,271,33,85,3660,,,,,,,,,,,,,,,,,,,,,,,,,,,,,,,,,,,,,142929,107243,32026,21990,18921,3069,9647,5786,3861,304,85,3660,,,,,,,,,,,,,,,,,,,,,,,,,,,,
ACSSF,2012e1,dc,000,0027,0000015,,,,,,,590675,106762,50609,433304,482772,78865,41965,361942,55980,15657,5191,35132,0,0,0,0,44094,10119,2584,31391,7829,2121,869,4839,,,,,,,,,,,,,,,,,,,,,,,,,584655,252892,331763,479802,232917,246885,54966,11030,43936,0,0,0,42208,6147,36061,7679,2798,4881,,,,,,,,,,,,,,,,,,,,,,,,,,,,,,,,,,,,,,,,,,,,,,,,,,,,,,,,,,,,,,,,,,,,,,,,,,,,,,,624847,500267,115822,81523,67288,14235,31912,18827,13085,1506,1259,247,881,8758,,,,,,,,,,,,,,,,,,,,,,,,,,,,,,,,,,,,,624847,500267,115822,81523,67288,14235,31912,18827,13085,1506,881,8758,,,,,,,,,,,,,,,,,,,,,,,,,,,,
