ACSSF,2012e1,dc,000,0103,0000001,44980,47490,66754,11526,41777,60116,11282,60404,70221,85407,20564,54595,67426,12054,31361,30977,45212,7103,31850,47826,11202,26495,45022,46825,4276,12313,34405,6542,52857,69219,85104,8226,43468,61639,9036,.,.,.,.,.,.,.,20832,17261,25751,15564,25132,34089,13090,40585,56573,81776,4915,27587,54383,6236,61528,73585,89897,18431,56045,69616,12181,26667,26913,35326,16474,26497,41042,12128,48645,25271,13542,0,13542,593,2219,2322,3307,1739,3362,11729,4277,7452,1916,2663,1092,815,305,661,23374,9584,0,9584,138,1272,1957,1831,1912,2474,13790,6893,6897,2650,2057,838,800,370,182
ACSSF,2012e1,dc,000,0103,0000002,44980,47490,66754,11526,41777,60116,11282,60404,70221,85407,20564,54595,67426,12054,31361,30977,45212,7103,31850,47826,11202,26495,45022,46825,4276,12313,34405,6542,52857,69219,85104,8226,43468,61639,9036,.,.,.,.,.,.,.,20832,17261,25751,15564,25132,34089,13090,40585,56573,81776,4915,27587,54383,6236,61528,73585,89897,18431,56045,69616,12181,26667,26913,35326,16474,26497,41042,12128,48645,25271,13542,0,13542,593,2219,2322,3307,1739,3362,11729,4277,7452,1916,2663,1092,815,305,661,23374,9584,0,9584,138,1272,1957,1831,1912,2474,13790,6893,6897,2650,2057,838,800,370,182
ACSSF,2012e1,dc,000,0103,0000003,44980,47490,66754,11526,41777,60116,11282,60404,70221,85407,20564,54595,67426,12054,31361,30977,45212,7103,31850,47826,11202,26495,45022,46825,4276,12313,34405,6542,52857,69219,85104,8226,43468,61639,9036,.,.,.,.,.,.,.,20832,17261,25751,15564,25132,34089,13090,40585,56573,81776,4915,27587,54383,6236,61528,73585,89897,18431,56045,69616,12181,26667,26913,35326,16474,26497,41042,12128,48645,25271,13542,0,13542,593,2219,2322,3307,1739,3362,11729,4277,7452,1916,2663,1092,815,305,661,23374,9584,0,9584,138,1272,1957,1831,1912,2474,13790,6893,6897,2650,2057,838,800,370,182
ACSSF,2012e1,dc,000,0103,0000004,44980,47490,66754,11526,41777,60116,11282,60404,70221,85407,20564,54595,67426,12054,31361,30977,45212,7103,31850,47826,11202,26495,45022,46825,4276,12313,34405,6542,52857,69219,85104,8226,43468,61639,9036,.,.,.,.,.,.,.,20832,17261,25751,15564,25132,34089,13090,40585,56573,81776,4915,27587,54383,6236,61528,73585,89897,18431,56045,69616,12181,26667,26913,35326,16474,26497,41042,12128,48645,25271,13542,0,13542,593,2219,2322,3307,1739,3362,11729,4277,7452,1916,2663,1092,815,305,661,23374,9584,0,9584,138,1272,1957,1831,1912,2474,13790,6893,6897,2650,2057,838,800,370,182
ACSSF,2012e1,dc,000,0103,0000005,44980,47490,66754,11526,41777,60116,11282,60404,70221,85407,20564,54595,67426,12054,31361,30977,45212,7103,31850,47826,11202,26495,45022,46825,4276,12313,34405,6542,52857,69219,85104,8226,43468,61639,9036,.,.,.,.,.,.,.,20832,17261,25751,15564,25132,34089,13090,40585,56573,81776,4915,27587,54383,6236,61528,73585,89897,18431,56045,69616,12181,26667,26913,35326,16474,26497,41042,12128,48645,25271,13542,0,13542,593,2219,2322,3307,1739,3362,11729,4277,7452,1916,2663,1092,815,305,661,23374,9584,0,9584,138,1272,1957,1831,1912,2474,13790,6893,6897,2650,2057,838,800,370,182
ACSSF,2012e1,dc,000,0103,0000006,44980,47490,66754,11526,41777,60116,11282,60404,70221,85407,20564,54595,67426,12054,31361,30977,45212,7103,31850,47826,11202,26495,45022,46825,4276,12313,34405,6542,52857,69219,85104,8226,43468,61639,9036,.,.,.,.,.,.,.,20832,17261,25751,15564,25132,34089,13090,40585,56573,81776,4915,27587,54383,6236,61528,73585,89897,18431,56045,69616,12181,26667,26913,35326,16474,26497,41042,12128,48645,25271,13542,0,13542,593,2219,2322,3307,1739,3362,11729,4277,7452,1916,2663,1092,815,305,661,23374,9584,0,9584,138,1272,1957,1831,1912,2474,13790,6893,6897,2650,2057,838,800,370,182
ACSSF,2012e1,dc,000,0103,0000007,44980,47490,66754,11526,41777,60116,11282,60404,70221,85407,20564,54595,67426,12054,31361,30977,45212,7103,31850,47826,11202,26495,45022,46825,4276,12313,34405,6542,52857,69219,85104,8226,43468,61639,9036,.,.,.,.,.,.,.,20832,17261,25751,15564,25132,34089,13090,40585,56573,81776,4915,27587,54383,6236,61528,73585,89897,18431,56045,69616,12181,26667,26913,35326,16474,26497,41042,12128,48645,25271,13542,0,13542,593,2219,2322,3307,1739,3362,11729,4277,7452,1916,2663,1092,815,305,661,23374,9584,0,9584,138,1272,1957,1831,1912,2474,13790,6893,6897,2650,2057,838,800,370,182
ACSSF,2012e1,dc,000,0103,0000008,44980,47490,66754,11526,41777,60116,11282,60404,70221,85407,20564,54595,67426,12054,31361,30977,45212,7103,31850,47826,11202,26495,45022,46825,4276,12313,34405,6542,52857,69219,85104,8226,43468,61639,9036,.,.,.,.,.,.,.,20832,17261,25751,15564,25132,34089,13090,40585,56573,81776,4915,27587,54383,6236,61528,73585,89897,18431,56045,69616,12181,26667,26913,35326,16474,26497,41042,12128,48645,25271,13542,0,13542,593,2219,2322,3307,1739,3362,11729,4277,7452,1916,2663,1092,815,305,661,23374,9584,0,9584,138,1272,1957,1831,1912,2474,13790,6893,6897,2650,2057,838,800,370,182
ACSSF,2012e1,dc,000,0103,0000009,44980,47490,66754,11526,41777,60116,11282,60404,70221,85407,20564,54595,67426,12054,31361,30977,45212,7103,31850,47826,11202,26495,45022,46825,4276,12313,34405,6542,52857,69219,85104,8226,43468,61639,9036,.,.,.,.,.,.,.,20832,17261,25751,15564,25132,34089,13090,40585,56573,81776,4915,27587,54383,6236,61528,73585,89897,18431,56045,69616,12181,26667,26913,35326,16474,26497,41042,12128,48645,25271,13542,0,13542,593,2219,2322,3307,1739,3362,11729,4277,7452,1916,2663,1092,815,305,661,23374,9584,0,9584,138,1272,1957,1831,1912,2474,13790,6893,6897,2650,2057,838,800,370,182
ACSSF,2012e1,dc,000,0103,0000010,60917,75791,101913,7426,56151,80097,9292,62488,85689,111875,10647,57468,80451,11689,57017,55512,57278,2499,62128,80959,4167,,,,,,,,31705,70754,100328,10971,22030,75451,7595,.,.,.,.,.,.,.,2499,2499,.,2499,.,.,.,7969,71905,91642,2499,5148,19455,3562,63901,87329,112372,7411,58352,80852,11285,,,,,,,,,,,,,,,,,,,,,,,,,,,,,,,,,,,,,,,,,,,,,,
ACSSF,2012e1,dc,000,0103,0000011,35013,32240,45699,13431,37209,54075,15240,41602,46030,55657,15963,39494,55945,15833,34689,30901,40355,9698,40489,56213,14795,,,,,,,,41676,61399,73150,22985,26987,60634,10972,.,.,.,.,.,.,.,17442,16609,25340,15357,25768,32418,16124,43523,66776,90741,14528,29844,54506,20120,52431,58891,75972,12389,49846,61674,29713,22236,22658,27470,15558,21727,27118,11515,22073,11956,7010,0,7010,469,1249,1800,1828,861,803,4946,1558,3388,1179,1431,603,124,0,51,10117,3615,0,3615,138,478,1377,809,191,622,6502,2648,3854,1455,1258,546,550,45,0
ACSSF,2012e1,dc,000,0103,0000012,46150,50481,71462,15010,41847,60031,10373,63933,76398,90000,26299,57209,71195,12077,31442,30714,51955,11370,32252,48070,8904,45896,46394,46394,.,2499,.,2499,59507,59184,65313,2499,59611,77500,50678,.,.,.,.,.,.,.,18998,17467,50000,17330,19143,19795,2708,,,,,,,,63898,75691,88214,26250,55723,72097,12017,35707,41018,91756,17750,31460,50272,3011,,,,,,,,,,,,,,,,,,,,,,,,,,,,,,,,,,,,,,,
ACSSF,2012e1,dc,000,0103,0000013,30881,30992,41604,6603,30757,41648,12072,40661,32370,46091,4892,41088,49983,27443,30474,30650,41328,6744,30275,41482,11960,6181,60656,.,.,5694,7105,4150,,,,,,,,.,.,.,.,.,.,.,52433,62451,70340,2499,36959,50201,.,30785,31875,34417,15111,24592,.,23903,32290,32300,46346,4892,32281,47850,27443,36746,35597,36632,15431,41631,60270,30525,,,,,,,,,,,,,,,,,,,,,,,,,,,,,,,,,,,,,,,
ACSSF,2012e1,dc,000,0103,0000014,52438,61806,80566,14629,48971,61803,9875,62393,74209,83214,25821,56063,65486,9930,26583,29098,47142,4989,25950,48368,9379,76786,88320,88320,.,33452,90221,.,57500,75765,90946,4797,50481,59423,9170,.,.,.,.,.,.,.,21479,22063,22496,17151,20526,52775,12777,55778,60148,100409,2499,51663,75125,18787,62253,73902,82939,26531,56473,65573,9148,36027,37418,42078,21050,31514,52007,13512,14551,7822,4674,0,4674,80,741,522,1076,376,1879,3148,1023,2125,6,970,206,419,95,429,6729,2672,0,2672,0,321,365,589,619,778,4057,2612,1445,419,587,157,71,70,141
ACSSF,2012e1,dc,000,0103,0000015,44980,47490,66754,11526,41777,60116,11282,60404,70221,85407,20564,54595,67426,12054,31361,30977,45212,7103,31850,47826,11202,26495,45022,46825,4276,12313,34405,6542,52857,69219,85104,8226,43468,61639,9036,.,.,.,.,.,.,.,20832,17261,25751,15564,25132,34089,13090,40585,56573,81776,4915,27587,54383,6236,61528,73585,89897,18431,56045,69616,12181,26667,26913,35326,16474,26497,41042,12128,48645,25271,13542,0,13542,593,2219,2322,3307,1739,3362,11729,4277,7452,1916,2663,1092,815,305,661,23374,9584,0,9584,138,1272,1957,1831,1912,2474,13790,6893,6897,2650,2057,838,800,370,182
