ACSSF,2012e1,dc,000,0100,0000001,,,,,,,,,,,,,,,,,,,,,,,,,,,,,,,,,,,,,,,,,,,,,,,,,,,,,,,,,,,,,,,,,,,,,,,,,,,,,,,,,,,,,,,,,,,,,,,,202395,99963,64778,0,64778,44,50,284,52,88,105,319,157,956,566,1354,1602,1511,2651,2702,4104,4704,3766,10501,29262,35185,14594,20591,4102,1952,1263,386,1770,362,373,235,472,422,720,2006,948,433,1305,456,350,355,624,2057,102432,59601,0,59601,188,80,74,318,585,167,171,107,567,76,1726,1748,2655,3684,3024,4209,8324,4666,10469,16763,42831,16617,26214,6220,3086,870,1304,1865,845,877,193,761,667,1005,1501,1094,915,365,654,1063,541,843,1545
ACSSF,2012e1,dc,000,0100,0000002,,,,,,,,,,,,,,,,,,,,,,,,,,,,,,,,,,,,,,,,,,,,,,,,,,,,,,,,,,,,,,,,,,,,,,,,,,,,,,,,,,,,,,,,,,,,,,,,202395,99963,64778,0,64778,44,50,284,52,88,105,319,157,956,566,1354,1602,1511,2651,2702,4104,4704,3766,10501,29262,35185,14594,20591,4102,1952,1263,386,1770,362,373,235,472,422,720,2006,948,433,1305,456,350,355,624,2057,102432,59601,0,59601,188,80,74,318,585,167,171,107,567,76,1726,1748,2655,3684,3024,4209,8324,4666,10469,16763,42831,16617,26214,6220,3086,870,1304,1865,845,877,193,761,667,1005,1501,1094,915,365,654,1063,541,843,1545
ACSSF,2012e1,dc,000,0100,0000003,,,,,,,,,,,,,,,,,,,,,,,,,,,,,,,,,,,,,,,,,,,,,,,,,,,,,,,,,,,,,,,,,,,,,,,,,,,,,,,,,,,,,,,,,,,,,,,,202395,99963,64778,0,64778,44,50,284,52,88,105,319,157,956,566,1354,1602,1511,2651,2702,4104,4704,3766,10501,29262,35185,14594,20591,4102,1952,1263,386,1770,362,373,235,472,422,720,2006,948,433,1305,456,350,355,624,2057,102432,59601,0,59601,188,80,74,318,585,167,171,107,567,76,1726,1748,2655,3684,3024,4209,8324,4666,10469,16763,42831,16617,26214,6220,3086,870,1304,1865,845,877,193,761,667,1005,1501,1094,915,365,654,1063,541,843,1545
ACSSF,2012e1,dc,000,0100,0000004,,,,,,,,,,,,,,,,,,,,,,,,,,,,,,,,,,,,,,,,,,,,,,,,,,,,,,,,,,,,,,,,,,,,,,,,,,,,,,,,,,,,,,,,,,,,,,,,202395,99963,64778,0,64778,44,50,284,52,88,105,319,157,956,566,1354,1602,1511,2651,2702,4104,4704,3766,10501,29262,35185,14594,20591,4102,1952,1263,386,1770,362,373,235,472,422,720,2006,948,433,1305,456,350,355,624,2057,102432,59601,0,59601,188,80,74,318,585,167,171,107,567,76,1726,1748,2655,3684,3024,4209,8324,4666,10469,16763,42831,16617,26214,6220,3086,870,1304,1865,845,877,193,761,667,1005,1501,1094,915,365,654,1063,541,843,1545
ACSSF,2012e1,dc,000,0100,0000005,,,,,,,,,,,,,,,,,,,,,,,,,,,,,,,,,,,,,,,,,,,,,,,,,,,,,,,,,,,,,,,,,,,,,,,,,,,,,,,,,,,,,,,,,,,,,,,,202395,99963,64778,0,64778,44,50,284,52,88,105,319,157,956,566,1354,1602,1511,2651,2702,4104,4704,3766,10501,29262,35185,14594,20591,4102,1952,1263,386,1770,362,373,235,472,422,720,2006,948,433,1305,456,350,355,624,2057,102432,59601,0,59601,188,80,74,318,585,167,171,107,567,76,1726,1748,2655,3684,3024,4209,8324,4666,10469,16763,42831,16617,26214,6220,3086,870,1304,1865,845,877,193,761,667,1005,1501,1094,915,365,654,1063,541,843,1545
ACSSF,2012e1,dc,000,0100,0000006,,,,,,,,,,,,,,,,,,,,,,,,,,,,,,,,,,,,,,,,,,,,,,,,,,,,,,,,,,,,,,,,,,,,,,,,,,,,,,,,,,,,,,,,,,,,,,,,202395,99963,64778,0,64778,44,50,284,52,88,105,319,157,956,566,1354,1602,1511,2651,2702,4104,4704,3766,10501,29262,35185,14594,20591,4102,1952,1263,386,1770,362,373,235,472,422,720,2006,948,433,1305,456,350,355,624,2057,102432,59601,0,59601,188,80,74,318,585,167,171,107,567,76,1726,1748,2655,3684,3024,4209,8324,4666,10469,16763,42831,16617,26214,6220,3086,870,1304,1865,845,877,193,761,667,1005,1501,1094,915,365,654,1063,541,843,1545
ACSSF,2012e1,dc,000,0100,0000007,,,,,,,,,,,,,,,,,,,,,,,,,,,,,,,,,,,,,,,,,,,,,,,,,,,,,,,,,,,,,,,,,,,,,,,,,,,,,,,,,,,,,,,,,,,,,,,,202395,99963,64778,0,64778,44,50,284,52,88,105,319,157,956,566,1354,1602,1511,2651,2702,4104,4704,3766,10501,29262,35185,14594,20591,4102,1952,1263,386,1770,362,373,235,472,422,720,2006,948,433,1305,456,350,355,624,2057,102432,59601,0,59601,188,80,74,318,585,167,171,107,567,76,1726,1748,2655,3684,3024,4209,8324,4666,10469,16763,42831,16617,26214,6220,3086,870,1304,1865,845,877,193,761,667,1005,1501,1094,915,365,654,1063,541,843,1545
ACSSF,2012e1,dc,000,0100,0000008,,,,,,,,,,,,,,,,,,,,,,,,,,,,,,,,,,,,,,,,,,,,,,,,,,,,,,,,,,,,,,,,,,,,,,,,,,,,,,,,,,,,,,,,,,,,,,,,202395,99963,64778,0,64778,44,50,284,52,88,105,319,157,956,566,1354,1602,1511,2651,2702,4104,4704,3766,10501,29262,35185,14594,20591,4102,1952,1263,386,1770,362,373,235,472,422,720,2006,948,433,1305,456,350,355,624,2057,102432,59601,0,59601,188,80,74,318,585,167,171,107,567,76,1726,1748,2655,3684,3024,4209,8324,4666,10469,16763,42831,16617,26214,6220,3086,870,1304,1865,845,877,193,761,667,1005,1501,1094,915,365,654,1063,541,843,1545
ACSSF,2012e1,dc,000,0100,0000009,,,,,,,,,,,,,,,,,,,,,,,,,,,,,,,,,,,,,,,,,,,,,,,,,,,,,,,,,,,,,,,,,,,,,,,,,,,,,,,,,,,,,,,,,,,,,,,,202395,99963,64778,0,64778,44,50,284,52,88,105,319,157,956,566,1354,1602,1511,2651,2702,4104,4704,3766,10501,29262,35185,14594,20591,4102,1952,1263,386,1770,362,373,235,472,422,720,2006,948,433,1305,456,350,355,624,2057,102432,59601,0,59601,188,80,74,318,585,167,171,107,567,76,1726,1748,2655,3684,3024,4209,8324,4666,10469,16763,42831,16617,26214,6220,3086,870,1304,1865,845,877,193,761,667,1005,1501,1094,915,365,654,1063,541,843,1545
ACSSF,2012e1,dc,000,0100,0000010,,,,,,,,,,,,,,,,,,,,,,,,,,,,,,,,,,,,,,,,,,,,,,,,,,,,,,,,,,,,,,,,,,,,,,,,,,,,,,,,,,,,,,,,,,,,,,,,,,,,,,,,,,,,,,,,,,,,,,,,,,,,,,,,,,,,,,,,,,,,,,,,,,,,,,,,,,,,,,,,,,,,,,,,,,,,,,,,,,,,,,,,,,,,,,
ACSSF,2012e1,dc,000,0100,0000011,,,,,,,,,,,,,,,,,,,,,,,,,,,,,,,,,,,,,,,,,,,,,,,,,,,,,,,,,,,,,,,,,,,,,,,,,,,,,,,,,,,,,,,,,,,,,,,,,,,,,,,,,,,,,,,,,,,,,,,,,,,,,,,,,,,,,,,,,,,,,,,,,,,,,,,,,,,,,,,,,,,,,,,,,,,,,,,,,,,,,,,,,,,,,,
ACSSF,2012e1,dc,000,0100,0000012,,,,,,,,,,,,,,,,,,,,,,,,,,,,,,,,,,,,,,,,,,,,,,,,,,,,,,,,,,,,,,,,,,,,,,,,,,,,,,,,,,,,,,,,,,,,,,,,,,,,,,,,,,,,,,,,,,,,,,,,,,,,,,,,,,,,,,,,,,,,,,,,,,,,,,,,,,,,,,,,,,,,,,,,,,,,,,,,,,,,,,,,,,,,,,
ACSSF,2012e1,dc,000,0100,0000013,,,,,,,,,,,,,,,,,,,,,,,,,,,,,,,,,,,,,,,,,,,,,,,,,,,,,,,,,,,,,,,,,,,,,,,,,,,,,,,,,,,,,,,,,,,,,,,,,,,,,,,,,,,,,,,,,,,,,,,,,,,,,,,,,,,,,,,,,,,,,,,,,,,,,,,,,,,,,,,,,,,,,,,,,,,,,,,,,,,,,,,,,,,,,,
ACSSF,2012e1,dc,000,0100,0000014,,,,,,,,,,,,,,,,,,,,,,,,,,,,,,,,,,,,,,,,,,,,,,,,,,,,,,,,,,,,,,,,,,,,,,,,,,,,,,,,,,,,,,,,,,,,,,,,73935,38878,26945,0,26945,0,0,148,0,48,0,0,90,421,362,372,370,494,1344,1445,1599,2133,2144,4861,11114,11933,4067,7866,1034,449,516,207,721,112,193,94,90,283,414,751,368,215,528,245,175,127,355,989,35057,23243,0,23243,23,80,0,110,323,50,85,0,221,41,907,265,998,1516,1551,1888,3378,1885,3742,6180,11814,4045,7769,2218,879,458,500,376,172,193,0,123,354,322,743,108,258,246,0,132,177,152,358
ACSSF,2012e1,dc,000,0100,0000015,,,,,,,,,,,,,,,,,,,,,,,,,,,,,,,,,,,,,,,,,,,,,,,,,,,,,,,,,,,,,,,,,,,,,,,,,,,,,,,,,,,,,,,,,,,,,,,,202395,99963,64778,0,64778,44,50,284,52,88,105,319,157,956,566,1354,1602,1511,2651,2702,4104,4704,3766,10501,29262,35185,14594,20591,4102,1952,1263,386,1770,362,373,235,472,422,720,2006,948,433,1305,456,350,355,624,2057,102432,59601,0,59601,188,80,74,318,585,167,171,107,567,76,1726,1748,2655,3684,3024,4209,8324,4666,10469,16763,42831,16617,26214,6220,3086,870,1304,1865,845,877,193,761,667,1005,1501,1094,915,365,654,1063,541,843,1545
