ACSSF,2010m1,dc,000,0051,0000001,383,6086,6763,3977,5891,5042,3503,1905,1729,886,1645,1673,738,3331,3262,1178,1028,6259,3974,4559,4292,2019,3274,3602,4632,3990,2351,3567,5891,3456,3208,3166,1015,1605,3368,2819,2690,844,1805,1909,1257,1037,938,469,705,1478,1405,1218,502,775,1645,982,479,391,316,885,1332,680,668,152,1322,3331,2196,1788,1625,741,1200,2425,1880,1709,728,1375,1.7,0.8,,,,,,,,,,,,,,,,,,,383,725,3853,3754,1310,3666,726,3577,3641,1054,3478,383,725,3853,3754,205,3760,726,3577,3641,540,3757,383,725,3853,3754,638,3703,726,3577,3641,808,3672,1.1,1.5,1.9,2.3,7.7,1.1,1.7,4.5,3.1,383,725,3853,3754,3959,2049,686,726,3577,3641,4211,2099,837
ACSSF,2010m1,dc,000,0051,0000002,383,6086,6763,3977,5891,5042,3503,1905,1729,886,1645,1673,738,3331,3262,1178,1028,6259,3974,4559,4292,2019,3274,3602,4632,3990,2351,3567,5891,3456,3208,3166,1015,1605,3368,2819,2690,844,1805,1909,1257,1037,938,469,705,1478,1405,1218,502,775,1645,982,479,391,316,885,1332,680,668,152,1322,3331,2196,1788,1625,741,1200,2425,1880,1709,728,1375,,,,,,,,,,,,,,,,,,,,,,,,,,,,,,,,,,,,,,,,,,,,,,,,,,,,,,,,,,,,,,,,,,,,,,,,,,,
ACSSF,2010m1,dc,000,0051,0000003,383,6086,6763,3977,5891,5042,3503,1905,1729,886,1645,1673,738,3331,3262,1178,1028,6259,3974,4559,4292,2019,3274,3602,4632,3990,2351,3567,5891,3456,3208,3166,1015,1605,3368,2819,2690,844,1805,1909,1257,1037,938,469,705,1478,1405,1218,502,775,1645,982,479,391,316,885,1332,680,668,152,1322,3331,2196,1788,1625,741,1200,2425,1880,1709,728,1375,,,,,,,,,,,,,,,,,,,,,,,,,,,,,,,,,,,,,,,,,,,,,,,,,,,,,,,,,,,,,,,,,,,,,,,,,,,
ACSSF,2010m1,dc,000,0051,0000004,383,6086,6763,3977,5891,5042,3503,1905,1729,886,1645,1673,738,3331,3262,1178,1028,6259,3974,4559,4292,2019,3274,3602,4632,3990,2351,3567,5891,3456,3208,3166,1015,1605,3368,2819,2690,844,1805,1909,1257,1037,938,469,705,1478,1405,1218,502,775,1645,982,479,391,316,885,1332,680,668,152,1322,3331,2196,1788,1625,741,1200,2425,1880,1709,728,1375,,,,,,,,,,,,,,,,,,,,,,,,,,,,,,,,,,,,,,,,,,,,,,,,,,,,,,,,,,,,,,,,,,,,,,,,,,,
ACSSF,2010m1,dc,000,0051,0000005,383,6086,6763,3977,5891,5042,3503,1905,1729,886,1645,1673,738,3331,3262,1178,1028,6259,3974,4559,4292,2019,3274,3602,4632,3990,2351,3567,5891,3456,3208,3166,1015,1605,3368,2819,2690,844,1805,1909,1257,1037,938,469,705,1478,1405,1218,502,775,1645,982,479,391,316,885,1332,680,668,152,1322,3331,2196,1788,1625,741,1200,2425,1880,1709,728,1375,,,,,,,,,,,,,,,,,,,,,,,,,,,,,,,,,,,,,,,,,,,,,,,,,,,,,,,,,,,,,,,,,,,,,,,,,,,
ACSSF,2010m1,dc,000,0051,0000006,383,6086,6763,3977,5891,5042,3503,1905,1729,886,1645,1673,738,3331,3262,1178,1028,6259,3974,4559,4292,2019,3274,3602,4632,3990,2351,3567,5891,3456,3208,3166,1015,1605,3368,2819,2690,844,1805,1909,1257,1037,938,469,705,1478,1405,1218,502,775,1645,982,479,391,316,885,1332,680,668,152,1322,3331,2196,1788,1625,741,1200,2425,1880,1709,728,1375,,,,,,,,,,,,,,,,,,,,,,,,,,,,,,,,,,,,,,,,,,,,,,,,,,,,,,,,,,,,,,,,,,,,,,,,,,,
ACSSF,2010m1,dc,000,0051,0000007,383,6086,6763,3977,5891,5042,3503,1905,1729,886,1645,1673,738,3331,3262,1178,1028,6259,3974,4559,4292,2019,3274,3602,4632,3990,2351,3567,5891,3456,3208,3166,1015,1605,3368,2819,2690,844,1805,1909,1257,1037,938,469,705,1478,1405,1218,502,775,1645,982,479,391,316,885,1332,680,668,152,1322,3331,2196,1788,1625,741,1200,2425,1880,1709,728,1375,,,,,,,,,,,,,,,,,,,,,,,,,,,,,,,,,,,,,,,,,,,,,,,,,,,,,,,,,,,,,,,,,,,,,,,,,,,
ACSSF,2010m1,dc,000,0051,0000008,383,6086,6763,3977,5891,5042,3503,1905,1729,886,1645,1673,738,3331,3262,1178,1028,6259,3974,4559,4292,2019,3274,3602,4632,3990,2351,3567,5891,3456,3208,3166,1015,1605,3368,2819,2690,844,1805,1909,1257,1037,938,469,705,1478,1405,1218,502,775,1645,982,479,391,316,885,1332,680,668,152,1322,3331,2196,1788,1625,741,1200,2425,1880,1709,728,1375,,,,,,,,,,,,,,,,,,,,,,,,,,,,,,,,,,,,,,,,,,,,,,,,,,,,,,,,,,,,,,,,,,,,,,,,,,,
ACSSF,2010m1,dc,000,0051,0000009,383,6086,6763,3977,5891,5042,3503,1905,1729,886,1645,1673,738,3331,3262,1178,1028,6259,3974,4559,4292,2019,3274,3602,4632,3990,2351,3567,5891,3456,3208,3166,1015,1605,3368,2819,2690,844,1805,1909,1257,1037,938,469,705,1478,1405,1218,502,775,1645,982,479,391,316,885,1332,680,668,152,1322,3331,2196,1788,1625,741,1200,2425,1880,1709,728,1375,,,,,,,,,,,,,,,,,,,,,,,,,,,,,,,,,,,,,,,,,,,,,,,,,,,,,,,,,,,,,,,,,,,,,,,,,,,
ACSSF,2010m1,dc,000,0051,0000010,4695,3529,3638,1318,3332,2743,1959,738,535,610,890,843,397,1289,1230,543,4672,3488,2621,2631,2614,363,1515,2528,2081,2088,315,1513,3332,1624,1622,1604,327,722,1996,1778,1739,214,1233,738,399,402,373,110,95,632,623,596,339,139,890,211,163,163,292,138,870,307,307,292,816,1289,734,602,602,292,332,913,730,659,324,551,,,,,,,,,,,,,,,,,,,,,,,,,,,,,,,,,,,,,,,,,,,,,,,,,,,,,,,,,,,,,,,,,,,,,,,,,,,
ACSSF,2010m1,dc,000,0051,0000011,6070,5496,5088,2480,2965,2039,2132,740,730,325,1134,986,526,1828,1655,841,5940,5313,3922,3242,2943,1167,1714,3224,2777,2589,922,1915,2965,1785,1524,1568,457,736,1457,1334,1296,585,740,740,437,410,289,349,79,568,514,468,229,293,1134,515,319,185,263,397,1015,246,231,72,941,1828,1185,1014,889,398,597,1441,1171,1075,370,703,,,,,,,,,,,,,,,,,,,,,,,,,,,,,,,,,,,,,,,,,,,,,,,,,,,,,,,,,,,,,,,,,,,,,,,,,,,
ACSSF,2010m1,dc,000,0051,0000012,6457,5699,5400,1695,3039,2807,1019,986,823,407,1140,1131,331,1727,1718,491,6402,5645,4149,3318,2999,1309,2025,3348,2677,2431,1053,2020,3039,1702,1590,1573,369,730,1491,1297,1214,529,868,971,661,582,536,213,490,703,689,648,209,228,1140,487,179,179,292,473,1051,542,541,64,989,1727,1223,1030,904,498,779,1036,977,861,521,677,,,,,,,,,,,,,,,,,,,,,,,,,,,,,,,,,,,,,,,,,,,,,,,,,,,,,,,,,,,,,,,,,,,,,,,,,,,
ACSSF,2010m1,dc,000,0051,0000013,6416,4651,4581,586,2547,2525,829,1121,1060,294,1192,1216,196,1946,1896,162,6226,4447,3233,2271,1659,1545,1998,2660,2598,1981,1505,1710,2547,1443,1219,1155,557,872,1256,995,965,297,704,1121,692,382,313,212,569,902,552,504,246,639,1192,711,294,238,173,647,970,399,379,115,902,1946,1135,769,700,305,743,1388,1170,1157,320,939,,,,,,,,,,,,,,,,,,,,,,,,,,,,,,,,,,,,,,,,,,,,,,,,,,,,,,,,,,,,,,,,,,,,,,,,,,,
ACSSF,2010m1,dc,000,0051,0000014,5205,4921,4582,2963,2723,2414,1447,874,832,201,594,558,261,1335,1125,607,5179,4885,3435,3105,3056,717,1805,2921,2679,2535,924,1971,2723,1540,1457,1380,318,765,1341,1214,1209,254,670,874,513,503,503,292,170,699,633,633,292,266,594,273,153,115,107,227,548,223,223,292,533,1335,877,798,808,153,344,913,711,682,145,569,,,,,,,,,,,,,,,,,,,,,,,,,,,,,,,,,,,,,,,,,,,,,,,,,,,,,,,,,,,,,,,,,,,,,,,,,,,
ACSSF,2010m1,dc,000,0051,0000015,383,6086,6763,3977,5891,5042,3503,1905,1729,886,1645,1673,738,3331,3262,1178,1028,6259,3974,4559,4292,2019,3274,3602,4632,3990,2351,3567,5891,3456,3208,3166,1015,1605,3368,2819,2690,844,1805,1909,1257,1037,938,469,705,1478,1405,1218,502,775,1645,982,479,391,316,885,1332,680,668,152,1322,3331,2196,1788,1625,741,1200,2425,1880,1709,728,1375,,,,,,,,,,,,,,,,,,,,,,,,,,,,,,,,,,,,,,,,,,,,,,,,,,,,,,,,,,,,,,,,,,,,,,,,,,,
