ACSSF,2010m1,dc,000,0032,0000001,1124,9830,9866,7827,9516,10851,6119,2534,5594,292,292,292,4177,2031,3679,1399,804,1232,,,,,,,,,,,,,,,,,,,,,,,,,,,,,,,,,,,,,,,,,,,,,,,,,,,,,,,,,,,,,1124,8281,7807,6807,6431,2332,4044,2835,2106,521,379,383,455,1472,,,,,,,,,,,,,,,,,,,,,,,,,,1124,8281,7807,6163,6163,292,4828,292,4828,292,4828,2250,995,3455,1679,1472,292,103,1448,1124,8281,7807,6807,6431,2332,4044,2835,2106,521,455,1472,,,,,,,,,,,,,,,,,,,,,,1124,8281,7807,6163,4828,292,4828,292,4828,1472,292,1472
ACSSF,2010m1,dc,000,0032,0000002,1124,9830,9866,7827,9516,10851,6119,2534,5594,292,292,292,4177,2031,3679,1399,804,1232,,,,,,,,,,,,,,,,,,,,,,,,,,,,,,,,,,,,,,,,,,,,,,,,,,,,,,,,,,,,,1124,8281,7807,6807,6431,2332,4044,2835,2106,521,379,383,455,1472,,,,,,,,,,,,,,,,,,,,,,,,,,1124,8281,7807,6163,6163,292,4828,292,4828,292,4828,2250,995,3455,1679,1472,292,103,1448,1124,8281,7807,6807,6431,2332,4044,2835,2106,521,455,1472,,,,,,,,,,,,,,,,,,,,,,1124,8281,7807,6163,4828,292,4828,292,4828,1472,292,1472
ACSSF,2010m1,dc,000,0032,0000003,1124,9830,9866,7827,9516,10851,6119,2534,5594,292,292,292,4177,2031,3679,1399,804,1232,,,,,,,,,,,,,,,,,,,,,,,,,,,,,,,,,,,,,,,,,,,,,,,,,,,,,,,,,,,,,1124,8281,7807,6807,6431,2332,4044,2835,2106,521,379,383,455,1472,,,,,,,,,,,,,,,,,,,,,,,,,,1124,8281,7807,6163,6163,292,4828,292,4828,292,4828,2250,995,3455,1679,1472,292,103,1448,1124,8281,7807,6807,6431,2332,4044,2835,2106,521,455,1472,,,,,,,,,,,,,,,,,,,,,,1124,8281,7807,6163,4828,292,4828,292,4828,1472,292,1472
ACSSF,2010m1,dc,000,0032,0000004,1124,9830,9866,7827,9516,10851,6119,2534,5594,292,292,292,4177,2031,3679,1399,804,1232,,,,,,,,,,,,,,,,,,,,,,,,,,,,,,,,,,,,,,,,,,,,,,,,,,,,,,,,,,,,,1124,8281,7807,6807,6431,2332,4044,2835,2106,521,379,383,455,1472,,,,,,,,,,,,,,,,,,,,,,,,,,1124,8281,7807,6163,6163,292,4828,292,4828,292,4828,2250,995,3455,1679,1472,292,103,1448,1124,8281,7807,6807,6431,2332,4044,2835,2106,521,455,1472,,,,,,,,,,,,,,,,,,,,,,1124,8281,7807,6163,4828,292,4828,292,4828,1472,292,1472
ACSSF,2010m1,dc,000,0032,0000005,1124,9830,9866,7827,9516,10851,6119,2534,5594,292,292,292,4177,2031,3679,1399,804,1232,,,,,,,,,,,,,,,,,,,,,,,,,,,,,,,,,,,,,,,,,,,,,,,,,,,,,,,,,,,,,1124,8281,7807,6807,6431,2332,4044,2835,2106,521,379,383,455,1472,,,,,,,,,,,,,,,,,,,,,,,,,,1124,8281,7807,6163,6163,292,4828,292,4828,292,4828,2250,995,3455,1679,1472,292,103,1448,1124,8281,7807,6807,6431,2332,4044,2835,2106,521,455,1472,,,,,,,,,,,,,,,,,,,,,,1124,8281,7807,6163,4828,292,4828,292,4828,1472,292,1472
ACSSF,2010m1,dc,000,0032,0000006,1124,9830,9866,7827,9516,10851,6119,2534,5594,292,292,292,4177,2031,3679,1399,804,1232,,,,,,,,,,,,,,,,,,,,,,,,,,,,,,,,,,,,,,,,,,,,,,,,,,,,,,,,,,,,,1124,8281,7807,6807,6431,2332,4044,2835,2106,521,379,383,455,1472,,,,,,,,,,,,,,,,,,,,,,,,,,1124,8281,7807,6163,6163,292,4828,292,4828,292,4828,2250,995,3455,1679,1472,292,103,1448,1124,8281,7807,6807,6431,2332,4044,2835,2106,521,455,1472,,,,,,,,,,,,,,,,,,,,,,1124,8281,7807,6163,4828,292,4828,292,4828,1472,292,1472
ACSSF,2010m1,dc,000,0032,0000007,1124,9830,9866,7827,9516,10851,6119,2534,5594,292,292,292,4177,2031,3679,1399,804,1232,,,,,,,,,,,,,,,,,,,,,,,,,,,,,,,,,,,,,,,,,,,,,,,,,,,,,,,,,,,,,1124,8281,7807,6807,6431,2332,4044,2835,2106,521,379,383,455,1472,,,,,,,,,,,,,,,,,,,,,,,,,,1124,8281,7807,6163,6163,292,4828,292,4828,292,4828,2250,995,3455,1679,1472,292,103,1448,1124,8281,7807,6807,6431,2332,4044,2835,2106,521,455,1472,,,,,,,,,,,,,,,,,,,,,,1124,8281,7807,6163,4828,292,4828,292,4828,1472,292,1472
ACSSF,2010m1,dc,000,0032,0000008,1124,9830,9866,7827,9516,10851,6119,2534,5594,292,292,292,4177,2031,3679,1399,804,1232,,,,,,,,,,,,,,,,,,,,,,,,,,,,,,,,,,,,,,,,,,,,,,,,,,,,,,,,,,,,,1124,8281,7807,6807,6431,2332,4044,2835,2106,521,379,383,455,1472,,,,,,,,,,,,,,,,,,,,,,,,,,1124,8281,7807,6163,6163,292,4828,292,4828,292,4828,2250,995,3455,1679,1472,292,103,1448,1124,8281,7807,6807,6431,2332,4044,2835,2106,521,455,1472,,,,,,,,,,,,,,,,,,,,,,1124,8281,7807,6163,4828,292,4828,292,4828,1472,292,1472
ACSSF,2010m1,dc,000,0032,0000009,1124,9830,9866,7827,9516,10851,6119,2534,5594,292,292,292,4177,2031,3679,1399,804,1232,,,,,,,,,,,,,,,,,,,,,,,,,,,,,,,,,,,,,,,,,,,,,,,,,,,,,,,,,,,,,1124,8281,7807,6807,6431,2332,4044,2835,2106,521,379,383,455,1472,,,,,,,,,,,,,,,,,,,,,,,,,,1124,8281,7807,6163,6163,292,4828,292,4828,292,4828,2250,995,3455,1679,1472,292,103,1448,1124,8281,7807,6807,6431,2332,4044,2835,2106,521,455,1472,,,,,,,,,,,,,,,,,,,,,,1124,8281,7807,6163,4828,292,4828,292,4828,1472,292,1472
ACSSF,2010m1,dc,000,0032,0000010,5100,4444,3885,4423,3978,3107,2046,1182,1692,292,292,292,1717,1292,1250,743,464,595,,,,,,,,,,,,,,,,,,,,,,,,,,,,,,,,,,,,,,,,,,,,,,,,,,,,,,,,,,,,,5278,4721,2980,2153,2018,530,1858,1287,1040,365,251,272,227,808,,,,,,,,,,,,,,,,,,,,,,,,,,5278,4721,2980,2006,2006,292,2096,292,2096,292,2096,1385,610,1088,726,808,292,292,808,5278,4721,2980,2153,2018,530,1858,1287,1040,365,227,808,,,,,,,,,,,,,,,,,,,,,,5278,4721,2980,2006,2096,292,2096,292,2096,808,292,808
ACSSF,2010m1,dc,000,0032,0000011,7142,4904,7661,6513,4555,6604,3023,1198,2768,292,292,292,1913,562,1838,630,187,609,,,,,,,,,,,,,,,,,,,,,,,,,,,,,,,,,,,,,,,,,,,,,,,,,,,,,,,,,,,,,7180,6614,3817,3568,3001,1315,1418,1094,771,215,215,292,130,630,,,,,,,,,,,,,,,,,,,,,,,,,,7180,6614,3817,3015,3015,292,1908,292,1908,292,1908,615,377,1536,658,630,292,292,630,7180,6614,3817,3568,3001,1315,1418,1094,771,215,130,630,,,,,,,,,,,,,,,,,,,,,,7180,6614,3817,3015,1908,292,1908,292,1908,630,292,630
ACSSF,2010m1,dc,000,0032,0000012,7246,6032,6423,6734,5610,5646,2673,1026,2390,292,292,292,2591,1179,2260,788,489,663,,,,,,,,,,,,,,,,,,,,,,,,,,,,,,,,,,,,,,,,,,,,,,,,,,,,,,,,,,,,,7280,6760,4252,3608,3300,1116,2170,1816,1096,193,50,188,167,786,,,,,,,,,,,,,,,,,,,,,,,,,,7280,6760,4252,3137,3137,292,2718,292,2718,292,2718,936,470,1806,1169,786,292,292,786,7280,6760,4252,3608,3300,1116,2170,1816,1096,193,167,786,,,,,,,,,,,,,,,,,,,,,,7280,6760,4252,3137,2718,292,2718,292,2718,786,292,786
ACSSF,2010m1,dc,000,0032,0000013,7079,4456,6719,7245,3982,6242,3629,1494,3325,292,292,292,1652,421,1657,486,396,282,,,,,,,,,,,,,,,,,,,,,,,,,,,,,,,,,,,,,,,,,,,,,,,,,,,,,,,,,,,,,7704,7771,4291,3691,3706,1130,1220,901,787,222,146,166,429,486,,,,,,,,,,,,,,,,,,,,,,,,,,,,,,,,,,,,,,,,,,,,,7704,7771,4291,3691,3706,1130,1220,901,787,222,429,486,,,,,,,,,,,,,,,,,,,,,,7704,7771,4291,3708,2006,292,2006,292,2006,486,292,486
ACSSF,2010m1,dc,000,0032,0000014,5277,3416,5366,5089,3271,5116,2394,868,2302,292,292,292,2224,540,2065,563,332,445,,,,,,,,,,,,,,,,,,,,,,,,,,,,,,,,,,,,,,,,,,,,,,,,,,,,,,,,,,,,,5729,5387,3668,2688,2543,896,2196,1662,1320,207,196,76,100,657,,,,,,,,,,,,,,,,,,,,,,,,,,5729,5387,3668,2386,2386,292,2790,292,2790,292,2790,1525,345,1960,653,657,292,103,609,5729,5387,3668,2688,2543,896,2196,1662,1320,207,100,657,,,,,,,,,,,,,,,,,,,,,,5729,5387,3668,2386,2790,292,2790,292,2790,657,292,657
ACSSF,2010m1,dc,000,0032,0000015,1124,9830,9866,7827,9516,10851,6119,2534,5594,292,292,292,4177,2031,3679,1399,804,1232,,,,,,,,,,,,,,,,,,,,,,,,,,,,,,,,,,,,,,,,,,,,,,,,,,,,,,,,,,,,,1124,8281,7807,6807,6431,2332,4044,2835,2106,521,379,383,455,1472,,,,,,,,,,,,,,,,,,,,,,,,,,1124,8281,7807,6163,6163,292,4828,292,4828,292,4828,2250,995,3455,1679,1472,292,103,1448,1124,8281,7807,6807,6431,2332,4044,2835,2106,521,455,1472,,,,,,,,,,,,,,,,,,,,,,1124,8281,7807,6163,4828,292,4828,292,4828,1472,292,1472
