ACSSF,2010m1,dc,000,0101,0000001,2481,1449,656,720,292,720,594,500,849,609,1148,160,1166,1040,1015,1074,874,1697,189,1747,1912,1629,1586,365,1310,292,1310,1277,703,1329,800,482,438,187,765,779,405,367,179,767,1497,710,747,292,747,439,578,1113,204,1383,292,1383,1095,949,1406,666,2012,83,2018,2218,1674,1856,538,1209,292,1209,1259,420,1143,886,660,656,98,946,1030,493,493,86,1034,,,,,,,,,,,,,,,,,,,,,,,,,,,,,,,,,,,,,,,,,,,,,,,,,,,,,,,,,,,,,,,,,,,,,,,,,,,,,,,,2481,1449,1401,2521,194,2536,2659,2255,2400,227,589,526,256,624,1497,1225,2623,83,2619,2836,2118,2552,564,868,862,132,1040,,,,,,,,,,,,,,,,,,,,,,,,,,,
ACSSF,2010m1,dc,000,0101,0000002,2481,1449,656,720,292,720,594,500,849,609,1148,160,1166,1040,1015,1074,874,1697,189,1747,1912,1629,1586,365,1310,292,1310,1277,703,1329,800,482,438,187,765,779,405,367,179,767,1497,710,747,292,747,439,578,1113,204,1383,292,1383,1095,949,1406,666,2012,83,2018,2218,1674,1856,538,1209,292,1209,1259,420,1143,886,660,656,98,946,1030,493,493,86,1034,,,,,,,,,,,,,,,,,,,,,,,,,,,,,,,,,,,,,,,,,,,,,,,,,,,,,,,,,,,,,,,,,,,,,,,,,,,,,,,,2481,1449,1401,2521,194,2536,2659,2255,2400,227,589,526,256,624,1497,1225,2623,83,2619,2836,2118,2552,564,868,862,132,1040,,,,,,,,,,,,,,,,,,,,,,,,,,,
ACSSF,2010m1,dc,000,0101,0000003,2481,1449,656,720,292,720,594,500,849,609,1148,160,1166,1040,1015,1074,874,1697,189,1747,1912,1629,1586,365,1310,292,1310,1277,703,1329,800,482,438,187,765,779,405,367,179,767,1497,710,747,292,747,439,578,1113,204,1383,292,1383,1095,949,1406,666,2012,83,2018,2218,1674,1856,538,1209,292,1209,1259,420,1143,886,660,656,98,946,1030,493,493,86,1034,,,,,,,,,,,,,,,,,,,,,,,,,,,,,,,,,,,,,,,,,,,,,,,,,,,,,,,,,,,,,,,,,,,,,,,,,,,,,,,,2481,1449,1401,2521,194,2536,2659,2255,2400,227,589,526,256,624,1497,1225,2623,83,2619,2836,2118,2552,564,868,862,132,1040,,,,,,,,,,,,,,,,,,,,,,,,,,,
ACSSF,2010m1,dc,000,0101,0000004,2481,1449,656,720,292,720,594,500,849,609,1148,160,1166,1040,1015,1074,874,1697,189,1747,1912,1629,1586,365,1310,292,1310,1277,703,1329,800,482,438,187,765,779,405,367,179,767,1497,710,747,292,747,439,578,1113,204,1383,292,1383,1095,949,1406,666,2012,83,2018,2218,1674,1856,538,1209,292,1209,1259,420,1143,886,660,656,98,946,1030,493,493,86,1034,,,,,,,,,,,,,,,,,,,,,,,,,,,,,,,,,,,,,,,,,,,,,,,,,,,,,,,,,,,,,,,,,,,,,,,,,,,,,,,,2481,1449,1401,2521,194,2536,2659,2255,2400,227,589,526,256,624,1497,1225,2623,83,2619,2836,2118,2552,564,868,862,132,1040,,,,,,,,,,,,,,,,,,,,,,,,,,,
ACSSF,2010m1,dc,000,0101,0000005,2481,1449,656,720,292,720,594,500,849,609,1148,160,1166,1040,1015,1074,874,1697,189,1747,1912,1629,1586,365,1310,292,1310,1277,703,1329,800,482,438,187,765,779,405,367,179,767,1497,710,747,292,747,439,578,1113,204,1383,292,1383,1095,949,1406,666,2012,83,2018,2218,1674,1856,538,1209,292,1209,1259,420,1143,886,660,656,98,946,1030,493,493,86,1034,,,,,,,,,,,,,,,,,,,,,,,,,,,,,,,,,,,,,,,,,,,,,,,,,,,,,,,,,,,,,,,,,,,,,,,,,,,,,,,,2481,1449,1401,2521,194,2536,2659,2255,2400,227,589,526,256,624,1497,1225,2623,83,2619,2836,2118,2552,564,868,862,132,1040,,,,,,,,,,,,,,,,,,,,,,,,,,,
ACSSF,2010m1,dc,000,0101,0000006,2481,1449,656,720,292,720,594,500,849,609,1148,160,1166,1040,1015,1074,874,1697,189,1747,1912,1629,1586,365,1310,292,1310,1277,703,1329,800,482,438,187,765,779,405,367,179,767,1497,710,747,292,747,439,578,1113,204,1383,292,1383,1095,949,1406,666,2012,83,2018,2218,1674,1856,538,1209,292,1209,1259,420,1143,886,660,656,98,946,1030,493,493,86,1034,,,,,,,,,,,,,,,,,,,,,,,,,,,,,,,,,,,,,,,,,,,,,,,,,,,,,,,,,,,,,,,,,,,,,,,,,,,,,,,,2481,1449,1401,2521,194,2536,2659,2255,2400,227,589,526,256,624,1497,1225,2623,83,2619,2836,2118,2552,564,868,862,132,1040,,,,,,,,,,,,,,,,,,,,,,,,,,,
ACSSF,2010m1,dc,000,0101,0000007,2481,1449,656,720,292,720,594,500,849,609,1148,160,1166,1040,1015,1074,874,1697,189,1747,1912,1629,1586,365,1310,292,1310,1277,703,1329,800,482,438,187,765,779,405,367,179,767,1497,710,747,292,747,439,578,1113,204,1383,292,1383,1095,949,1406,666,2012,83,2018,2218,1674,1856,538,1209,292,1209,1259,420,1143,886,660,656,98,946,1030,493,493,86,1034,,,,,,,,,,,,,,,,,,,,,,,,,,,,,,,,,,,,,,,,,,,,,,,,,,,,,,,,,,,,,,,,,,,,,,,,,,,,,,,,2481,1449,1401,2521,194,2536,2659,2255,2400,227,589,526,256,624,1497,1225,2623,83,2619,2836,2118,2552,564,868,862,132,1040,,,,,,,,,,,,,,,,,,,,,,,,,,,
ACSSF,2010m1,dc,000,0101,0000008,2481,1449,656,720,292,720,594,500,849,609,1148,160,1166,1040,1015,1074,874,1697,189,1747,1912,1629,1586,365,1310,292,1310,1277,703,1329,800,482,438,187,765,779,405,367,179,767,1497,710,747,292,747,439,578,1113,204,1383,292,1383,1095,949,1406,666,2012,83,2018,2218,1674,1856,538,1209,292,1209,1259,420,1143,886,660,656,98,946,1030,493,493,86,1034,,,,,,,,,,,,,,,,,,,,,,,,,,,,,,,,,,,,,,,,,,,,,,,,,,,,,,,,,,,,,,,,,,,,,,,,,,,,,,,,2481,1449,1401,2521,194,2536,2659,2255,2400,227,589,526,256,624,1497,1225,2623,83,2619,2836,2118,2552,564,868,862,132,1040,,,,,,,,,,,,,,,,,,,,,,,,,,,
ACSSF,2010m1,dc,000,0101,0000009,2481,1449,656,720,292,720,594,500,849,609,1148,160,1166,1040,1015,1074,874,1697,189,1747,1912,1629,1586,365,1310,292,1310,1277,703,1329,800,482,438,187,765,779,405,367,179,767,1497,710,747,292,747,439,578,1113,204,1383,292,1383,1095,949,1406,666,2012,83,2018,2218,1674,1856,538,1209,292,1209,1259,420,1143,886,660,656,98,946,1030,493,493,86,1034,,,,,,,,,,,,,,,,,,,,,,,,,,,,,,,,,,,,,,,,,,,,,,,,,,,,,,,,,,,,,,,,,,,,,,,,,,,,,,,,2481,1449,1401,2521,194,2536,2659,2255,2400,227,589,526,256,624,1497,1225,2623,83,2619,2836,2118,2552,564,868,862,132,1040,,,,,,,,,,,,,,,,,,,,,,,,,,,
ACSSF,2010m1,dc,000,0101,0000010,,,,,,,,,,,,,,,,,,,,,,,,,,,,,,,,,,,,,,,,,,,,,,,,,,,,,,,,,,,,,,,,,,,,,,,,,,,,,,,,,,,,,,,,,,,,,,,,,,,,,,,,,,,,,,,,,,,,,,,,,,,,,,,,,,,,,,,,,,,,,,,,,,,,,,,,,,,,,,,,,,,,,,,,,,,,,,,,,,,,,,,,,,,,,,,,,,,,,,,,,,,,,,,,,,,,
ACSSF,2010m1,dc,000,0101,0000011,5176,2901,844,273,292,273,198,202,682,1054,996,292,996,797,519,479,2040,1668,180,1674,1403,857,1030,878,601,292,601,557,263,759,403,315,315,292,356,685,181,181,292,681,3411,542,230,292,230,96,219,525,1060,680,292,680,589,438,1022,2044,1937,292,1937,1808,696,827,913,715,292,715,692,141,1053,594,285,285,292,521,1279,213,213,292,1232,,,,,,,,,,,,,,,,,,,,,,,,,,,,,,,,,,,,,,,,,,,,,,,,,,,,,,,,,,,,,,,,,,,,,,,,,,,,,,,,5176,2901,2677,1947,180,1929,1627,1064,1464,757,352,352,292,719,3411,2825,2350,292,2350,2182,960,1918,1408,360,360,292,1285,,,,,,,,,,,,,,,,,,,,,,,,,,,
ACSSF,2010m1,dc,000,0101,0000012,4926,3408,833,684,292,684,504,378,546,1041,858,292,858,491,794,673,2079,1717,292,1717,1512,827,1359,1007,875,292,875,792,612,902,568,125,89,86,558,689,319,268,155,642,3277,924,351,292,351,299,187,812,1076,758,292,758,635,247,1027,2099,1839,292,1839,1586,961,1128,983,920,292,920,889,173,803,558,250,248,98,499,1096,248,248,292,1108,,,,,,,,,,,,,,,,,,,,,,,,,,,,,,,,,,,,,,,,,,,,,,,,,,,,,,,,,,,,,,,,,,,,,,,,,,,,,,,,4926,3408,3122,2414,292,2414,1813,1538,1864,835,321,276,177,825,3277,2930,2189,292,2189,1949,1039,2083,1173,351,339,98,1205,,,,,,,,,,,,,,,,,,,,,,,,,,,
ACSSF,2010m1,dc,000,0101,0000013,5888,3675,925,368,292,368,141,345,933,1034,988,160,968,565,898,432,2203,1890,118,1909,1571,1406,1371,911,628,292,628,586,271,826,619,266,255,97,567,771,233,233,292,776,3560,943,535,292,535,328,391,706,1276,1150,292,1150,793,905,1004,2223,2140,83,2143,1872,1121,1499,859,728,292,728,683,346,786,878,325,325,292,850,967,312,298,86,910,,,,,,,,,,,,,,,,,,,,,,,,,,,,,,,,,,,,,,,,,,,,,,,,,,,,,,,,,,,,,,,,,,,,,,,,,,,,,,,,5888,3675,3324,2468,152,2492,1778,1972,2184,958,359,351,97,967,3560,3120,2751,83,2754,2220,1660,2088,1217,429,419,86,1216,,,,,,,,,,,,,,,,,,,,,,,,,,,
ACSSF,2010m1,dc,000,0101,0000014,3582,2309,608,129,292,129,129,292,595,795,358,292,358,265,239,641,1489,1326,292,1326,1208,542,544,799,641,292,641,616,172,697,415,153,153,292,370,417,121,82,89,400,2459,1248,502,292,502,239,303,992,546,533,292,533,455,197,198,1437,1267,292,1267,1118,703,705,787,640,292,640,627,189,559,521,390,390,292,337,690,289,289,292,578,,,,,,,,,,,,,,,,,,,,,,,,,,,,,,,,,,,,,,,,,,,,,,,,,,,,,,,,,,,,,,,,,,,,,,,,,,,,,,,,3582,2309,2148,1558,292,1558,1454,620,1198,655,194,173,89,605,2459,2281,1577,292,1577,1319,767,1495,873,553,553,292,661,,,,,,,,,,,,,,,,,,,,,,,,,,,
ACSSF,2010m1,dc,000,0101,0000015,2481,1449,656,720,292,720,594,500,849,609,1148,160,1166,1040,1015,1074,874,1697,189,1747,1912,1629,1586,365,1310,292,1310,1277,703,1329,800,482,438,187,765,779,405,367,179,767,1497,710,747,292,747,439,578,1113,204,1383,292,1383,1095,949,1406,666,2012,83,2018,2218,1674,1856,538,1209,292,1209,1259,420,1143,886,660,656,98,946,1030,493,493,86,1034,,,,,,,,,,,,,,,,,,,,,,,,,,,,,,,,,,,,,,,,,,,,,,,,,,,,,,,,,,,,,,,,,,,,,,,,,,,,,,,,2481,1449,1401,2521,194,2536,2659,2255,2400,227,589,526,256,624,1497,1225,2623,83,2619,2836,2118,2552,564,868,862,132,1040,,,,,,,,,,,,,,,,,,,,,,,,,,,
