ACSSF,2010m1,dc,000,0021,0000001,,,,,,,,,,,,,,,,,,,,,,,,,,,,,,,,,,,,,,,,,,,,,,,,,,,,,,,,,,,,,,,,,,,,,,,,,,,,,,,,,,,,,,,,,,,,,,,,,,,,,,,,,,,,,4942,292,1124,735,432,458,1009,2100,772,1345,429,2992,721,808,3202,2302,475,742,1280,539,1336,881,1014,286,991,1224,569,384,715,935,4222
ACSSF,2010m1,dc,000,0021,0000002,,,,,,,,,,,,,,,,,,,,,,,,,,,,,,,,,,,,,,,,,,,,,,,,,,,,,,,,,,,,,,,,,,,,,,,,,,,,,,,,,,,,,,,,,,,,,,,,,,,,,,,,,,,,,4942,292,1124,735,432,458,1009,2100,772,1345,429,2992,721,808,3202,2302,475,742,1280,539,1336,881,1014,286,991,1224,569,384,715,935,4222
ACSSF,2010m1,dc,000,0021,0000003,,,,,,,,,,,,,,,,,,,,,,,,,,,,,,,,,,,,,,,,,,,,,,,,,,,,,,,,,,,,,,,,,,,,,,,,,,,,,,,,,,,,,,,,,,,,,,,,,,,,,,,,,,,,,4942,292,1124,735,432,458,1009,2100,772,1345,429,2992,721,808,3202,2302,475,742,1280,539,1336,881,1014,286,991,1224,569,384,715,935,4222
ACSSF,2010m1,dc,000,0021,0000004,,,,,,,,,,,,,,,,,,,,,,,,,,,,,,,,,,,,,,,,,,,,,,,,,,,,,,,,,,,,,,,,,,,,,,,,,,,,,,,,,,,,,,,,,,,,,,,,,,,,,,,,,,,,,4942,292,1124,735,432,458,1009,2100,772,1345,429,2992,721,808,3202,2302,475,742,1280,539,1336,881,1014,286,991,1224,569,384,715,935,4222
ACSSF,2010m1,dc,000,0021,0000005,,,,,,,,,,,,,,,,,,,,,,,,,,,,,,,,,,,,,,,,,,,,,,,,,,,,,,,,,,,,,,,,,,,,,,,,,,,,,,,,,,,,,,,,,,,,,,,,,,,,,,,,,,,,,4942,292,1124,735,432,458,1009,2100,772,1345,429,2992,721,808,3202,2302,475,742,1280,539,1336,881,1014,286,991,1224,569,384,715,935,4222
ACSSF,2010m1,dc,000,0021,0000006,,,,,,,,,,,,,,,,,,,,,,,,,,,,,,,,,,,,,,,,,,,,,,,,,,,,,,,,,,,,,,,,,,,,,,,,,,,,,,,,,,,,,,,,,,,,,,,,,,,,,,,,,,,,,4942,292,1124,735,432,458,1009,2100,772,1345,429,2992,721,808,3202,2302,475,742,1280,539,1336,881,1014,286,991,1224,569,384,715,935,4222
ACSSF,2010m1,dc,000,0021,0000007,,,,,,,,,,,,,,,,,,,,,,,,,,,,,,,,,,,,,,,,,,,,,,,,,,,,,,,,,,,,,,,,,,,,,,,,,,,,,,,,,,,,,,,,,,,,,,,,,,,,,,,,,,,,,4942,292,1124,735,432,458,1009,2100,772,1345,429,2992,721,808,3202,2302,475,742,1280,539,1336,881,1014,286,991,1224,569,384,715,935,4222
ACSSF,2010m1,dc,000,0021,0000008,,,,,,,,,,,,,,,,,,,,,,,,,,,,,,,,,,,,,,,,,,,,,,,,,,,,,,,,,,,,,,,,,,,,,,,,,,,,,,,,,,,,,,,,,,,,,,,,,,,,,,,,,,,,,4942,292,1124,735,432,458,1009,2100,772,1345,429,2992,721,808,3202,2302,475,742,1280,539,1336,881,1014,286,991,1224,569,384,715,935,4222
ACSSF,2010m1,dc,000,0021,0000009,,,,,,,,,,,,,,,,,,,,,,,,,,,,,,,,,,,,,,,,,,,,,,,,,,,,,,,,,,,,,,,,,,,,,,,,,,,,,,,,,,,,,,,,,,,,,,,,,,,,,,,,,,,,,4942,292,1124,735,432,458,1009,2100,772,1345,429,2992,721,808,3202,2302,475,742,1280,539,1336,881,1014,286,991,1224,569,384,715,935,4222
ACSSF,2010m1,dc,000,0021,0000010,,,,,,,,,,,,,,,,,,,,,,,,,,,,,,,,,,,,,,,,,,,,,,,,,,,,,,,,,,,,,,,,,,,,,,,,,,,,,,,,,,,,,,,,,,,,,,,,,,,,,,,,,,,,,3442,292,818,573,160,283,831,1449,649,902,289,2003,490,577,2178,1682,394,585,1005,184,939,355,636,196,105,769,389,214,499,292,2568
ACSSF,2010m1,dc,000,0021,0000011,,,,,,,,,,,,,,,,,,,,,,,,,,,,,,,,,,,,,,,,,,,,,,,,,,,,,,,,,,,,,,,,,,,,,,,,,,,,,,,,,,,,,,,,,,,,,,,,,,,,,,,,,,,,,1835,292,106,85,292,110,342,786,387,378,176,1086,160,222,1128,443,135,272,369,385,407,297,210,74,597,332,159,144,356,358,1546
ACSSF,2010m1,dc,000,0021,0000012,,,,,,,,,,,,,,,,,,,,,,,,,,,,,,,,,,,,,,,,,,,,,,,,,,,,,,,,,,,,,,,,,,,,,,,,,,,,,,,,,,,,,,,,,,,,,,,,,,,,,,,,,,,,,2377,292,459,158,368,326,240,1124,174,933,124,1375,507,193,1423,813,252,207,474,277,546,567,470,292,570,805,227,195,320,275,1855
ACSSF,2010m1,dc,000,0021,0000013,,,,,,,,,,,,,,,,,,,,,,,,,,,,,,,,,,,,,,,,,,,,,,,,,,,,,,,,,,,,,,,,,,,,,,,,,,,,,,,,,,,,,,,,,,,,,,,,,,,,,,,,,,,,,,,,,,,,,,,,,,,,,,,,,,,,,,,,,,,
ACSSF,2010m1,dc,000,0021,0000014,,,,,,,,,,,,,,,,,,,,,,,,,,,,,,,,,,,,,,,,,,,,,,,,,,,,,,,,,,,,,,,,,,,,,,,,,,,,,,,,,,,,,,,,,,,,,,,,,,,,,,,,,,,,,2480,292,483,418,158,292,304,928,126,579,211,1251,155,442,1342,1099,170,327,729,162,652,328,513,174,398,345,175,216,267,765,1853
ACSSF,2010m1,dc,000,0021,0000015,,,,,,,,,,,,,,,,,,,,,,,,,,,,,,,,,,,,,,,,,,,,,,,,,,,,,,,,,,,,,,,,,,,,,,,,,,,,,,,,,,,,,,,,,,,,,,,,,,,,,,,,,,,,,4942,292,1124,735,432,458,1009,2100,772,1345,429,2992,721,808,3202,2302,475,742,1280,539,1336,881,1014,286,991,1224,569,384,715,935,4222
