ACSSF,2010m1,dc,000,0096,0000001,,,,,,,,,,,,,,,,,,,,,,,,,,,,,,,,,,,,,,,,,,,,,,,,,,,,,,,,,,,,,,,,,,,,,,,,,,,,,,,,,,,,,,,,,,,,,,,,,,,,564,513,485,563,738,224,768,800,100,575,576,65,431,429,292,459,459,304,165,153,221,260,207,335,74,153,173,292,292,292,292,292,292,100,122,122,172,186,2,595,595,2,143,143,168,141,225,167,292,167,60,60,292,60,4,126,126,2,292,2,293,292,293,293,292,293,,,,,,,,,,,,,,,,,,,,,,,,,,,,,,,1528,901,858,297,801,226,218,148,982,872,76,869,482,292,482,564,513,502,1155,1176,65,670,669,304,304,289,417,292,292,292,100,122,122,636,638,0,141,141,60,60,126,148,0,292,4
ACSSF,2010m1,dc,000,0096,0000002,,,,,,,,,,,,,,,,,,,,,,,,,,,,,,,,,,,,,,,,,,,,,,,,,,,,,,,,,,,,,,,,,,,,,,,,,,,,,,,,,,,,,,,,,,,,,,,,,,,,564,513,485,563,738,224,768,800,100,575,576,65,431,429,292,459,459,304,165,153,221,260,207,335,74,153,173,292,292,292,292,292,292,100,122,122,172,186,2,595,595,2,143,143,168,141,225,167,292,167,60,60,292,60,4,126,126,2,292,2,293,292,293,293,292,293,,,,,,,,,,,,,,,,,,,,,,,,,,,,,,,1528,901,858,297,801,226,218,148,982,872,76,869,482,292,482,564,513,502,1155,1176,65,670,669,304,304,289,417,292,292,292,100,122,122,636,638,0,141,141,60,60,126,148,0,292,4
ACSSF,2010m1,dc,000,0096,0000003,,,,,,,,,,,,,,,,,,,,,,,,,,,,,,,,,,,,,,,,,,,,,,,,,,,,,,,,,,,,,,,,,,,,,,,,,,,,,,,,,,,,,,,,,,,,,,,,,,,,564,513,485,563,738,224,768,800,100,575,576,65,431,429,292,459,459,304,165,153,221,260,207,335,74,153,173,292,292,292,292,292,292,100,122,122,172,186,2,595,595,2,143,143,168,141,225,167,292,167,60,60,292,60,4,126,126,2,292,2,293,292,293,293,292,293,,,,,,,,,,,,,,,,,,,,,,,,,,,,,,,1528,901,858,297,801,226,218,148,982,872,76,869,482,292,482,564,513,502,1155,1176,65,670,669,304,304,289,417,292,292,292,100,122,122,636,638,0,141,141,60,60,126,148,0,292,4
ACSSF,2010m1,dc,000,0096,0000004,,,,,,,,,,,,,,,,,,,,,,,,,,,,,,,,,,,,,,,,,,,,,,,,,,,,,,,,,,,,,,,,,,,,,,,,,,,,,,,,,,,,,,,,,,,,,,,,,,,,564,513,485,563,738,224,768,800,100,575,576,65,431,429,292,459,459,304,165,153,221,260,207,335,74,153,173,292,292,292,292,292,292,100,122,122,172,186,2,595,595,2,143,143,168,141,225,167,292,167,60,60,292,60,4,126,126,2,292,2,293,292,293,293,292,293,,,,,,,,,,,,,,,,,,,,,,,,,,,,,,,1528,901,858,297,801,226,218,148,982,872,76,869,482,292,482,564,513,502,1155,1176,65,670,669,304,304,289,417,292,292,292,100,122,122,636,638,0,141,141,60,60,126,148,0,292,4
ACSSF,2010m1,dc,000,0096,0000005,,,,,,,,,,,,,,,,,,,,,,,,,,,,,,,,,,,,,,,,,,,,,,,,,,,,,,,,,,,,,,,,,,,,,,,,,,,,,,,,,,,,,,,,,,,,,,,,,,,,564,513,485,563,738,224,768,800,100,575,576,65,431,429,292,459,459,304,165,153,221,260,207,335,74,153,173,292,292,292,292,292,292,100,122,122,172,186,2,595,595,2,143,143,168,141,225,167,292,167,60,60,292,60,4,126,126,2,292,2,293,292,293,293,292,293,,,,,,,,,,,,,,,,,,,,,,,,,,,,,,,1528,901,858,297,801,226,218,148,982,872,76,869,482,292,482,564,513,502,1155,1176,65,670,669,304,304,289,417,292,292,292,100,122,122,636,638,0,141,141,60,60,126,148,0,292,4
ACSSF,2010m1,dc,000,0096,0000006,,,,,,,,,,,,,,,,,,,,,,,,,,,,,,,,,,,,,,,,,,,,,,,,,,,,,,,,,,,,,,,,,,,,,,,,,,,,,,,,,,,,,,,,,,,,,,,,,,,,564,513,485,563,738,224,768,800,100,575,576,65,431,429,292,459,459,304,165,153,221,260,207,335,74,153,173,292,292,292,292,292,292,100,122,122,172,186,2,595,595,2,143,143,168,141,225,167,292,167,60,60,292,60,4,126,126,2,292,2,293,292,293,293,292,293,,,,,,,,,,,,,,,,,,,,,,,,,,,,,,,1528,901,858,297,801,226,218,148,982,872,76,869,482,292,482,564,513,502,1155,1176,65,670,669,304,304,289,417,292,292,292,100,122,122,636,638,0,141,141,60,60,126,148,0,292,4
ACSSF,2010m1,dc,000,0096,0000007,,,,,,,,,,,,,,,,,,,,,,,,,,,,,,,,,,,,,,,,,,,,,,,,,,,,,,,,,,,,,,,,,,,,,,,,,,,,,,,,,,,,,,,,,,,,,,,,,,,,564,513,485,563,738,224,768,800,100,575,576,65,431,429,292,459,459,304,165,153,221,260,207,335,74,153,173,292,292,292,292,292,292,100,122,122,172,186,2,595,595,2,143,143,168,141,225,167,292,167,60,60,292,60,4,126,126,2,292,2,293,292,293,293,292,293,,,,,,,,,,,,,,,,,,,,,,,,,,,,,,,1528,901,858,297,801,226,218,148,982,872,76,869,482,292,482,564,513,502,1155,1176,65,670,669,304,304,289,417,292,292,292,100,122,122,636,638,0,141,141,60,60,126,148,0,292,4
ACSSF,2010m1,dc,000,0096,0000008,,,,,,,,,,,,,,,,,,,,,,,,,,,,,,,,,,,,,,,,,,,,,,,,,,,,,,,,,,,,,,,,,,,,,,,,,,,,,,,,,,,,,,,,,,,,,,,,,,,,564,513,485,563,738,224,768,800,100,575,576,65,431,429,292,459,459,304,165,153,221,260,207,335,74,153,173,292,292,292,292,292,292,100,122,122,172,186,2,595,595,2,143,143,168,141,225,167,292,167,60,60,292,60,4,126,126,2,292,2,293,292,293,293,292,293,,,,,,,,,,,,,,,,,,,,,,,,,,,,,,,1528,901,858,297,801,226,218,148,982,872,76,869,482,292,482,564,513,502,1155,1176,65,670,669,304,304,289,417,292,292,292,100,122,122,636,638,0,141,141,60,60,126,148,0,292,4
ACSSF,2010m1,dc,000,0096,0000009,,,,,,,,,,,,,,,,,,,,,,,,,,,,,,,,,,,,,,,,,,,,,,,,,,,,,,,,,,,,,,,,,,,,,,,,,,,,,,,,,,,,,,,,,,,,,,,,,,,,564,513,485,563,738,224,768,800,100,575,576,65,431,429,292,459,459,304,165,153,221,260,207,335,74,153,173,292,292,292,292,292,292,100,122,122,172,186,2,595,595,2,143,143,168,141,225,167,292,167,60,60,292,60,4,126,126,2,292,2,293,292,293,293,292,293,,,,,,,,,,,,,,,,,,,,,,,,,,,,,,,1528,901,858,297,801,226,218,148,982,872,76,869,482,292,482,564,513,502,1155,1176,65,670,669,304,304,289,417,292,292,292,100,122,122,636,638,0,141,141,60,60,126,148,0,292,4
ACSSF,2010m1,dc,000,0096,0000010,,,,,,,,,,,,,,,,,,,,,,,,,,,,,,,,,,,,,,,,,,,,,,,,,,,,,,,,,,,,,,,,,,,,,,,,,,,,,,,,,,,,,,,,,,,,,,,,,,,,3957,2759,2486,96,2499,1217,429,1183,733,352,704,511,350,505,426,425,427,2433,1873,292,1873,1096,292,1096,795,96,783,473,292,473,502,292,502,,,,,,,,,,,,,,,,,,,,,,,,,,,,,,,,,,,,,,,,,,,,,,,,,,,,,,,,,,,,,,,,,,,,,,,,,,,,,,,3957,2759,2630,607,2619,635,516,698,2433,2322,96,2315,653,292,653,,,,,,,,,,,,,,,
ACSSF,2010m1,dc,000,0096,0000011,,,,,,,,,,,,,,,,,,,,,,,,,,,,,,,,,,,,,,,,,,,,,,,,,,,,,,,,,,,,,,,,,,,,,,,,,,,,,,,,,,,,,,,,,,,,,,,,,,,,2825,2284,1879,245,1850,1102,292,1102,456,246,392,296,286,135,352,240,235,1832,1284,292,1284,700,292,700,618,292,618,204,292,204,223,292,223,,,,,,,,,,,,,,,,,,,,,,,,,,,,,,,,,,,,,,,,,,,,,,,,,,,,,,,,,,,,,,,,,,,,,,,,,,,,,,,2825,2284,2230,351,2200,413,375,243,1832,1773,292,1773,309,292,309,2899,1578,1515,557,1557,254,117,304,1668,1581,292,1581,328,292,328
ACSSF,2010m1,dc,000,0096,0000012,,,,,,,,,,,,,,,,,,,,,,,,,,,,,,,,,,,,,,,,,,,,,,,,,,,,,,,,,,,,,,,,,,,,,,,,,,,,,,,,,,,,,,,,,,,,,,,,,,,,3424,2475,2423,425,2420,878,321,820,576,305,489,350,126,281,120,95,73,1864,1658,68,1665,805,207,790,403,73,405,316,292,316,118,292,118,,,,,,,,,,,,,,,,,,,,,,,,,,,,,,,,,,,,,,,,,,,,,,,,,,,,,,,,,,,,,,,,,,,,,,,,,,,,,,,3424,2475,2512,717,2458,369,158,295,1864,1818,228,1827,339,292,339,,,,,,,,,,,,,,,
ACSSF,2010m1,dc,000,0096,0000013,,,,,,,,,,,,,,,,,,,,,,,,,,,,,,,,,,,,,,,,,,,,,,,,,,,,,,,,,,,,,,,,,,,,,,,,,,,,,,,,,,,,,,,,,,,,,,,,,,,,,,,,,,,,,,,,,,,,,,,,,,,,,,,,,,,,,,,,,,,,,,,,,,,,,,,,,,,,,,,,,,,,,,,,,,,,,,,,,,,,,,,,,,,,,,,,,,,,,,,,,,,,,,,,,,,,,,,,,,,,,,,,,,,,,,,,,,,,,,,,
ACSSF,2010m1,dc,000,0096,0000014,,,,,,,,,,,,,,,,,,,,,,,,,,,,,,,,,,,,,,,,,,,,,,,,,,,,,,,,,,,,,,,,,,,,,,,,,,,,,,,,,,,,,,,,,,,,,,,,,,,,3263,2242,2105,292,2132,1144,381,1165,548,243,497,495,196,402,273,198,183,2392,2109,140,2116,858,292,858,544,92,535,346,292,346,398,292,398,,,,,,,,,,,,,,,,,,,,,,,,,,,,,,,,,,,,,,,,,,,,,,,,,,,,,,,,,,,,,,,,,,,,,,,,,,,,,,,3263,2242,2116,516,2178,537,276,422,2392,2381,167,2399,460,292,460,,,,,,,,,,,,,,,
ACSSF,2010m1,dc,000,0096,0000015,,,,,,,,,,,,,,,,,,,,,,,,,,,,,,,,,,,,,,,,,,,,,,,,,,,,,,,,,,,,,,,,,,,,,,,,,,,,,,,,,,,,,,,,,,,,,,,,,,,,564,513,485,563,738,224,768,800,100,575,576,65,431,429,292,459,459,304,165,153,221,260,207,335,74,153,173,292,292,292,292,292,292,100,122,122,172,186,2,595,595,2,143,143,168,141,225,167,292,167,60,60,292,60,4,126,126,2,292,2,293,292,293,293,292,293,,,,,,,,,,,,,,,,,,,,,,,,,,,,,,,1528,901,858,297,801,226,218,148,982,872,76,869,482,292,482,564,513,502,1155,1176,65,670,669,304,304,289,417,292,292,292,100,122,122,636,638,0,141,141,60,60,126,148,0,292,4
