ACSSF,2015e1,dc,000,0067,0000001,,,,,,,,,,,,,,,,,,,,,,,,,,,,,,,,,,,,,,,,,,,,,,,,,,,,,,,,,,,,,,,,,,,,,,,,,,,,,,,,,,,125178,17494,2534,1343,14960,1774,1039,13186,11116,107684,69323,28775,38361,9060,4385,29301,16461,47949,595,213,0,382,40,40,342,273,47354,42625,16564,4729,1725,856,3004,1526,63979,15338,1938,1029,13400,1083,466,12317,10316,48641,18585,7874,30056,6329,3331,23727,13208,,,,,,,,,,,,,,,,,,,,,,,,,,,,,,,,,,,,,,,,,,,,,,,,,,,,6485,1307,314,314,993,619,501,374,374,5178,3445,2225,1733,588,119,1145,841,,,,,,,,,,,,,,,,,,43527,475,133,0,342,0,0,342,273,43052,39183,14551,3869,1404,741,2465,1213
ACSSF,2015e1,dc,000,0067,0000002,,,,,,,,,,,,,,,,,,,,,,,,,,,,,,,,,,,,,,,,,,,,,,,,,,,,,,,,,,,,,,,,,,,,,,,,,,,,,,,,,,,125178,17494,2534,1343,14960,1774,1039,13186,11116,107684,69323,28775,38361,9060,4385,29301,16461,47949,595,213,0,382,40,40,342,273,47354,42625,16564,4729,1725,856,3004,1526,63979,15338,1938,1029,13400,1083,466,12317,10316,48641,18585,7874,30056,6329,3331,23727,13208,,,,,,,,,,,,,,,,,,,,,,,,,,,,,,,,,,,,,,,,,,,,,,,,,,,,6485,1307,314,314,993,619,501,374,374,5178,3445,2225,1733,588,119,1145,841,,,,,,,,,,,,,,,,,,43527,475,133,0,342,0,0,342,273,43052,39183,14551,3869,1404,741,2465,1213
ACSSF,2015e1,dc,000,0067,0000003,,,,,,,,,,,,,,,,,,,,,,,,,,,,,,,,,,,,,,,,,,,,,,,,,,,,,,,,,,,,,,,,,,,,,,,,,,,,,,,,,,,125178,17494,2534,1343,14960,1774,1039,13186,11116,107684,69323,28775,38361,9060,4385,29301,16461,47949,595,213,0,382,40,40,342,273,47354,42625,16564,4729,1725,856,3004,1526,63979,15338,1938,1029,13400,1083,466,12317,10316,48641,18585,7874,30056,6329,3331,23727,13208,,,,,,,,,,,,,,,,,,,,,,,,,,,,,,,,,,,,,,,,,,,,,,,,,,,,6485,1307,314,314,993,619,501,374,374,5178,3445,2225,1733,588,119,1145,841,,,,,,,,,,,,,,,,,,43527,475,133,0,342,0,0,342,273,43052,39183,14551,3869,1404,741,2465,1213
ACSSF,2015e1,dc,000,0067,0000004,,,,,,,,,,,,,,,,,,,,,,,,,,,,,,,,,,,,,,,,,,,,,,,,,,,,,,,,,,,,,,,,,,,,,,,,,,,,,,,,,,,125178,17494,2534,1343,14960,1774,1039,13186,11116,107684,69323,28775,38361,9060,4385,29301,16461,47949,595,213,0,382,40,40,342,273,47354,42625,16564,4729,1725,856,3004,1526,63979,15338,1938,1029,13400,1083,466,12317,10316,48641,18585,7874,30056,6329,3331,23727,13208,,,,,,,,,,,,,,,,,,,,,,,,,,,,,,,,,,,,,,,,,,,,,,,,,,,,6485,1307,314,314,993,619,501,374,374,5178,3445,2225,1733,588,119,1145,841,,,,,,,,,,,,,,,,,,43527,475,133,0,342,0,0,342,273,43052,39183,14551,3869,1404,741,2465,1213
ACSSF,2015e1,dc,000,0067,0000005,,,,,,,,,,,,,,,,,,,,,,,,,,,,,,,,,,,,,,,,,,,,,,,,,,,,,,,,,,,,,,,,,,,,,,,,,,,,,,,,,,,125178,17494,2534,1343,14960,1774,1039,13186,11116,107684,69323,28775,38361,9060,4385,29301,16461,47949,595,213,0,382,40,40,342,273,47354,42625,16564,4729,1725,856,3004,1526,63979,15338,1938,1029,13400,1083,466,12317,10316,48641,18585,7874,30056,6329,3331,23727,13208,,,,,,,,,,,,,,,,,,,,,,,,,,,,,,,,,,,,,,,,,,,,,,,,,,,,6485,1307,314,314,993,619,501,374,374,5178,3445,2225,1733,588,119,1145,841,,,,,,,,,,,,,,,,,,43527,475,133,0,342,0,0,342,273,43052,39183,14551,3869,1404,741,2465,1213
ACSSF,2015e1,dc,000,0067,0000006,,,,,,,,,,,,,,,,,,,,,,,,,,,,,,,,,,,,,,,,,,,,,,,,,,,,,,,,,,,,,,,,,,,,,,,,,,,,,,,,,,,125178,17494,2534,1343,14960,1774,1039,13186,11116,107684,69323,28775,38361,9060,4385,29301,16461,47949,595,213,0,382,40,40,342,273,47354,42625,16564,4729,1725,856,3004,1526,63979,15338,1938,1029,13400,1083,466,12317,10316,48641,18585,7874,30056,6329,3331,23727,13208,,,,,,,,,,,,,,,,,,,,,,,,,,,,,,,,,,,,,,,,,,,,,,,,,,,,6485,1307,314,314,993,619,501,374,374,5178,3445,2225,1733,588,119,1145,841,,,,,,,,,,,,,,,,,,43527,475,133,0,342,0,0,342,273,43052,39183,14551,3869,1404,741,2465,1213
ACSSF,2015e1,dc,000,0067,0000007,,,,,,,,,,,,,,,,,,,,,,,,,,,,,,,,,,,,,,,,,,,,,,,,,,,,,,,,,,,,,,,,,,,,,,,,,,,,,,,,,,,125178,17494,2534,1343,14960,1774,1039,13186,11116,107684,69323,28775,38361,9060,4385,29301,16461,47949,595,213,0,382,40,40,342,273,47354,42625,16564,4729,1725,856,3004,1526,63979,15338,1938,1029,13400,1083,466,12317,10316,48641,18585,7874,30056,6329,3331,23727,13208,,,,,,,,,,,,,,,,,,,,,,,,,,,,,,,,,,,,,,,,,,,,,,,,,,,,6485,1307,314,314,993,619,501,374,374,5178,3445,2225,1733,588,119,1145,841,,,,,,,,,,,,,,,,,,43527,475,133,0,342,0,0,342,273,43052,39183,14551,3869,1404,741,2465,1213
ACSSF,2015e1,dc,000,0067,0000008,,,,,,,,,,,,,,,,,,,,,,,,,,,,,,,,,,,,,,,,,,,,,,,,,,,,,,,,,,,,,,,,,,,,,,,,,,,,,,,,,,,125178,17494,2534,1343,14960,1774,1039,13186,11116,107684,69323,28775,38361,9060,4385,29301,16461,47949,595,213,0,382,40,40,342,273,47354,42625,16564,4729,1725,856,3004,1526,63979,15338,1938,1029,13400,1083,466,12317,10316,48641,18585,7874,30056,6329,3331,23727,13208,,,,,,,,,,,,,,,,,,,,,,,,,,,,,,,,,,,,,,,,,,,,,,,,,,,,6485,1307,314,314,993,619,501,374,374,5178,3445,2225,1733,588,119,1145,841,,,,,,,,,,,,,,,,,,43527,475,133,0,342,0,0,342,273,43052,39183,14551,3869,1404,741,2465,1213
ACSSF,2015e1,dc,000,0067,0000009,,,,,,,,,,,,,,,,,,,,,,,,,,,,,,,,,,,,,,,,,,,,,,,,,,,,,,,,,,,,,,,,,,,,,,,,,,,,,,,,,,,125178,17494,2534,1343,14960,1774,1039,13186,11116,107684,69323,28775,38361,9060,4385,29301,16461,47949,595,213,0,382,40,40,342,273,47354,42625,16564,4729,1725,856,3004,1526,63979,15338,1938,1029,13400,1083,466,12317,10316,48641,18585,7874,30056,6329,3331,23727,13208,,,,,,,,,,,,,,,,,,,,,,,,,,,,,,,,,,,,,,,,,,,,,,,,,,,,6485,1307,314,314,993,619,501,374,374,5178,3445,2225,1733,588,119,1145,841,,,,,,,,,,,,,,,,,,43527,475,133,0,342,0,0,342,273,43052,39183,14551,3869,1404,741,2465,1213
ACSSF,2015e1,dc,000,0067,0000010,,,,,,,,,,,,,,,,,,,,,,,,,,,,,,,,,,,,,,,,,,,,,,,,,,,,,,,,,,,,,,,,,,,,,,,,,,,,,,,,,,,22019,406,58,0,348,40,40,308,308,21613,18912,8333,2701,946,760,1755,934,,,,,,,,,,,,,,,,,,,,,,,,,,,,,,,,,,,,,,,,,,,,,,,,,,,,,,,,,,,,,,,,,,,,,,,,,,,,,,,,,,,,,,,,,,,,,,,,,,,,,,,,,,,,,,,,,,,,,,,,,,,,,,,,,,,,,,,,
ACSSF,2015e1,dc,000,0067,0000011,,,,,,,,,,,,,,,,,,,,,,,,,,,,,,,,,,,,,,,,,,,,,,,,,,,,,,,,,,,,,,,,,,,,,,,,,,,,,,,,,,,24675,2737,628,497,2109,547,395,1562,1250,21938,13636,6847,8302,2319,856,5983,2493,,,,,,,,,,,,,,,,,,12612,1576,280,183,1296,34,0,1262,950,11036,4940,2176,6096,1419,621,4677,1905,,,,,,,,,,,,,,,,,,,,,,,,,,,,,,,,,,,,,,,,,,,,,,,,,,,,4155,1088,314,314,774,513,395,261,261,3067,2005,1594,1062,487,119,575,271,,,,,,,,,,,,,,,,,,,,,,,,,,,,,,,,,,
ACSSF,2015e1,dc,000,0067,0000012,,,,,,,,,,,,,,,,,,,,,,,,,,,,,,,,,,,,,,,,,,,,,,,,,,,,,,,,,,,,,,,,,,,,,,,,,,,,,,,,,,,21485,1353,263,62,1090,146,84,944,879,20132,12781,5848,7351,1710,918,5641,3309,,,,,,,,,,,,,,,,,,10844,1239,183,62,1056,112,50,944,879,9605,3623,1519,5982,1226,712,4756,2657,,,,,,,,,,,,,,,,,,,,,,,,,,,,,,,,,,,,,,,,,,,,,,,,,,,,,,,,,,,,,,,,,,,,,,,,,,,,,,,,,,,,,,,,,,,,,,,,,,,,,,
ACSSF,2015e1,dc,000,0067,0000013,,,,,,,,,,,,,,,,,,,,,,,,,,,,,,,,,,,,,,,,,,,,,,,,,,,,,,,,,,,,,,,,,,,,,,,,,,,,,,,,,,,36664,11415,1228,680,10187,885,420,9302,7948,25249,9052,3770,16197,3549,1735,12648,8289,,,,,,,,,,,,,,,,,,34188,11050,1228,680,9822,781,316,9041,7756,23138,7434,3051,15704,3281,1708,12423,8168,,,,,,,,,,,,,,,,,,,,,,,,,,,,,,,,,,,,,,,,,,,,,,,,,,,,,,,,,,,,,,,,,,,,,,,,,,,,,,,,,,,,,,,,,,,,,,,,,,,,,,
ACSSF,2015e1,dc,000,0067,0000014,,,,,,,,,,,,,,,,,,,,,,,,,,,,,,,,,,,,,,,,,,,,,,,,,,,,,,,,,,,,,,,,,,,,,,,,,,,,,,,,,,,20335,1583,357,104,1226,156,100,1070,731,18752,14942,3977,3810,536,116,3274,1436,,,,,,,,,,,,,,,,,,5075,1473,247,104,1226,156,100,1070,731,3602,1696,550,1906,150,37,1756,478,,,,,,,,,,,,,,,,,,,,,,,,,,,,,,,,,,,,,,,,,,,,,,,,,,,,,,,,,,,,,,,,,,,,,,,,,,,,,,,,,,,,,,,,,,,,,,,,,,,,,,
ACSSF,2015e1,dc,000,0067,0000015,,,,,,,,,,,,,,,,,,,,,,,,,,,,,,,,,,,,,,,,,,,,,,,,,,,,,,,,,,,,,,,,,,,,,,,,,,,,,,,,,,,125178,17494,2534,1343,14960,1774,1039,13186,11116,107684,69323,28775,38361,9060,4385,29301,16461,47949,595,213,0,382,40,40,342,273,47354,42625,16564,4729,1725,856,3004,1526,63979,15338,1938,1029,13400,1083,466,12317,10316,48641,18585,7874,30056,6329,3331,23727,13208,,,,,,,,,,,,,,,,,,,,,,,,,,,,,,,,,,,,,,,,,,,,,,,,,,,,6485,1307,314,314,993,619,501,374,374,5178,3445,2225,1733,588,119,1145,841,,,,,,,,,,,,,,,,,,43527,475,133,0,342,0,0,342,273,43052,39183,14551,3869,1404,741,2465,1213
