ACSSF,2015e1,dc,000,0004,0000001,672228,269143,318831,1661,25944,475,34797,21377,3583,17794,,,,,,,,,,,,,,,,,,,,,,,,,,,,,,,,,,,,,,,,,,,,,,,,,,,,,,,,,,,,,,,,,,,,,,,,285402,328786,6130,35072,1742,38687,,,,,,,,,,,,,,,,,,,,,,,,,,,,,,,,,,,,,,,,,,,,,,,,,,,,,,,,,,,,,,,,,,,,,,,,,,,,,,,,,,,,,,,,,,,,,672228,650851,269143,318831,1661,25944,475,34797,21377,3583,17794,19163,4912,1405,6474,1560,4812,2214,0,,,,,,,,,,25944,7129,6745,3263,960,2271,2381,3195,,,,,
ACSSF,2015e1,dc,000,0004,0000002,672228,269143,318831,1661,25944,475,34797,21377,3583,17794,,,,,,,,,,,,,,,,,,,,,,,,,,,,,,,,,,,,,,,,,,,,,,,,,,,,,,,,,,,,,,,,,,,,,,,,285402,328786,6130,35072,1742,38687,,,,,,,,,,,,,,,,,,,,,,,,,,,,,,,,,,,,,,,,,,,,,,,,,,,,,,,,,,,,,,,,,,,,,,,,,,,,,,,,,,,,,,,,,,,,,672228,650851,269143,318831,1661,25944,475,34797,21377,3583,17794,19163,4912,1405,6474,1560,4812,2214,0,,,,,,,,,,25944,7129,6745,3263,960,2271,2381,3195,,,,,
ACSSF,2015e1,dc,000,0004,0000003,672228,269143,318831,1661,25944,475,34797,21377,3583,17794,,,,,,,,,,,,,,,,,,,,,,,,,,,,,,,,,,,,,,,,,,,,,,,,,,,,,,,,,,,,,,,,,,,,,,,,285402,328786,6130,35072,1742,38687,,,,,,,,,,,,,,,,,,,,,,,,,,,,,,,,,,,,,,,,,,,,,,,,,,,,,,,,,,,,,,,,,,,,,,,,,,,,,,,,,,,,,,,,,,,,,672228,650851,269143,318831,1661,25944,475,34797,21377,3583,17794,19163,4912,1405,6474,1560,4812,2214,0,,,,,,,,,,25944,7129,6745,3263,960,2271,2381,3195,,,,,
ACSSF,2015e1,dc,000,0004,0000004,672228,269143,318831,1661,25944,475,34797,21377,3583,17794,,,,,,,,,,,,,,,,,,,,,,,,,,,,,,,,,,,,,,,,,,,,,,,,,,,,,,,,,,,,,,,,,,,,,,,,285402,328786,6130,35072,1742,38687,,,,,,,,,,,,,,,,,,,,,,,,,,,,,,,,,,,,,,,,,,,,,,,,,,,,,,,,,,,,,,,,,,,,,,,,,,,,,,,,,,,,,,,,,,,,,672228,650851,269143,318831,1661,25944,475,34797,21377,3583,17794,19163,4912,1405,6474,1560,4812,2214,0,,,,,,,,,,25944,7129,6745,3263,960,2271,2381,3195,,,,,
ACSSF,2015e1,dc,000,0004,0000005,672228,269143,318831,1661,25944,475,34797,21377,3583,17794,,,,,,,,,,,,,,,,,,,,,,,,,,,,,,,,,,,,,,,,,,,,,,,,,,,,,,,,,,,,,,,,,,,,,,,,285402,328786,6130,35072,1742,38687,,,,,,,,,,,,,,,,,,,,,,,,,,,,,,,,,,,,,,,,,,,,,,,,,,,,,,,,,,,,,,,,,,,,,,,,,,,,,,,,,,,,,,,,,,,,,672228,650851,269143,318831,1661,25944,475,34797,21377,3583,17794,19163,4912,1405,6474,1560,4812,2214,0,,,,,,,,,,25944,7129,6745,3263,960,2271,2381,3195,,,,,
ACSSF,2015e1,dc,000,0004,0000006,672228,269143,318831,1661,25944,475,34797,21377,3583,17794,,,,,,,,,,,,,,,,,,,,,,,,,,,,,,,,,,,,,,,,,,,,,,,,,,,,,,,,,,,,,,,,,,,,,,,,285402,328786,6130,35072,1742,38687,,,,,,,,,,,,,,,,,,,,,,,,,,,,,,,,,,,,,,,,,,,,,,,,,,,,,,,,,,,,,,,,,,,,,,,,,,,,,,,,,,,,,,,,,,,,,672228,650851,269143,318831,1661,25944,475,34797,21377,3583,17794,19163,4912,1405,6474,1560,4812,2214,0,,,,,,,,,,25944,7129,6745,3263,960,2271,2381,3195,,,,,
ACSSF,2015e1,dc,000,0004,0000007,672228,269143,318831,1661,25944,475,34797,21377,3583,17794,,,,,,,,,,,,,,,,,,,,,,,,,,,,,,,,,,,,,,,,,,,,,,,,,,,,,,,,,,,,,,,,,,,,,,,,285402,328786,6130,35072,1742,38687,,,,,,,,,,,,,,,,,,,,,,,,,,,,,,,,,,,,,,,,,,,,,,,,,,,,,,,,,,,,,,,,,,,,,,,,,,,,,,,,,,,,,,,,,,,,,672228,650851,269143,318831,1661,25944,475,34797,21377,3583,17794,19163,4912,1405,6474,1560,4812,2214,0,,,,,,,,,,25944,7129,6745,3263,960,2271,2381,3195,,,,,
ACSSF,2015e1,dc,000,0004,0000008,672228,269143,318831,1661,25944,475,34797,21377,3583,17794,,,,,,,,,,,,,,,,,,,,,,,,,,,,,,,,,,,,,,,,,,,,,,,,,,,,,,,,,,,,,,,,,,,,,,,,285402,328786,6130,35072,1742,38687,,,,,,,,,,,,,,,,,,,,,,,,,,,,,,,,,,,,,,,,,,,,,,,,,,,,,,,,,,,,,,,,,,,,,,,,,,,,,,,,,,,,,,,,,,,,,672228,650851,269143,318831,1661,25944,475,34797,21377,3583,17794,19163,4912,1405,6474,1560,4812,2214,0,,,,,,,,,,25944,7129,6745,3263,960,2271,2381,3195,,,,,
ACSSF,2015e1,dc,000,0004,0000009,672228,269143,318831,1661,25944,475,34797,21377,3583,17794,,,,,,,,,,,,,,,,,,,,,,,,,,,,,,,,,,,,,,,,,,,,,,,,,,,,,,,,,,,,,,,,,,,,,,,,285402,328786,6130,35072,1742,38687,,,,,,,,,,,,,,,,,,,,,,,,,,,,,,,,,,,,,,,,,,,,,,,,,,,,,,,,,,,,,,,,,,,,,,,,,,,,,,,,,,,,,,,,,,,,,672228,650851,269143,318831,1661,25944,475,34797,21377,3583,17794,19163,4912,1405,6474,1560,4812,2214,0,,,,,,,,,,25944,7129,6745,3263,960,2271,2381,3195,,,,,
ACSSF,2015e1,dc,000,0004,0000010,110376,85409,9879,0,7537,0,4011,3540,453,3087,,,,,,,,,,,,,,,,,,,,,,,,,,,,,,,,,,,,,,,,,,,,,,,,,,,,,,,,,,,,,,,,,,,,,,,,88797,10663,402,9664,,4464,,,,,,,,,,,,,,,,,,,,,,,,,,,,,,,,,,,,,,,,,,,,,,,,,,,,,,,,,,,,,,,,,,,,,,,,,,,,,,,,,,,,,,,,,,,,,110376,106836,85409,9879,0,7537,0,4011,3540,453,3087,3354,516,271,2057,0,510,186,0,,,,,,,,,,7537,1837,2802,1157,384,508,285,564,,,,,
ACSSF,2015e1,dc,000,0004,0000011,123880,34569,61140,391,3564,66,18579,5571,1138,4433,,,,,,,,,,,,,,,,,,,,,,,,,,,,,,,,,,,,,,,,,,,,,,,,,,,,,,,,,,,,,,,,,,,,,,,,38688,64632,1824,5085,434,19902,,,,,,,,,,,,,,,,,,,,,,,,,,,,,,,,,,,,,,,,,,,,,,,,,,,,,,,,,,,,,,,,,,,,,,,,,,,,,,,,,,,,,,,,,,,,,123880,118309,34569,61140,391,3564,66,18579,5571,1138,4433,4457,1722,124,560,441,1610,1114,0,,,,,,,,,,3564,1043,549,759,157,199,509,348,,,,,
ACSSF,2015e1,dc,000,0004,0000012,114740,45942,58891,782,2488,0,1975,4662,502,4160,,,,,,,,,,,,,,,,,,,,,,,,,,,,,,,,,,,,,,,,,,,,,,,,,,,,,,,,,,,,,,,,,,,,,,,,49909,60843,2006,4336,,2569,,,,,,,,,,,,,,,,,,,,,,,,,,,,,,,,,,,,,,,,,,,,,,,,,,,,,,,,,,,,,,,,,,,,,,,,,,,,,,,,,,,,,,,,,,,,,114740,110078,45942,58891,782,2488,0,1975,4662,502,4160,4378,1170,670,1619,270,649,284,0,,,,,,,,,,2488,784,466,201,71,186,449,331,,,,,
ACSSF,2015e1,dc,000,0004,0000013,162781,6869,149972,79,760,0,2804,2297,335,1962,,,,,,,,,,,,,,,,,,,,,,,,,,,,,,,,,,,,,,,,,,,,,,,,,,,,,,,,,,,,,,,,,,,,,,,,8022,151921,768,1548,,3139,,,,,,,,,,,,,,,,,,,,,,,,,,,,,,,,,,,,,,,,,,,,,,,,,,,,,,,,,,,,,,,,,,,,,,,,,,,,,,,,,,,,,,,,,,,,,162781,160484,6869,149972,79,760,0,2804,2297,335,1962,1896,449,48,265,480,654,401,0,,,,,,,,,,,,,,,,,,,,,,
ACSSF,2015e1,dc,000,0004,0000014,160451,96354,38949,409,11595,409,7428,5307,1155,4152,,,,,,,,,,,,,,,,,,,,,,,,,,,,,,,,,,,,,,,,,,,,,,,,,,,,,,,,,,,,,,,,,,,,,,,,99986,40727,1130,14439,1092,8613,,,,,,,,,,,,,,,,,,,,,,,,,,,,,,,,,,,,,,,,,,,,,,,,,,,,,,,,,,,,,,,,,,,,,,,,,,,,,,,,,,,,,,,,,,,,,160451,155144,96354,38949,409,11595,409,7428,5307,1155,4152,5078,1055,292,1973,369,1389,229,0,,,,,,,,,,11595,3277,2773,964,348,1333,1138,1762,,,,,
ACSSF,2015e1,dc,000,0004,0000015,672228,269143,318831,1661,25944,475,34797,21377,3583,17794,,,,,,,,,,,,,,,,,,,,,,,,,,,,,,,,,,,,,,,,,,,,,,,,,,,,,,,,,,,,,,,,,,,,,,,,285402,328786,6130,35072,1742,38687,,,,,,,,,,,,,,,,,,,,,,,,,,,,,,,,,,,,,,,,,,,,,,,,,,,,,,,,,,,,,,,,,,,,,,,,,,,,,,,,,,,,,,,,,,,,,672228,650851,269143,318831,1661,25944,475,34797,21377,3583,17794,19163,4912,1405,6474,1560,4812,2214,0,,,,,,,,,,25944,7129,6745,3263,960,2271,2381,3195,,,,,
