ACSSF,2015e1,dc,000,0097,0000001,257351,114586,8095,2157,0,2157,1404,753,5938,12239,7963,247,7716,6167,1549,4276,58512,45723,202,45521,39347,6174,12789,18714,9554,0,9554,8998,556,9160,5053,1986,1581,405,3067,11973,1219,1219,0,10754,142765,8231,2804,0,2804,2216,588,5427,13873,8257,145,8112,6831,1281,5616,68740,53970,104,53866,46475,7391,14770,23747,11804,0,11804,10918,886,11943,8899,2663,2526,137,6236,19275,1861,1861,0,17414,,,,,,,,,,,,,,,,,,,,,,,,,,,,,,,,,,,,,,,,,,,,,,,,,,,,,,,,,,,,,,,,,,,,,,,,,,,,,,,,,,,,,,,,,,,,,,,,,,,,,,,,,,,,,,,,,,,,,,,,,,,,,,,,,,,,,,,,,,,,,,,,,,,,,,,,,,,,,,
ACSSF,2015e1,dc,000,0097,0000002,257351,114586,8095,2157,0,2157,1404,753,5938,12239,7963,247,7716,6167,1549,4276,58512,45723,202,45521,39347,6174,12789,18714,9554,0,9554,8998,556,9160,5053,1986,1581,405,3067,11973,1219,1219,0,10754,142765,8231,2804,0,2804,2216,588,5427,13873,8257,145,8112,6831,1281,5616,68740,53970,104,53866,46475,7391,14770,23747,11804,0,11804,10918,886,11943,8899,2663,2526,137,6236,19275,1861,1861,0,17414,,,,,,,,,,,,,,,,,,,,,,,,,,,,,,,,,,,,,,,,,,,,,,,,,,,,,,,,,,,,,,,,,,,,,,,,,,,,,,,,,,,,,,,,,,,,,,,,,,,,,,,,,,,,,,,,,,,,,,,,,,,,,,,,,,,,,,,,,,,,,,,,,,,,,,,,,,,,,,
ACSSF,2015e1,dc,000,0097,0000003,257351,114586,8095,2157,0,2157,1404,753,5938,12239,7963,247,7716,6167,1549,4276,58512,45723,202,45521,39347,6174,12789,18714,9554,0,9554,8998,556,9160,5053,1986,1581,405,3067,11973,1219,1219,0,10754,142765,8231,2804,0,2804,2216,588,5427,13873,8257,145,8112,6831,1281,5616,68740,53970,104,53866,46475,7391,14770,23747,11804,0,11804,10918,886,11943,8899,2663,2526,137,6236,19275,1861,1861,0,17414,,,,,,,,,,,,,,,,,,,,,,,,,,,,,,,,,,,,,,,,,,,,,,,,,,,,,,,,,,,,,,,,,,,,,,,,,,,,,,,,,,,,,,,,,,,,,,,,,,,,,,,,,,,,,,,,,,,,,,,,,,,,,,,,,,,,,,,,,,,,,,,,,,,,,,,,,,,,,,
ACSSF,2015e1,dc,000,0097,0000004,257351,114586,8095,2157,0,2157,1404,753,5938,12239,7963,247,7716,6167,1549,4276,58512,45723,202,45521,39347,6174,12789,18714,9554,0,9554,8998,556,9160,5053,1986,1581,405,3067,11973,1219,1219,0,10754,142765,8231,2804,0,2804,2216,588,5427,13873,8257,145,8112,6831,1281,5616,68740,53970,104,53866,46475,7391,14770,23747,11804,0,11804,10918,886,11943,8899,2663,2526,137,6236,19275,1861,1861,0,17414,,,,,,,,,,,,,,,,,,,,,,,,,,,,,,,,,,,,,,,,,,,,,,,,,,,,,,,,,,,,,,,,,,,,,,,,,,,,,,,,,,,,,,,,,,,,,,,,,,,,,,,,,,,,,,,,,,,,,,,,,,,,,,,,,,,,,,,,,,,,,,,,,,,,,,,,,,,,,,
ACSSF,2015e1,dc,000,0097,0000005,257351,114586,8095,2157,0,2157,1404,753,5938,12239,7963,247,7716,6167,1549,4276,58512,45723,202,45521,39347,6174,12789,18714,9554,0,9554,8998,556,9160,5053,1986,1581,405,3067,11973,1219,1219,0,10754,142765,8231,2804,0,2804,2216,588,5427,13873,8257,145,8112,6831,1281,5616,68740,53970,104,53866,46475,7391,14770,23747,11804,0,11804,10918,886,11943,8899,2663,2526,137,6236,19275,1861,1861,0,17414,,,,,,,,,,,,,,,,,,,,,,,,,,,,,,,,,,,,,,,,,,,,,,,,,,,,,,,,,,,,,,,,,,,,,,,,,,,,,,,,,,,,,,,,,,,,,,,,,,,,,,,,,,,,,,,,,,,,,,,,,,,,,,,,,,,,,,,,,,,,,,,,,,,,,,,,,,,,,,
ACSSF,2015e1,dc,000,0097,0000006,257351,114586,8095,2157,0,2157,1404,753,5938,12239,7963,247,7716,6167,1549,4276,58512,45723,202,45521,39347,6174,12789,18714,9554,0,9554,8998,556,9160,5053,1986,1581,405,3067,11973,1219,1219,0,10754,142765,8231,2804,0,2804,2216,588,5427,13873,8257,145,8112,6831,1281,5616,68740,53970,104,53866,46475,7391,14770,23747,11804,0,11804,10918,886,11943,8899,2663,2526,137,6236,19275,1861,1861,0,17414,,,,,,,,,,,,,,,,,,,,,,,,,,,,,,,,,,,,,,,,,,,,,,,,,,,,,,,,,,,,,,,,,,,,,,,,,,,,,,,,,,,,,,,,,,,,,,,,,,,,,,,,,,,,,,,,,,,,,,,,,,,,,,,,,,,,,,,,,,,,,,,,,,,,,,,,,,,,,,
ACSSF,2015e1,dc,000,0097,0000007,257351,114586,8095,2157,0,2157,1404,753,5938,12239,7963,247,7716,6167,1549,4276,58512,45723,202,45521,39347,6174,12789,18714,9554,0,9554,8998,556,9160,5053,1986,1581,405,3067,11973,1219,1219,0,10754,142765,8231,2804,0,2804,2216,588,5427,13873,8257,145,8112,6831,1281,5616,68740,53970,104,53866,46475,7391,14770,23747,11804,0,11804,10918,886,11943,8899,2663,2526,137,6236,19275,1861,1861,0,17414,,,,,,,,,,,,,,,,,,,,,,,,,,,,,,,,,,,,,,,,,,,,,,,,,,,,,,,,,,,,,,,,,,,,,,,,,,,,,,,,,,,,,,,,,,,,,,,,,,,,,,,,,,,,,,,,,,,,,,,,,,,,,,,,,,,,,,,,,,,,,,,,,,,,,,,,,,,,,,
ACSSF,2015e1,dc,000,0097,0000008,257351,114586,8095,2157,0,2157,1404,753,5938,12239,7963,247,7716,6167,1549,4276,58512,45723,202,45521,39347,6174,12789,18714,9554,0,9554,8998,556,9160,5053,1986,1581,405,3067,11973,1219,1219,0,10754,142765,8231,2804,0,2804,2216,588,5427,13873,8257,145,8112,6831,1281,5616,68740,53970,104,53866,46475,7391,14770,23747,11804,0,11804,10918,886,11943,8899,2663,2526,137,6236,19275,1861,1861,0,17414,,,,,,,,,,,,,,,,,,,,,,,,,,,,,,,,,,,,,,,,,,,,,,,,,,,,,,,,,,,,,,,,,,,,,,,,,,,,,,,,,,,,,,,,,,,,,,,,,,,,,,,,,,,,,,,,,,,,,,,,,,,,,,,,,,,,,,,,,,,,,,,,,,,,,,,,,,,,,,
ACSSF,2015e1,dc,000,0097,0000009,257351,114586,8095,2157,0,2157,1404,753,5938,12239,7963,247,7716,6167,1549,4276,58512,45723,202,45521,39347,6174,12789,18714,9554,0,9554,8998,556,9160,5053,1986,1581,405,3067,11973,1219,1219,0,10754,142765,8231,2804,0,2804,2216,588,5427,13873,8257,145,8112,6831,1281,5616,68740,53970,104,53866,46475,7391,14770,23747,11804,0,11804,10918,886,11943,8899,2663,2526,137,6236,19275,1861,1861,0,17414,,,,,,,,,,,,,,,,,,,,,,,,,,,,,,,,,,,,,,,,,,,,,,,,,,,,,,,,,,,,,,,,,,,,,,,,,,,,,,,,,,,,,,,,,,,,,,,,,,,,,,,,,,,,,,,,,,,,,,,,,,,,,,,,,,,,,,,,,,,,,,,,,,,,,,,,,,,,,,
ACSSF,2015e1,dc,000,0097,0000010,,,,,,,,,,,,,,,,,,,,,,,,,,,,,,,,,,,,,,,,,,,,,,,,,,,,,,,,,,,,,,,,,,,,,,,,,,,,,,,,,,,,,,,,,,,,,,,,,,,,,,,,,,,,,,,,,,,,,,,,,,,,,,,,,,,,,,,,,,,,,,,,,,,,,,,,,,,,,,,,,,,,,,,,,,,,,,,,,,,,,,,,,,,,,,,,,,,,,,,,,,,,,,,,,,,,,,,,,,,,,,,,,,,,,,,,,,,,,
ACSSF,2015e1,dc,000,0097,0000011,51882,24609,1587,710,0,710,468,242,877,2053,1439,0,1439,1295,144,614,11662,9399,0,9399,8964,435,2263,5052,2838,0,2838,2572,266,2214,1305,541,381,160,764,2950,178,178,0,2772,27273,627,253,0,253,157,96,374,1910,1117,0,1117,840,277,793,12325,10293,66,10227,9529,698,2032,5667,3161,0,3161,3087,74,2506,1942,555,555,0,1387,4802,154,154,0,4648,,,,,,,,,,,,,,,,,,,,,,,,,,,,,,,,,,,,,,,,,,,,,,,,,,,,,,,,,,,,,,,,,,,,,,,,,,,,,,,,,,,,,,,,,,,,,,,,,,,,,,,,,,,,,,,,,,,,,,,,,,,,,,,,,,,,,,,,,,,,,,,,,,,,,,,,,,,,,,
ACSSF,2015e1,dc,000,0097,0000012,50628,22512,1230,124,0,124,124,0,1106,2399,1493,175,1318,881,437,906,11537,8540,0,8540,6612,1928,2997,3912,1647,0,1647,1556,91,2265,870,265,265,0,605,2564,382,382,0,2182,28116,1590,484,0,484,381,103,1106,2586,1874,0,1874,1689,185,712,12123,9577,0,9577,8410,1167,2546,5170,2232,0,2232,2025,207,2938,1977,681,621,60,1296,4670,411,411,0,4259,,,,,,,,,,,,,,,,,,,,,,,,,,,,,,,,,,,,,,,,,,,,,,,,,,,,,,,,,,,,,,,,,,,,,,,,,,,,,,,,,,,,,,,,,,,,,,,,,,,,,,,,,,,,,,,,,,,,,,,,,,,,,,,,,,,,,,,,,,,,,,,,,,,,,,,,,,,,,,
ACSSF,2015e1,dc,000,0097,0000013,110668,45819,3922,1050,0,1050,698,352,2872,4374,2793,72,2721,1936,785,1581,24150,18328,202,18126,15193,2933,5822,7312,3919,0,3919,3759,160,3393,1906,450,450,0,1456,4155,494,494,0,3661,64849,3933,1278,0,1278,1046,232,2655,4981,3273,145,3128,2309,819,1708,35165,27187,0,27187,22163,5024,7978,10100,5094,0,5094,4489,605,5006,3575,955,878,77,2620,7095,1069,1069,0,6026,,,,,,,,,,,,,,,,,,,,,,,,,,,,,,,,,,,,,,,,,,,,,,,,,,,,,,,,,,,,,,,,,,,,,,,,,,,,,,,,,,,,,,,,,,,,,,,,,,,,,,,,,,,,,,,,,,,,,,,,,,,,,,,,,,,,,,,,,,,,,,,,,,,,,,,,,,,,,,
ACSSF,2015e1,dc,000,0097,0000014,35592,16795,1299,240,0,240,114,126,1059,1906,1310,0,1310,1127,183,596,9081,7518,0,7518,6640,878,1563,1969,681,0,681,642,39,1288,603,443,198,245,160,1937,165,165,0,1772,18797,1911,754,0,754,597,157,1157,3945,1993,0,1993,1993,0,1952,6916,5118,38,5080,4641,439,1798,2584,1155,0,1155,1155,0,1429,1025,353,353,0,672,2416,227,227,0,2189,,,,,,,,,,,,,,,,,,,,,,,,,,,,,,,,,,,,,,,,,,,,,,,,,,,,,,,,,,,,,,,,,,,,,,,,,,,,,,,,,,,,,,,,,,,,,,,,,,,,,,,,,,,,,,,,,,,,,,,,,,,,,,,,,,,,,,,,,,,,,,,,,,,,,,,,,,,,,,
ACSSF,2015e1,dc,000,0097,0000015,257351,114586,8095,2157,0,2157,1404,753,5938,12239,7963,247,7716,6167,1549,4276,58512,45723,202,45521,39347,6174,12789,18714,9554,0,9554,8998,556,9160,5053,1986,1581,405,3067,11973,1219,1219,0,10754,142765,8231,2804,0,2804,2216,588,5427,13873,8257,145,8112,6831,1281,5616,68740,53970,104,53866,46475,7391,14770,23747,11804,0,11804,10918,886,11943,8899,2663,2526,137,6236,19275,1861,1861,0,17414,,,,,,,,,,,,,,,,,,,,,,,,,,,,,,,,,,,,,,,,,,,,,,,,,,,,,,,,,,,,,,,,,,,,,,,,,,,,,,,,,,,,,,,,,,,,,,,,,,,,,,,,,,,,,,,,,,,,,,,,,,,,,,,,,,,,,,,,,,,,,,,,,,,,,,,,,,,,,,
