ACSSF,2014m1,dc,000,0067,0000001,,,,,,,,,,,,,,,,,,,,,,,,,,,,,,,,,,,,,,,,,,,,,,,,,,,,,,,,,,,,,,,,,,,,,,,,,,,,,,,,,,,3359,2102,700,636,1910,674,478,1772,1679,3173,3106,1890,2778,1463,980,2463,2253,2258,682,379,289,574,242,198,519,411,2275,2143,1237,987,764,606,759,591,2849,1910,449,361,1793,523,446,1644,1588,2390,1713,1355,2305,889,505,2147,2006,,,,,,,,,,,,,,,,,,,,,,,,,,,,,,,,,,,,,,,,,,,,,,,,,,,,1087,750,494,494,554,501,157,239,207,924,864,593,785,636,534,361,333,,,,,,,,,,,,,,,,,,1852,439,248,117,359,198,198,359,201,1874,1878,1111,941,725,598,706,561
ACSSF,2014m1,dc,000,0067,0000002,,,,,,,,,,,,,,,,,,,,,,,,,,,,,,,,,,,,,,,,,,,,,,,,,,,,,,,,,,,,,,,,,,,,,,,,,,,,,,,,,,,3359,2102,700,636,1910,674,478,1772,1679,3173,3106,1890,2778,1463,980,2463,2253,2258,682,379,289,574,242,198,519,411,2275,2143,1237,987,764,606,759,591,2849,1910,449,361,1793,523,446,1644,1588,2390,1713,1355,2305,889,505,2147,2006,,,,,,,,,,,,,,,,,,,,,,,,,,,,,,,,,,,,,,,,,,,,,,,,,,,,1087,750,494,494,554,501,157,239,207,924,864,593,785,636,534,361,333,,,,,,,,,,,,,,,,,,1852,439,248,117,359,198,198,359,201,1874,1878,1111,941,725,598,706,561
ACSSF,2014m1,dc,000,0067,0000003,,,,,,,,,,,,,,,,,,,,,,,,,,,,,,,,,,,,,,,,,,,,,,,,,,,,,,,,,,,,,,,,,,,,,,,,,,,,,,,,,,,3359,2102,700,636,1910,674,478,1772,1679,3173,3106,1890,2778,1463,980,2463,2253,2258,682,379,289,574,242,198,519,411,2275,2143,1237,987,764,606,759,591,2849,1910,449,361,1793,523,446,1644,1588,2390,1713,1355,2305,889,505,2147,2006,,,,,,,,,,,,,,,,,,,,,,,,,,,,,,,,,,,,,,,,,,,,,,,,,,,,1087,750,494,494,554,501,157,239,207,924,864,593,785,636,534,361,333,,,,,,,,,,,,,,,,,,1852,439,248,117,359,198,198,359,201,1874,1878,1111,941,725,598,706,561
ACSSF,2014m1,dc,000,0067,0000004,,,,,,,,,,,,,,,,,,,,,,,,,,,,,,,,,,,,,,,,,,,,,,,,,,,,,,,,,,,,,,,,,,,,,,,,,,,,,,,,,,,3359,2102,700,636,1910,674,478,1772,1679,3173,3106,1890,2778,1463,980,2463,2253,2258,682,379,289,574,242,198,519,411,2275,2143,1237,987,764,606,759,591,2849,1910,449,361,1793,523,446,1644,1588,2390,1713,1355,2305,889,505,2147,2006,,,,,,,,,,,,,,,,,,,,,,,,,,,,,,,,,,,,,,,,,,,,,,,,,,,,1087,750,494,494,554,501,157,239,207,924,864,593,785,636,534,361,333,,,,,,,,,,,,,,,,,,1852,439,248,117,359,198,198,359,201,1874,1878,1111,941,725,598,706,561
ACSSF,2014m1,dc,000,0067,0000005,,,,,,,,,,,,,,,,,,,,,,,,,,,,,,,,,,,,,,,,,,,,,,,,,,,,,,,,,,,,,,,,,,,,,,,,,,,,,,,,,,,3359,2102,700,636,1910,674,478,1772,1679,3173,3106,1890,2778,1463,980,2463,2253,2258,682,379,289,574,242,198,519,411,2275,2143,1237,987,764,606,759,591,2849,1910,449,361,1793,523,446,1644,1588,2390,1713,1355,2305,889,505,2147,2006,,,,,,,,,,,,,,,,,,,,,,,,,,,,,,,,,,,,,,,,,,,,,,,,,,,,1087,750,494,494,554,501,157,239,207,924,864,593,785,636,534,361,333,,,,,,,,,,,,,,,,,,1852,439,248,117,359,198,198,359,201,1874,1878,1111,941,725,598,706,561
ACSSF,2014m1,dc,000,0067,0000006,,,,,,,,,,,,,,,,,,,,,,,,,,,,,,,,,,,,,,,,,,,,,,,,,,,,,,,,,,,,,,,,,,,,,,,,,,,,,,,,,,,3359,2102,700,636,1910,674,478,1772,1679,3173,3106,1890,2778,1463,980,2463,2253,2258,682,379,289,574,242,198,519,411,2275,2143,1237,987,764,606,759,591,2849,1910,449,361,1793,523,446,1644,1588,2390,1713,1355,2305,889,505,2147,2006,,,,,,,,,,,,,,,,,,,,,,,,,,,,,,,,,,,,,,,,,,,,,,,,,,,,1087,750,494,494,554,501,157,239,207,924,864,593,785,636,534,361,333,,,,,,,,,,,,,,,,,,1852,439,248,117,359,198,198,359,201,1874,1878,1111,941,725,598,706,561
ACSSF,2014m1,dc,000,0067,0000007,,,,,,,,,,,,,,,,,,,,,,,,,,,,,,,,,,,,,,,,,,,,,,,,,,,,,,,,,,,,,,,,,,,,,,,,,,,,,,,,,,,3359,2102,700,636,1910,674,478,1772,1679,3173,3106,1890,2778,1463,980,2463,2253,2258,682,379,289,574,242,198,519,411,2275,2143,1237,987,764,606,759,591,2849,1910,449,361,1793,523,446,1644,1588,2390,1713,1355,2305,889,505,2147,2006,,,,,,,,,,,,,,,,,,,,,,,,,,,,,,,,,,,,,,,,,,,,,,,,,,,,1087,750,494,494,554,501,157,239,207,924,864,593,785,636,534,361,333,,,,,,,,,,,,,,,,,,1852,439,248,117,359,198,198,359,201,1874,1878,1111,941,725,598,706,561
ACSSF,2014m1,dc,000,0067,0000008,,,,,,,,,,,,,,,,,,,,,,,,,,,,,,,,,,,,,,,,,,,,,,,,,,,,,,,,,,,,,,,,,,,,,,,,,,,,,,,,,,,3359,2102,700,636,1910,674,478,1772,1679,3173,3106,1890,2778,1463,980,2463,2253,2258,682,379,289,574,242,198,519,411,2275,2143,1237,987,764,606,759,591,2849,1910,449,361,1793,523,446,1644,1588,2390,1713,1355,2305,889,505,2147,2006,,,,,,,,,,,,,,,,,,,,,,,,,,,,,,,,,,,,,,,,,,,,,,,,,,,,1087,750,494,494,554,501,157,239,207,924,864,593,785,636,534,361,333,,,,,,,,,,,,,,,,,,1852,439,248,117,359,198,198,359,201,1874,1878,1111,941,725,598,706,561
ACSSF,2014m1,dc,000,0067,0000009,,,,,,,,,,,,,,,,,,,,,,,,,,,,,,,,,,,,,,,,,,,,,,,,,,,,,,,,,,,,,,,,,,,,,,,,,,,,,,,,,,,3359,2102,700,636,1910,674,478,1772,1679,3173,3106,1890,2778,1463,980,2463,2253,2258,682,379,289,574,242,198,519,411,2275,2143,1237,987,764,606,759,591,2849,1910,449,361,1793,523,446,1644,1588,2390,1713,1355,2305,889,505,2147,2006,,,,,,,,,,,,,,,,,,,,,,,,,,,,,,,,,,,,,,,,,,,,,,,,,,,,1087,750,494,494,554,501,157,239,207,924,864,593,785,636,534,361,333,,,,,,,,,,,,,,,,,,1852,439,248,117,359,198,198,359,201,1874,1878,1111,941,725,598,706,561
ACSSF,2014m1,dc,000,0067,0000010,,,,,,,,,,,,,,,,,,,,,,,,,,,,,,,,,,,,,,,,,,,,,,,,,,,,,,,,,,,,,,,,,,,,,,,,,,,,,,,,,,,1473,289,197,117,205,198,198,205,205,1497,1340,948,906,585,584,722,606,1318,238,197,117,128,198,198,128,128,1358,1272,872,841,585,584,638,499,,,,,,,,,,,,,,,,,,,,,,,,,,,,,,,,,,,,,,,,,,,,,,,,,,,,,,,,,,,,,,,,,,,,,,,,,,,,,,,,,,,,,,,,,,,,,,,,,,,,,,,1306,171,134,117,100,198,198,100,100,1315,1268,834,837,585,584,637,498
ACSSF,2014m1,dc,000,0067,0000011,,,,,,,,,,,,,,,,,,,,,,,,,,,,,,,,,,,,,,,,,,,,,,,,,,,,,,,,,,,,,,,,,,,,,,,,,,,,,,,,,,,1679,894,559,555,731,309,198,741,704,1668,1470,1006,1251,809,558,1014,779,,,,,,,,,,,,,,,,,,1376,674,105,82,691,256,198,674,637,1234,846,802,958,313,103,908,647,,,,,,,,,,,,,,,,,,,,,,,,,,,,,,,,,,,,,,,,,,,,,,,,,,,,1000,569,494,494,286,160,198,239,207,876,626,516,765,629,534,355,333,,,,,,,,,,,,,,,,,,,,,,,,,,,,,,,,,,
ACSSF,2014m1,dc,000,0067,0000012,,,,,,,,,,,,,,,,,,,,,,,,,,,,,,,,,,,,,,,,,,,,,,,,,,,,,,,,,,,,,,,,,,,,,,,,,,,,,,,,,,,1355,682,306,261,663,232,218,597,466,1321,1164,829,890,500,314,851,691,,,,,,,,,,,,,,,,,,1208,603,300,261,573,223,209,504,458,1108,879,640,846,442,236,836,681,,,,,,,,,,,,,,,,,,,,,,,,,,,,,,,,,,,,,,,,,,,,,,,,,,,,,,,,,,,,,,,,,,,,,,,,,,,,,,,,,,,,,,,,,,,,,,,,,,,,,,
ACSSF,2014m1,dc,000,0067,0000013,,,,,,,,,,,,,,,,,,,,,,,,,,,,,,,,,,,,,,,,,,,,,,,,,,,,,,,,,,,,,,,,,,,,,,,,,,,,,,,,,,,2428,1420,351,242,1337,571,406,1238,1224,2176,1160,795,2043,682,435,1946,1572,,,,,,,,,,,,,,,,,,2357,1314,351,242,1235,404,399,1240,1232,2214,1098,791,2026,662,407,1918,1540,,,,,,,,,,,,,,,,,,,,,,,,,,,,,,,,,,,,,,,,,,,,,,,,,,,,,,,,,,,,,,,,,,,,,,,,,,,,,,,,,,,,,,,,,,,,,,,,,,,,,,
ACSSF,2014m1,dc,000,0067,0000014,,,,,,,,,,,,,,,,,,,,,,,,,,,,,,,,,,,,,,,,,,,,,,,,,,,,,,,,,,,,,,,,,,,,,,,,,,,,,,,,,,,1901,847,313,206,821,289,157,762,596,1752,1492,931,1074,372,220,988,773,,,,,,,,,,,,,,,,,,1158,539,95,198,560,198,198,560,492,1139,679,420,1000,276,192,955,758,,,,,,,,,,,,,,,,,,,,,,,,,,,,,,,,,,,,,,,,,,,,,,,,,,,,,,,,,,,,,,,,,,,,,,,,,,,,,,,,,,,,,,,,,,,,,,,,,,,,,,
ACSSF,2014m1,dc,000,0067,0000015,,,,,,,,,,,,,,,,,,,,,,,,,,,,,,,,,,,,,,,,,,,,,,,,,,,,,,,,,,,,,,,,,,,,,,,,,,,,,,,,,,,3359,2102,700,636,1910,674,478,1772,1679,3173,3106,1890,2778,1463,980,2463,2253,2258,682,379,289,574,242,198,519,411,2275,2143,1237,987,764,606,759,591,2849,1910,449,361,1793,523,446,1644,1588,2390,1713,1355,2305,889,505,2147,2006,,,,,,,,,,,,,,,,,,,,,,,,,,,,,,,,,,,,,,,,,,,,,,,,,,,,1087,750,494,494,554,501,157,239,207,924,864,593,785,636,534,361,333,,,,,,,,,,,,,,,,,,1852,439,248,117,359,198,198,359,201,1874,1878,1111,941,725,598,706,561
