ACSSF,2014m1,dc,000,0106,0000001,,,,,,,,,,,,,,,,,,,,,,,,,,,,,,,,,,,,,,,,,,,,,,,,,,,,,,,,,,,,,,,,,,,,,,,,,,,,,,,,,,,,,,,,,,,,,,,,,,,,,,,,,,,,,,,,,,,,,,,,,,,,,,,,,,,,,,,,,,,,,,,,,,,2532,1693,1951,2268,1939,1487,1855,1279,808,1038,1760,522,1360,1132,1051,468,451,145,1159,336,472,377,285,824,167,490,1799,986,1434,377,88,342,128,300,233,207,60,1955,2468,1914,1585,1588,1179,961,388,817,2009,599,1072,1054,1310,1023,1004,270,1059,145,207,174,119,616,198,823,1713,1201,1320,161,73,92,112,270,139,208,99
ACSSF,2014m1,dc,000,0106,0000002,,,,,,,,,,,,,,,,,,,,,,,,,,,,,,,,,,,,,,,,,,,,,,,,,,,,,,,,,,,,,,,,,,,,,,,,,,,,,,,,,,,,,,,,,,,,,,,,,,,,,,,,,,,,,,,,,,,,,,,,,,,,,,,,,,,,,,,,,,,,,,,,,,,2532,1693,1951,2268,1939,1487,1855,1279,808,1038,1760,522,1360,1132,1051,468,451,145,1159,336,472,377,285,824,167,490,1799,986,1434,377,88,342,128,300,233,207,60,1955,2468,1914,1585,1588,1179,961,388,817,2009,599,1072,1054,1310,1023,1004,270,1059,145,207,174,119,616,198,823,1713,1201,1320,161,73,92,112,270,139,208,99
ACSSF,2014m1,dc,000,0106,0000003,,,,,,,,,,,,,,,,,,,,,,,,,,,,,,,,,,,,,,,,,,,,,,,,,,,,,,,,,,,,,,,,,,,,,,,,,,,,,,,,,,,,,,,,,,,,,,,,,,,,,,,,,,,,,,,,,,,,,,,,,,,,,,,,,,,,,,,,,,,,,,,,,,,2532,1693,1951,2268,1939,1487,1855,1279,808,1038,1760,522,1360,1132,1051,468,451,145,1159,336,472,377,285,824,167,490,1799,986,1434,377,88,342,128,300,233,207,60,1955,2468,1914,1585,1588,1179,961,388,817,2009,599,1072,1054,1310,1023,1004,270,1059,145,207,174,119,616,198,823,1713,1201,1320,161,73,92,112,270,139,208,99
ACSSF,2014m1,dc,000,0106,0000004,,,,,,,,,,,,,,,,,,,,,,,,,,,,,,,,,,,,,,,,,,,,,,,,,,,,,,,,,,,,,,,,,,,,,,,,,,,,,,,,,,,,,,,,,,,,,,,,,,,,,,,,,,,,,,,,,,,,,,,,,,,,,,,,,,,,,,,,,,,,,,,,,,,2532,1693,1951,2268,1939,1487,1855,1279,808,1038,1760,522,1360,1132,1051,468,451,145,1159,336,472,377,285,824,167,490,1799,986,1434,377,88,342,128,300,233,207,60,1955,2468,1914,1585,1588,1179,961,388,817,2009,599,1072,1054,1310,1023,1004,270,1059,145,207,174,119,616,198,823,1713,1201,1320,161,73,92,112,270,139,208,99
ACSSF,2014m1,dc,000,0106,0000005,,,,,,,,,,,,,,,,,,,,,,,,,,,,,,,,,,,,,,,,,,,,,,,,,,,,,,,,,,,,,,,,,,,,,,,,,,,,,,,,,,,,,,,,,,,,,,,,,,,,,,,,,,,,,,,,,,,,,,,,,,,,,,,,,,,,,,,,,,,,,,,,,,,2532,1693,1951,2268,1939,1487,1855,1279,808,1038,1760,522,1360,1132,1051,468,451,145,1159,336,472,377,285,824,167,490,1799,986,1434,377,88,342,128,300,233,207,60,1955,2468,1914,1585,1588,1179,961,388,817,2009,599,1072,1054,1310,1023,1004,270,1059,145,207,174,119,616,198,823,1713,1201,1320,161,73,92,112,270,139,208,99
ACSSF,2014m1,dc,000,0106,0000006,,,,,,,,,,,,,,,,,,,,,,,,,,,,,,,,,,,,,,,,,,,,,,,,,,,,,,,,,,,,,,,,,,,,,,,,,,,,,,,,,,,,,,,,,,,,,,,,,,,,,,,,,,,,,,,,,,,,,,,,,,,,,,,,,,,,,,,,,,,,,,,,,,,2532,1693,1951,2268,1939,1487,1855,1279,808,1038,1760,522,1360,1132,1051,468,451,145,1159,336,472,377,285,824,167,490,1799,986,1434,377,88,342,128,300,233,207,60,1955,2468,1914,1585,1588,1179,961,388,817,2009,599,1072,1054,1310,1023,1004,270,1059,145,207,174,119,616,198,823,1713,1201,1320,161,73,92,112,270,139,208,99
ACSSF,2014m1,dc,000,0106,0000007,,,,,,,,,,,,,,,,,,,,,,,,,,,,,,,,,,,,,,,,,,,,,,,,,,,,,,,,,,,,,,,,,,,,,,,,,,,,,,,,,,,,,,,,,,,,,,,,,,,,,,,,,,,,,,,,,,,,,,,,,,,,,,,,,,,,,,,,,,,,,,,,,,,2532,1693,1951,2268,1939,1487,1855,1279,808,1038,1760,522,1360,1132,1051,468,451,145,1159,336,472,377,285,824,167,490,1799,986,1434,377,88,342,128,300,233,207,60,1955,2468,1914,1585,1588,1179,961,388,817,2009,599,1072,1054,1310,1023,1004,270,1059,145,207,174,119,616,198,823,1713,1201,1320,161,73,92,112,270,139,208,99
ACSSF,2014m1,dc,000,0106,0000008,,,,,,,,,,,,,,,,,,,,,,,,,,,,,,,,,,,,,,,,,,,,,,,,,,,,,,,,,,,,,,,,,,,,,,,,,,,,,,,,,,,,,,,,,,,,,,,,,,,,,,,,,,,,,,,,,,,,,,,,,,,,,,,,,,,,,,,,,,,,,,,,,,,2532,1693,1951,2268,1939,1487,1855,1279,808,1038,1760,522,1360,1132,1051,468,451,145,1159,336,472,377,285,824,167,490,1799,986,1434,377,88,342,128,300,233,207,60,1955,2468,1914,1585,1588,1179,961,388,817,2009,599,1072,1054,1310,1023,1004,270,1059,145,207,174,119,616,198,823,1713,1201,1320,161,73,92,112,270,139,208,99
ACSSF,2014m1,dc,000,0106,0000009,,,,,,,,,,,,,,,,,,,,,,,,,,,,,,,,,,,,,,,,,,,,,,,,,,,,,,,,,,,,,,,,,,,,,,,,,,,,,,,,,,,,,,,,,,,,,,,,,,,,,,,,,,,,,,,,,,,,,,,,,,,,,,,,,,,,,,,,,,,,,,,,,,,2532,1693,1951,2268,1939,1487,1855,1279,808,1038,1760,522,1360,1132,1051,468,451,145,1159,336,472,377,285,824,167,490,1799,986,1434,377,88,342,128,300,233,207,60,1955,2468,1914,1585,1588,1179,961,388,817,2009,599,1072,1054,1310,1023,1004,270,1059,145,207,174,119,616,198,823,1713,1201,1320,161,73,92,112,270,139,208,99
ACSSF,2014m1,dc,000,0106,0000010,,,,,,,,,,,,,,,,,,,,,,,,,,,,,,,,,,,,,,,,,,,,,,,,,,,,,,,,,,,,,,,,,,,,,,,,,,,,,,,,,,,,,,,,,,,,,,,,,,,,,,,,,,,,,,,,,,,,,,,,,,,,,,,,,,,,,,,,,,,,,,,,,,,3499,2535,1745,1256,1048,819,901,405,183,807,1355,269,996,721,652,295,295,198,986,134,189,137,125,712,106,448,1165,721,706,166,198,166,198,152,198,152,198,1920,1745,1308,1000,1047,657,348,151,532,1160,393,570,601,820,607,580,189,511,119,129,129,198,345,198,350,1258,1011,656,90,198,90,198,254,116,208,99
ACSSF,2014m1,dc,000,0106,0000011,,,,,,,,,,,,,,,,,,,,,,,,,,,,,,,,,,,,,,,,,,,,,,,,,,,,,,,,,,,,,,,,,,,,,,,,,,,,,,,,,,,,,,,,,,,,,,,,,,,,,,,,,,,,,,,,,,,,,,,,,,,,,,,,,,,,,,,,,,,,,,,,,,,,,,,,,,,,,,,,,,,,,,,,,,,,,,,,,,,,,,,,,,,,,,,,,,,,,,,,,,,,,,,,,,,,,,,,,,,
ACSSF,2014m1,dc,000,0106,0000012,,,,,,,,,,,,,,,,,,,,,,,,,,,,,,,,,,,,,,,,,,,,,,,,,,,,,,,,,,,,,,,,,,,,,,,,,,,,,,,,,,,,,,,,,,,,,,,,,,,,,,,,,,,,,,,,,,,,,,,,,,,,,,,,,,,,,,,,,,,,,,,,,,,2301,1449,1376,1041,789,515,571,377,284,219,777,174,373,383,381,188,188,198,248,198,109,34,102,192,69,55,478,280,417,109,88,56,198,101,42,90,198,1579,1372,733,670,394,484,290,304,242,852,187,524,558,493,307,291,110,246,198,65,65,198,164,198,154,717,325,550,105,73,198,76,59,59,198,198
ACSSF,2014m1,dc,000,0106,0000013,,,,,,,,,,,,,,,,,,,,,,,,,,,,,,,,,,,,,,,,,,,,,,,,,,,,,,,,,,,,,,,,,,,,,,,,,,,,,,,,,,,,,,,,,,,,,,,,,,,,,,,,,,,,,,,,,,,,,,,,,,,,,,,,,,,,,,,,,,,,,,,,,,,,,,,,,,,,,,,,,,,,,,,,,,,,,,,,,,,,,,,,,,,,,,,,,,,,,,,,,,,,,,,,,,,,,,,,,,,
ACSSF,2014m1,dc,000,0106,0000014,,,,,,,,,,,,,,,,,,,,,,,,,,,,,,,,,,,,,,,,,,,,,,,,,,,,,,,,,,,,,,,,,,,,,,,,,,,,,,,,,,,,,,,,,,,,,,,,,,,,,,,,,,,,,,,,,,,,,,,,,,,,,,,,,,,,,,,,,,,,,,,,,,,3441,2370,2191,1705,1363,1032,1350,943,624,627,1212,246,707,571,688,334,303,145,834,299,426,359,230,477,111,176,1112,699,752,166,198,113,120,162,108,108,60,2238,1791,1302,1040,968,784,630,154,518,1367,266,800,640,893,696,685,132,436,33,150,92,119,164,198,390,1064,597,954,81,198,198,81,51,51,198,198
ACSSF,2014m1,dc,000,0106,0000015,,,,,,,,,,,,,,,,,,,,,,,,,,,,,,,,,,,,,,,,,,,,,,,,,,,,,,,,,,,,,,,,,,,,,,,,,,,,,,,,,,,,,,,,,,,,,,,,,,,,,,,,,,,,,,,,,,,,,,,,,,,,,,,,,,,,,,,,,,,,,,,,,,,2532,1693,1951,2268,1939,1487,1855,1279,808,1038,1760,522,1360,1132,1051,468,451,145,1159,336,472,377,285,824,167,490,1799,986,1434,377,88,342,128,300,233,207,60,1955,2468,1914,1585,1588,1179,961,388,817,2009,599,1072,1054,1310,1023,1004,270,1059,145,207,174,119,616,198,823,1713,1201,1320,161,73,92,112,270,139,208,99
