ACSSF,2014m1,dc,000,0020,0000001,,,,,,,,,,,,,,,,,,,,,,,,,,,,,,,,,,,,,,,,,,,,,,,,,,,,,,,,,,,,,,,,,,,,,,,,,,,,,,,,,,,,,,,,,,,,,,,,,0.2,0.4,0.9,.,0.7,1.9,,,,,,,1757,1338,1295,7913,4740,4740,5744,3202,3588,198,198,198,4603,2739,3054,2238,1176,1683,,,,,,,,,,,,,,,,,,,3986,5376,3269,198,3071,2099,2968,5573,4216,198,2244,561,,,,,,,1125,1464,1053,198,692,633,,,,,,,4303,4315,1245,198,449,444,,,,,,,,,,,,,,,,,,,,,,,,,,,,,,,,,,,,,,,,,,,,,,,,,,,,,,,,,,,,
ACSSF,2014m1,dc,000,0020,0000002,,,,,,,,,,,,,,,,,,,,,,,,,,,,,,,,,,,,,,,,,,,,,,,,,,,,,,,,,,,,,,,,,,,,,,,,,,,,,,,,,,,,,,,,,,,,,,,,,0.2,0.4,0.9,.,0.7,1.9,,,,,,,1757,1338,1295,7913,4740,4740,5744,3202,3588,198,198,198,4603,2739,3054,2238,1176,1683,,,,,,,,,,,,,,,,,,,3986,5376,3269,198,3071,2099,2968,5573,4216,198,2244,561,,,,,,,1125,1464,1053,198,692,633,,,,,,,4303,4315,1245,198,449,444,,,,,,,,,,,,,,,,,,,,,,,,,,,,,,,,,,,,,,,,,,,,,,,,,,,,,,,,,,,,
ACSSF,2014m1,dc,000,0020,0000003,,,,,,,,,,,,,,,,,,,,,,,,,,,,,,,,,,,,,,,,,,,,,,,,,,,,,,,,,,,,,,,,,,,,,,,,,,,,,,,,,,,,,,,,,,,,,,,,,0.2,0.4,0.9,.,0.7,1.9,,,,,,,1757,1338,1295,7913,4740,4740,5744,3202,3588,198,198,198,4603,2739,3054,2238,1176,1683,,,,,,,,,,,,,,,,,,,3986,5376,3269,198,3071,2099,2968,5573,4216,198,2244,561,,,,,,,1125,1464,1053,198,692,633,,,,,,,4303,4315,1245,198,449,444,,,,,,,,,,,,,,,,,,,,,,,,,,,,,,,,,,,,,,,,,,,,,,,,,,,,,,,,,,,,
ACSSF,2014m1,dc,000,0020,0000004,,,,,,,,,,,,,,,,,,,,,,,,,,,,,,,,,,,,,,,,,,,,,,,,,,,,,,,,,,,,,,,,,,,,,,,,,,,,,,,,,,,,,,,,,,,,,,,,,0.2,0.4,0.9,.,0.7,1.9,,,,,,,1757,1338,1295,7913,4740,4740,5744,3202,3588,198,198,198,4603,2739,3054,2238,1176,1683,,,,,,,,,,,,,,,,,,,3986,5376,3269,198,3071,2099,2968,5573,4216,198,2244,561,,,,,,,1125,1464,1053,198,692,633,,,,,,,4303,4315,1245,198,449,444,,,,,,,,,,,,,,,,,,,,,,,,,,,,,,,,,,,,,,,,,,,,,,,,,,,,,,,,,,,,
ACSSF,2014m1,dc,000,0020,0000005,,,,,,,,,,,,,,,,,,,,,,,,,,,,,,,,,,,,,,,,,,,,,,,,,,,,,,,,,,,,,,,,,,,,,,,,,,,,,,,,,,,,,,,,,,,,,,,,,0.2,0.4,0.9,.,0.7,1.9,,,,,,,1757,1338,1295,7913,4740,4740,5744,3202,3588,198,198,198,4603,2739,3054,2238,1176,1683,,,,,,,,,,,,,,,,,,,3986,5376,3269,198,3071,2099,2968,5573,4216,198,2244,561,,,,,,,1125,1464,1053,198,692,633,,,,,,,4303,4315,1245,198,449,444,,,,,,,,,,,,,,,,,,,,,,,,,,,,,,,,,,,,,,,,,,,,,,,,,,,,,,,,,,,,
ACSSF,2014m1,dc,000,0020,0000006,,,,,,,,,,,,,,,,,,,,,,,,,,,,,,,,,,,,,,,,,,,,,,,,,,,,,,,,,,,,,,,,,,,,,,,,,,,,,,,,,,,,,,,,,,,,,,,,,0.2,0.4,0.9,.,0.7,1.9,,,,,,,1757,1338,1295,7913,4740,4740,5744,3202,3588,198,198,198,4603,2739,3054,2238,1176,1683,,,,,,,,,,,,,,,,,,,3986,5376,3269,198,3071,2099,2968,5573,4216,198,2244,561,,,,,,,1125,1464,1053,198,692,633,,,,,,,4303,4315,1245,198,449,444,,,,,,,,,,,,,,,,,,,,,,,,,,,,,,,,,,,,,,,,,,,,,,,,,,,,,,,,,,,,
ACSSF,2014m1,dc,000,0020,0000007,,,,,,,,,,,,,,,,,,,,,,,,,,,,,,,,,,,,,,,,,,,,,,,,,,,,,,,,,,,,,,,,,,,,,,,,,,,,,,,,,,,,,,,,,,,,,,,,,0.2,0.4,0.9,.,0.7,1.9,,,,,,,1757,1338,1295,7913,4740,4740,5744,3202,3588,198,198,198,4603,2739,3054,2238,1176,1683,,,,,,,,,,,,,,,,,,,3986,5376,3269,198,3071,2099,2968,5573,4216,198,2244,561,,,,,,,1125,1464,1053,198,692,633,,,,,,,4303,4315,1245,198,449,444,,,,,,,,,,,,,,,,,,,,,,,,,,,,,,,,,,,,,,,,,,,,,,,,,,,,,,,,,,,,
ACSSF,2014m1,dc,000,0020,0000008,,,,,,,,,,,,,,,,,,,,,,,,,,,,,,,,,,,,,,,,,,,,,,,,,,,,,,,,,,,,,,,,,,,,,,,,,,,,,,,,,,,,,,,,,,,,,,,,,0.2,0.4,0.9,.,0.7,1.9,,,,,,,1757,1338,1295,7913,4740,4740,5744,3202,3588,198,198,198,4603,2739,3054,2238,1176,1683,,,,,,,,,,,,,,,,,,,3986,5376,3269,198,3071,2099,2968,5573,4216,198,2244,561,,,,,,,1125,1464,1053,198,692,633,,,,,,,4303,4315,1245,198,449,444,,,,,,,,,,,,,,,,,,,,,,,,,,,,,,,,,,,,,,,,,,,,,,,,,,,,,,,,,,,,
ACSSF,2014m1,dc,000,0020,0000009,,,,,,,,,,,,,,,,,,,,,,,,,,,,,,,,,,,,,,,,,,,,,,,,,,,,,,,,,,,,,,,,,,,,,,,,,,,,,,,,,,,,,,,,,,,,,,,,,0.2,0.4,0.9,.,0.7,1.9,,,,,,,1757,1338,1295,7913,4740,4740,5744,3202,3588,198,198,198,4603,2739,3054,2238,1176,1683,,,,,,,,,,,,,,,,,,,3986,5376,3269,198,3071,2099,2968,5573,4216,198,2244,561,,,,,,,1125,1464,1053,198,692,633,,,,,,,4303,4315,1245,198,449,444,,,,,,,,,,,,,,,,,,,,,,,,,,,,,,,,,,,,,,,,,,,,,,,,,,,,,,,,,,,,
ACSSF,2014m1,dc,000,0020,0000010,,,,,,,,,,,,,,,,,,,,,,,,,,,,,,,,,,,,,,,,,,,,,,,,,,,,,,,,,,,,,,,,,,,,,,,,,,,,,,,,,,,,,,,,,,,,,,,,,1.8,2.2,2.0,.,1.8,4.4,,,,,,,4724,3163,3044,3983,2592,2679,2435,1561,1355,198,198,198,2205,1357,1446,1294,679,983,,,,,,,,,,,,,,,,,,,4290,3640,2090,198,1888,1206,1391,1285,306,198,662,243,,,,,,,1317,1031,415,198,455,514,,,,,,,,,,,,,,,,,,,,,,,,,,,,,,,,,,,,,,,,,,,,,,,,,,,,,,,,,,,,,,,,,,,,,,,,
ACSSF,2014m1,dc,000,0020,0000011,,,,,,,,,,,,,,,,,,,,,,,,,,,,,,,,,,,,,,,,,,,,,,,,,,,,,,,,,,,,,,,,,,,,,,,,,,,,,,,,,,,,,,,,,,,,,,,,,0.9,1.6,1.9,.,1.4,1.3,,,,,,,6803,3864,4596,6582,3816,4229,2181,1113,1387,198,198,198,1294,842,891,796,470,571,,,,,,,,,,,,,,,,,,,4368,3956,1760,198,979,647,5440,5264,1235,198,885,269,,,,,,,1145,1144,319,198,229,137,,,,,,,,,,,,,,,,,,,,,,,,,,,,,,,,,,,,,,,,,,,,,,,,,,,,,,,,,,,,,,,,,,,,,,,,
ACSSF,2014m1,dc,000,0020,0000012,,,,,,,,,,,,,,,,,,,,,,,,,,,,,,,,,,,,,,,,,,,,,,,,,,,,,,,,,,,,,,,,,,,,,,,,,,,,,,,,,,,,,,,,,,,,,,,,,1.0,2.2,1.8,.,1.8,4.5,,,,,,,6214,3629,4265,5825,3192,3915,1830,1228,1274,198,198,198,1623,1377,758,289,213,229,,,,,,,,,,,,,,,,,,,3048,2587,1093,198,1237,237,5248,5052,1301,198,980,198,,,,,,,989,692,443,198,244,153,,,,,,,,,,,,,,,,,,,,,,,,,,,,,,,,,,,,,,,,,,,,,,,,,,,,,,,,,,,,,,,,,,,,,,,,
ACSSF,2014m1,dc,000,0020,0000013,,,,,,,,,,,,,,,,,,,,,,,,,,,,,,,,,,,,,,,,,,,,,,,,,,,,,,,,,,,,,,,,,,,,,,,,,,,,,,,,,,,,,,,,,,,,,,,,,0.9,1.1,2.5,.,3.4,36.9,,,,,,,6966,3586,4502,7022,3471,4502,3914,1770,2704,198,198,198,1676,977,989,245,131,203,,,,,,,,,,,,,,,,,,,1501,1140,321,198,959,198,6739,6981,3851,198,1341,245,,,,,,,,,,,,,,,,,,,,,,,,,,,,,,,,,,,,,,,,,,,,,,,,,,,,,,,,,,,,,,,,,,,,,,,,,,,,,,,,,,,,
ACSSF,2014m1,dc,000,0020,0000014,,,,,,,,,,,,,,,,,,,,,,,,,,,,,,,,,,,,,,,,,,,,,,,,,,,,,,,,,,,,,,,,,,,,,,,,,,,,,,,,,,,,,,,,,,,,,,,,,0.7,0.6,1.5,.,1.1,3.4,,,,,,,6481,4736,4079,6975,4816,4126,2546,1578,1510,198,198,198,2394,1606,1971,1579,732,1240,,,,,,,,,,,,,,,,,,,4401,4682,1829,198,1771,1417,4190,3992,1160,198,1415,264,,,,,,,1667,1676,572,198,515,326,,,,,,,,,,,,,,,,,,,,,,,,,,,,,,,,,,,,,,,,,,,,,,,,,,,,,,,,,,,,,,,,,,,,,,,,
ACSSF,2014m1,dc,000,0020,0000015,,,,,,,,,,,,,,,,,,,,,,,,,,,,,,,,,,,,,,,,,,,,,,,,,,,,,,,,,,,,,,,,,,,,,,,,,,,,,,,,,,,,,,,,,,,,,,,,,0.2,0.4,0.9,.,0.7,1.9,,,,,,,1757,1338,1295,7913,4740,4740,5744,3202,3588,198,198,198,4603,2739,3054,2238,1176,1683,,,,,,,,,,,,,,,,,,,3986,5376,3269,198,3071,2099,2968,5573,4216,198,2244,561,,,,,,,1125,1464,1053,198,692,633,,,,,,,4303,4315,1245,198,449,444,,,,,,,,,,,,,,,,,,,,,,,,,,,,,,,,,,,,,,,,,,,,,,,,,,,,,,,,,,,,
