ACSSF,2014m1,dc,000,0091,0000001,708,2401,2419,793,2187,2348,757,650,890,466,1063,1146,234,993,1024,525,863,861,498,811,969,533,789,983,574,364,672,493,614,803,4,292,292,242,277,385,242,439,503,2934,1908,1342,506,1308,1052,668,1028,450,320,546,466,663,575,287,467,561,1519,1097,260,1122,845,448,925,399,116,403,283,137,321,168,466,477,2120,1176,634,318,698,561,829,1000,533,992,1124,226,651,692,196,579,618,1330,1025,162,1024,581,338,647,318,274,387,271,247,343,230,119,244,,,,,,,,,,,,,,,,,,,,,,,,,,,,,,,,,,,,,,,,,,,,,,,,,,,,,,,,,,,,,,,,,,,,,,,,,,,,,,,,,,,,,,,,,,,,,,,,,,,,,,,,,,,,,,,,,,,,,,,,,,,,,,,,,,,,
ACSSF,2014m1,dc,000,0091,0000002,708,2401,2419,793,2187,2348,757,650,890,466,1063,1146,234,993,1024,525,863,861,498,811,969,533,789,983,574,364,672,493,614,803,4,292,292,242,277,385,242,439,503,2934,1908,1342,506,1308,1052,668,1028,450,320,546,466,663,575,287,467,561,1519,1097,260,1122,845,448,925,399,116,403,283,137,321,168,466,477,2120,1176,634,318,698,561,829,1000,533,992,1124,226,651,692,196,579,618,1330,1025,162,1024,581,338,647,318,274,387,271,247,343,230,119,244,,,,,,,,,,,,,,,,,,,,,,,,,,,,,,,,,,,,,,,,,,,,,,,,,,,,,,,,,,,,,,,,,,,,,,,,,,,,,,,,,,,,,,,,,,,,,,,,,,,,,,,,,,,,,,,,,,,,,,,,,,,,,,,,,,,,
ACSSF,2014m1,dc,000,0091,0000003,708,2401,2419,793,2187,2348,757,650,890,466,1063,1146,234,993,1024,525,863,861,498,811,969,533,789,983,574,364,672,493,614,803,4,292,292,242,277,385,242,439,503,2934,1908,1342,506,1308,1052,668,1028,450,320,546,466,663,575,287,467,561,1519,1097,260,1122,845,448,925,399,116,403,283,137,321,168,466,477,2120,1176,634,318,698,561,829,1000,533,992,1124,226,651,692,196,579,618,1330,1025,162,1024,581,338,647,318,274,387,271,247,343,230,119,244,,,,,,,,,,,,,,,,,,,,,,,,,,,,,,,,,,,,,,,,,,,,,,,,,,,,,,,,,,,,,,,,,,,,,,,,,,,,,,,,,,,,,,,,,,,,,,,,,,,,,,,,,,,,,,,,,,,,,,,,,,,,,,,,,,,,
ACSSF,2014m1,dc,000,0091,0000004,708,2401,2419,793,2187,2348,757,650,890,466,1063,1146,234,993,1024,525,863,861,498,811,969,533,789,983,574,364,672,493,614,803,4,292,292,242,277,385,242,439,503,2934,1908,1342,506,1308,1052,668,1028,450,320,546,466,663,575,287,467,561,1519,1097,260,1122,845,448,925,399,116,403,283,137,321,168,466,477,2120,1176,634,318,698,561,829,1000,533,992,1124,226,651,692,196,579,618,1330,1025,162,1024,581,338,647,318,274,387,271,247,343,230,119,244,,,,,,,,,,,,,,,,,,,,,,,,,,,,,,,,,,,,,,,,,,,,,,,,,,,,,,,,,,,,,,,,,,,,,,,,,,,,,,,,,,,,,,,,,,,,,,,,,,,,,,,,,,,,,,,,,,,,,,,,,,,,,,,,,,,,
ACSSF,2014m1,dc,000,0091,0000005,708,2401,2419,793,2187,2348,757,650,890,466,1063,1146,234,993,1024,525,863,861,498,811,969,533,789,983,574,364,672,493,614,803,4,292,292,242,277,385,242,439,503,2934,1908,1342,506,1308,1052,668,1028,450,320,546,466,663,575,287,467,561,1519,1097,260,1122,845,448,925,399,116,403,283,137,321,168,466,477,2120,1176,634,318,698,561,829,1000,533,992,1124,226,651,692,196,579,618,1330,1025,162,1024,581,338,647,318,274,387,271,247,343,230,119,244,,,,,,,,,,,,,,,,,,,,,,,,,,,,,,,,,,,,,,,,,,,,,,,,,,,,,,,,,,,,,,,,,,,,,,,,,,,,,,,,,,,,,,,,,,,,,,,,,,,,,,,,,,,,,,,,,,,,,,,,,,,,,,,,,,,,
ACSSF,2014m1,dc,000,0091,0000006,708,2401,2419,793,2187,2348,757,650,890,466,1063,1146,234,993,1024,525,863,861,498,811,969,533,789,983,574,364,672,493,614,803,4,292,292,242,277,385,242,439,503,2934,1908,1342,506,1308,1052,668,1028,450,320,546,466,663,575,287,467,561,1519,1097,260,1122,845,448,925,399,116,403,283,137,321,168,466,477,2120,1176,634,318,698,561,829,1000,533,992,1124,226,651,692,196,579,618,1330,1025,162,1024,581,338,647,318,274,387,271,247,343,230,119,244,,,,,,,,,,,,,,,,,,,,,,,,,,,,,,,,,,,,,,,,,,,,,,,,,,,,,,,,,,,,,,,,,,,,,,,,,,,,,,,,,,,,,,,,,,,,,,,,,,,,,,,,,,,,,,,,,,,,,,,,,,,,,,,,,,,,
ACSSF,2014m1,dc,000,0091,0000007,708,2401,2419,793,2187,2348,757,650,890,466,1063,1146,234,993,1024,525,863,861,498,811,969,533,789,983,574,364,672,493,614,803,4,292,292,242,277,385,242,439,503,2934,1908,1342,506,1308,1052,668,1028,450,320,546,466,663,575,287,467,561,1519,1097,260,1122,845,448,925,399,116,403,283,137,321,168,466,477,2120,1176,634,318,698,561,829,1000,533,992,1124,226,651,692,196,579,618,1330,1025,162,1024,581,338,647,318,274,387,271,247,343,230,119,244,,,,,,,,,,,,,,,,,,,,,,,,,,,,,,,,,,,,,,,,,,,,,,,,,,,,,,,,,,,,,,,,,,,,,,,,,,,,,,,,,,,,,,,,,,,,,,,,,,,,,,,,,,,,,,,,,,,,,,,,,,,,,,,,,,,,
ACSSF,2014m1,dc,000,0091,0000008,708,2401,2419,793,2187,2348,757,650,890,466,1063,1146,234,993,1024,525,863,861,498,811,969,533,789,983,574,364,672,493,614,803,4,292,292,242,277,385,242,439,503,2934,1908,1342,506,1308,1052,668,1028,450,320,546,466,663,575,287,467,561,1519,1097,260,1122,845,448,925,399,116,403,283,137,321,168,466,477,2120,1176,634,318,698,561,829,1000,533,992,1124,226,651,692,196,579,618,1330,1025,162,1024,581,338,647,318,274,387,271,247,343,230,119,244,,,,,,,,,,,,,,,,,,,,,,,,,,,,,,,,,,,,,,,,,,,,,,,,,,,,,,,,,,,,,,,,,,,,,,,,,,,,,,,,,,,,,,,,,,,,,,,,,,,,,,,,,,,,,,,,,,,,,,,,,,,,,,,,,,,,
ACSSF,2014m1,dc,000,0091,0000009,708,2401,2419,793,2187,2348,757,650,890,466,1063,1146,234,993,1024,525,863,861,498,811,969,533,789,983,574,364,672,493,614,803,4,292,292,242,277,385,242,439,503,2934,1908,1342,506,1308,1052,668,1028,450,320,546,466,663,575,287,467,561,1519,1097,260,1122,845,448,925,399,116,403,283,137,321,168,466,477,2120,1176,634,318,698,561,829,1000,533,992,1124,226,651,692,196,579,618,1330,1025,162,1024,581,338,647,318,274,387,271,247,343,230,119,244,,,,,,,,,,,,,,,,,,,,,,,,,,,,,,,,,,,,,,,,,,,,,,,,,,,,,,,,,,,,,,,,,,,,,,,,,,,,,,,,,,,,,,,,,,,,,,,,,,,,,,,,,,,,,,,,,,,,,,,,,,,,,,,,,,,,
ACSSF,2014m1,dc,000,0091,0000010,4017,759,4065,2971,578,3069,2419,191,2455,1535,275,1558,755,165,748,735,298,735,586,429,568,2580,566,2511,2171,127,2153,1377,190,1382,789,198,789,780,198,780,650,507,690,3794,2678,2184,191,2208,1467,261,1498,740,165,743,574,298,577,586,429,568,2351,1626,127,1610,1166,190,1174,688,198,688,743,198,743,606,507,645,,,,,,,,,,,,,,,,,,,,,,,,,,,,,,,,,,,,,,,,,,,,,,,,,,,,,,,,,,,,,,,,,,,,,,,,,,,,,,,,,,,,,,,,,,,,,,,,,,,,,,,,,,,,,,,,,,,,,,,,,,,,,,,,,,,,,,,,,,,,,,,,,,,,,,,,,,,,,,,,,,,,,
ACSSF,2014m1,dc,000,0091,0000011,5297,1075,5207,3158,1050,3088,2222,323,2267,2242,468,2094,1022,506,845,772,438,613,694,529,483,3890,187,3895,2826,114,2834,1805,54,1809,1108,51,1107,745,102,720,814,153,798,3627,1926,1121,310,1105,1513,235,1553,461,195,425,245,145,159,229,242,40,2527,2116,198,2116,884,54,888,350,38,346,267,198,267,231,97,207,4327,2421,1977,198,1977,1391,314,1298,877,455,769,655,394,513,586,476,463,3053,1512,114,1516,1586,198,1586,923,35,928,677,102,653,750,76,746,,,,,,,,,,,,,,,,,,,,,,,,,,,,,,,,,,,,,,,,,,,,,,,,,,,,,,,,,,,,,,,,,,,,,,,,,,,,,,,,,,,,,,,,,,,,,,,,,,,,,,,,,,,,,,,,,,,,,,,,,,,,,,,,,,,,
ACSSF,2014m1,dc,000,0091,0000012,4830,1230,4757,3279,1074,3180,2168,293,2148,1473,462,1489,1161,575,994,784,472,572,549,406,424,3214,468,3143,2105,168,2111,1474,396,1438,971,197,939,708,59,704,1107,198,1107,2710,1926,1472,242,1446,934,290,842,363,67,369,349,226,232,296,237,173,1651,1281,150,1277,812,243,755,378,80,370,325,198,325,411,198,411,4076,2438,1394,137,1403,1171,379,1201,1077,567,897,686,400,543,489,362,400,2586,1405,85,1398,1198,283,1145,869,182,829,521,59,514,1014,198,1014,,,,,,,,,,,,,,,,,,,,,,,,,,,,,,,,,,,,,,,,,,,,,,,,,,,,,,,,,,,,,,,,,,,,,,,,,,,,,,,,,,,,,,,,,,,,,,,,,,,,,,,,,,,,,,,,,,,,,,,,,,,,,,,,,,,,
ACSSF,2014m1,dc,000,0091,0000013,5322,1224,5290,3108,1201,3097,1984,297,1997,1453,459,1419,1219,734,1083,691,639,465,739,392,690,3395,340,3357,1875,84,1871,1832,201,1835,1125,168,1115,818,205,829,854,198,854,,,,,,,,,,,,,,,,,,,,,,,,,,,,,,,,,,5098,2973,1990,291,1997,1472,422,1386,1187,682,1095,592,497,446,497,364,441,3289,1804,84,1801,1674,167,1659,1111,168,1099,783,205,796,862,198,862,,,,,,,,,,,,,,,,,,,,,,,,,,,,,,,,,,,,,,,,,,,,,,,,,,,,,,,,,,,,,,,,,,,,,,,,,,,,,,,,,,,,,,,,,,,,,,,,,,,,,,,,,,,,,,,,,,,,,,,,,,,,,,,,,,,,
ACSSF,2014m1,dc,000,0091,0000014,5072,1197,4906,3943,991,3670,2942,292,2956,2325,756,2070,979,301,971,778,342,790,577,409,374,3272,463,3297,2497,224,2500,1740,318,1755,1009,89,1017,771,178,754,803,89,799,3846,3015,2294,226,2297,1829,522,1762,730,201,727,637,333,598,382,381,63,2212,1856,182,1898,1069,264,1097,589,70,614,489,137,464,411,198,411,3578,2445,1651,198,1651,1327,561,1073,663,185,643,470,147,447,414,193,358,2206,1357,198,1357,1175,97,1166,790,90,791,602,78,597,591,89,581,,,,,,,,,,,,,,,,,,,,,,,,,,,,,,,,,,,,,,,,,,,,,,,,,,,,,,,,,,,,,,,,,,,,,,,,,,,,,,,,,,,,,,,,,,,,,,,,,,,,,,,,,,,,,,,,,,,,,,,,,,,,,,,,,,,,
ACSSF,2014m1,dc,000,0091,0000015,708,2401,2419,793,2187,2348,757,650,890,466,1063,1146,234,993,1024,525,863,861,498,811,969,533,789,983,574,364,672,493,614,803,4,292,292,242,277,385,242,439,503,2934,1908,1342,506,1308,1052,668,1028,450,320,546,466,663,575,287,467,561,1519,1097,260,1122,845,448,925,399,116,403,283,137,321,168,466,477,2120,1176,634,318,698,561,829,1000,533,992,1124,226,651,692,196,579,618,1330,1025,162,1024,581,338,647,318,274,387,271,247,343,230,119,244,,,,,,,,,,,,,,,,,,,,,,,,,,,,,,,,,,,,,,,,,,,,,,,,,,,,,,,,,,,,,,,,,,,,,,,,,,,,,,,,,,,,,,,,,,,,,,,,,,,,,,,,,,,,,,,,,,,,,,,,,,,,,,,,,,,,
