ACSSF,2014m1,dc,000,0108,0000001,950,3513,2377,6014,3516,10637,5673,5579,6949,23596,4497,18002,14768,5722,13529,34008,34236,197174,4450,5525,5851,10318,20152,5409,3336,15601,5130,15388,5334,3116,.,4774,22082,4368,5862,5224,8808,2620,2738,2839,5271,10326,4832,9234,26961,14620,3121,14916,12757,4126,8663,10843,15605,18867,2434,1385,6376,8156,12196,4749,7945,7170,2131,5282,3658,45333,.,14964,98052,3679,18898,4619,25075
ACSSF,2014m1,dc,000,0108,0000002,950,3513,2377,6014,3516,10637,5673,5579,6949,23596,4497,18002,14768,5722,13529,34008,34236,197174,4450,5525,5851,10318,20152,5409,3336,15601,5130,15388,5334,3116,.,4774,22082,4368,5862,5224,8808,2620,2738,2839,5271,10326,4832,9234,26961,14620,3121,14916,12757,4126,8663,10843,15605,18867,2434,1385,6376,8156,12196,4749,7945,7170,2131,5282,3658,45333,.,14964,98052,3679,18898,4619,25075
ACSSF,2014m1,dc,000,0108,0000003,950,3513,2377,6014,3516,10637,5673,5579,6949,23596,4497,18002,14768,5722,13529,34008,34236,197174,4450,5525,5851,10318,20152,5409,3336,15601,5130,15388,5334,3116,.,4774,22082,4368,5862,5224,8808,2620,2738,2839,5271,10326,4832,9234,26961,14620,3121,14916,12757,4126,8663,10843,15605,18867,2434,1385,6376,8156,12196,4749,7945,7170,2131,5282,3658,45333,.,14964,98052,3679,18898,4619,25075
ACSSF,2014m1,dc,000,0108,0000004,950,3513,2377,6014,3516,10637,5673,5579,6949,23596,4497,18002,14768,5722,13529,34008,34236,197174,4450,5525,5851,10318,20152,5409,3336,15601,5130,15388,5334,3116,.,4774,22082,4368,5862,5224,8808,2620,2738,2839,5271,10326,4832,9234,26961,14620,3121,14916,12757,4126,8663,10843,15605,18867,2434,1385,6376,8156,12196,4749,7945,7170,2131,5282,3658,45333,.,14964,98052,3679,18898,4619,25075
ACSSF,2014m1,dc,000,0108,0000005,950,3513,2377,6014,3516,10637,5673,5579,6949,23596,4497,18002,14768,5722,13529,34008,34236,197174,4450,5525,5851,10318,20152,5409,3336,15601,5130,15388,5334,3116,.,4774,22082,4368,5862,5224,8808,2620,2738,2839,5271,10326,4832,9234,26961,14620,3121,14916,12757,4126,8663,10843,15605,18867,2434,1385,6376,8156,12196,4749,7945,7170,2131,5282,3658,45333,.,14964,98052,3679,18898,4619,25075
ACSSF,2014m1,dc,000,0108,0000006,950,3513,2377,6014,3516,10637,5673,5579,6949,23596,4497,18002,14768,5722,13529,34008,34236,197174,4450,5525,5851,10318,20152,5409,3336,15601,5130,15388,5334,3116,.,4774,22082,4368,5862,5224,8808,2620,2738,2839,5271,10326,4832,9234,26961,14620,3121,14916,12757,4126,8663,10843,15605,18867,2434,1385,6376,8156,12196,4749,7945,7170,2131,5282,3658,45333,.,14964,98052,3679,18898,4619,25075
ACSSF,2014m1,dc,000,0108,0000007,950,3513,2377,6014,3516,10637,5673,5579,6949,23596,4497,18002,14768,5722,13529,34008,34236,197174,4450,5525,5851,10318,20152,5409,3336,15601,5130,15388,5334,3116,.,4774,22082,4368,5862,5224,8808,2620,2738,2839,5271,10326,4832,9234,26961,14620,3121,14916,12757,4126,8663,10843,15605,18867,2434,1385,6376,8156,12196,4749,7945,7170,2131,5282,3658,45333,.,14964,98052,3679,18898,4619,25075
ACSSF,2014m1,dc,000,0108,0000008,950,3513,2377,6014,3516,10637,5673,5579,6949,23596,4497,18002,14768,5722,13529,34008,34236,197174,4450,5525,5851,10318,20152,5409,3336,15601,5130,15388,5334,3116,.,4774,22082,4368,5862,5224,8808,2620,2738,2839,5271,10326,4832,9234,26961,14620,3121,14916,12757,4126,8663,10843,15605,18867,2434,1385,6376,8156,12196,4749,7945,7170,2131,5282,3658,45333,.,14964,98052,3679,18898,4619,25075
ACSSF,2014m1,dc,000,0108,0000009,950,3513,2377,6014,3516,10637,5673,5579,6949,23596,4497,18002,14768,5722,13529,34008,34236,197174,4450,5525,5851,10318,20152,5409,3336,15601,5130,15388,5334,3116,.,4774,22082,4368,5862,5224,8808,2620,2738,2839,5271,10326,4832,9234,26961,14620,3121,14916,12757,4126,8663,10843,15605,18867,2434,1385,6376,8156,12196,4749,7945,7170,2131,5282,3658,45333,.,14964,98052,3679,18898,4619,25075
ACSSF,2014m1,dc,000,0108,0000010,10734,10640,13101,14727,16072,31623,34404,39544,88662,30024,30318,28741,25134,32554,23000,71315,118591,.,8983,.,73548,.,.,29385,54644,13456,42040,60152,29972,32958,.,32958,.,34597,.,41946,.,8366,8353,6943,9788,15301,15658,40197,30594,13541,9050,32777,13846,24760,15960,52177,60371,126666,7990,.,233026,233026,.,11217,26136,11649,6886,14731,9597,.,.,.,.,17886,.,.,.
ACSSF,2014m1,dc,000,0108,0000011,3307,3964,5737,8763,21946,5585,12654,12648,10885,20525,20032,26875,44062,4447,12283,73282,221957,.,3618,8813,46472,53240,15698,2711,4619,30948,6710,30228,6083,6220,.,5233,73681,7903,14525,8654,58916,4289,6784,10873,9880,14292,14098,18774,16671,51403,6767,5875,43061,22061,9127,24803,20166,.,5948,15115,97610,132681,.,5022,5284,1225,9340,5750,7977,.,.,.,.,28052,.,.,62195
ACSSF,2014m1,dc,000,0108,0000012,3689,2517,8084,10000,6863,19553,14693,23202,34679,44208,28642,78763,39823,9963,12735,67494,33936,.,6529,25230,7726,13209,22291,6082,13266,12890,9240,32635,18014,19650,.,18956,103075,8797,48892,22371,11161,3768,7486,9516,12894,15584,15637,13730,46905,18370,15343,9534,18891,18467,13283,14818,7862,42567,8384,5199,8469,.,.,15604,4644,26024,12450,28677,8123,75630,.,.,.,4025,.,5347,.
ACSSF,2014m1,dc,000,0108,0000013,1631,5205,8482,6983,18246,25338,36149,28456,20243,.,23812,51320,69000,23136,82849,48317,.,33066,5025,.,14418,14317,28648,4118,3442,37620,4765,4338,9269,7282,.,13535,8583,5498,14231,6487,7785,2060,8915,11126,22410,25445,40866,41337,.,55692,6651,15667,78625,3324,63473,14780,22209,19619,2066,2758,5909,7189,38144,11705,16320,13482,2493,4095,4915,8529,.,.,.,13395,47234,50711,3250
ACSSF,2014m1,dc,000,0108,0000014,4927,6664,3796,8985,9566,6312,12247,9291,24506,27029,8996,30577,27178,26099,18353,93781,47571,161578,8366,7714,26792,6576,65119,12140,28153,23071,19473,42809,6595,65396,.,72956,.,9957,14809,40013,38028,4582,4527,5225,8486,9566,12660,10652,28326,25013,25772,37678,29306,23875,17541,12226,13269,50882,5994,8432,44588,21144,19402,11522,5459,10377,6836,15128,4507,71600,.,.,71600,5497,50933,.,.
ACSSF,2014m1,dc,000,0108,0000015,950,3513,2377,6014,3516,10637,5673,5579,6949,23596,4497,18002,14768,5722,13529,34008,34236,197174,4450,5525,5851,10318,20152,5409,3336,15601,5130,15388,5334,3116,.,4774,22082,4368,5862,5224,8808,2620,2738,2839,5271,10326,4832,9234,26961,14620,3121,14916,12757,4126,8663,10843,15605,18867,2434,1385,6376,8156,12196,4749,7945,7170,2131,5282,3658,45333,.,14964,98052,3679,18898,4619,25075
