ACSSF,2014m1,dc,000,0156,0000001,509,6141,4002,3875,2299,4276,949,874,498,3945,3868,1913,3672,864,704,472,4935,3217,3275,2119,2721,712,596,357,3404,3494,2496,2739,924,885,421,5094,3253,3004,2592,2408,1301,1189,688,3651,3757,3086,2671,1504,1571,679,509,7916,8021,3323,7800,1919,7399,6881,4086,5535,2083,6813,6224,4867,4617,2226,7038,6788,5010,3883,1157,7944,7912,7792,3240,2187,509,6141,5909,3221,6158,1238,1181,684,4935,4930,3454,3800,1143,1094,531,5094,4787,4315,3583,1940,1896,1011
ACSSF,2014m1,dc,000,0156,0000002,509,6141,4002,3875,2299,4276,949,874,498,3945,3868,1913,3672,864,704,472,4935,3217,3275,2119,2721,712,596,357,3404,3494,2496,2739,924,885,421,5094,3253,3004,2592,2408,1301,1189,688,3651,3757,3086,2671,1504,1571,679,509,7916,8021,3323,7800,1919,7399,6881,4086,5535,2083,6813,6224,4867,4617,2226,7038,6788,5010,3883,1157,7944,7912,7792,3240,2187,509,6141,5909,3221,6158,1238,1181,684,4935,4930,3454,3800,1143,1094,531,5094,4787,4315,3583,1940,1896,1011
ACSSF,2014m1,dc,000,0156,0000003,509,6141,4002,3875,2299,4276,949,874,498,3945,3868,1913,3672,864,704,472,4935,3217,3275,2119,2721,712,596,357,3404,3494,2496,2739,924,885,421,5094,3253,3004,2592,2408,1301,1189,688,3651,3757,3086,2671,1504,1571,679,509,7916,8021,3323,7800,1919,7399,6881,4086,5535,2083,6813,6224,4867,4617,2226,7038,6788,5010,3883,1157,7944,7912,7792,3240,2187,509,6141,5909,3221,6158,1238,1181,684,4935,4930,3454,3800,1143,1094,531,5094,4787,4315,3583,1940,1896,1011
ACSSF,2014m1,dc,000,0156,0000004,509,6141,4002,3875,2299,4276,949,874,498,3945,3868,1913,3672,864,704,472,4935,3217,3275,2119,2721,712,596,357,3404,3494,2496,2739,924,885,421,5094,3253,3004,2592,2408,1301,1189,688,3651,3757,3086,2671,1504,1571,679,509,7916,8021,3323,7800,1919,7399,6881,4086,5535,2083,6813,6224,4867,4617,2226,7038,6788,5010,3883,1157,7944,7912,7792,3240,2187,509,6141,5909,3221,6158,1238,1181,684,4935,4930,3454,3800,1143,1094,531,5094,4787,4315,3583,1940,1896,1011
ACSSF,2014m1,dc,000,0156,0000005,509,6141,4002,3875,2299,4276,949,874,498,3945,3868,1913,3672,864,704,472,4935,3217,3275,2119,2721,712,596,357,3404,3494,2496,2739,924,885,421,5094,3253,3004,2592,2408,1301,1189,688,3651,3757,3086,2671,1504,1571,679,509,7916,8021,3323,7800,1919,7399,6881,4086,5535,2083,6813,6224,4867,4617,2226,7038,6788,5010,3883,1157,7944,7912,7792,3240,2187,509,6141,5909,3221,6158,1238,1181,684,4935,4930,3454,3800,1143,1094,531,5094,4787,4315,3583,1940,1896,1011
ACSSF,2014m1,dc,000,0156,0000006,509,6141,4002,3875,2299,4276,949,874,498,3945,3868,1913,3672,864,704,472,4935,3217,3275,2119,2721,712,596,357,3404,3494,2496,2739,924,885,421,5094,3253,3004,2592,2408,1301,1189,688,3651,3757,3086,2671,1504,1571,679,509,7916,8021,3323,7800,1919,7399,6881,4086,5535,2083,6813,6224,4867,4617,2226,7038,6788,5010,3883,1157,7944,7912,7792,3240,2187,509,6141,5909,3221,6158,1238,1181,684,4935,4930,3454,3800,1143,1094,531,5094,4787,4315,3583,1940,1896,1011
ACSSF,2014m1,dc,000,0156,0000007,509,6141,4002,3875,2299,4276,949,874,498,3945,3868,1913,3672,864,704,472,4935,3217,3275,2119,2721,712,596,357,3404,3494,2496,2739,924,885,421,5094,3253,3004,2592,2408,1301,1189,688,3651,3757,3086,2671,1504,1571,679,509,7916,8021,3323,7800,1919,7399,6881,4086,5535,2083,6813,6224,4867,4617,2226,7038,6788,5010,3883,1157,7944,7912,7792,3240,2187,509,6141,5909,3221,6158,1238,1181,684,4935,4930,3454,3800,1143,1094,531,5094,4787,4315,3583,1940,1896,1011
ACSSF,2014m1,dc,000,0156,0000008,509,6141,4002,3875,2299,4276,949,874,498,3945,3868,1913,3672,864,704,472,4935,3217,3275,2119,2721,712,596,357,3404,3494,2496,2739,924,885,421,5094,3253,3004,2592,2408,1301,1189,688,3651,3757,3086,2671,1504,1571,679,509,7916,8021,3323,7800,1919,7399,6881,4086,5535,2083,6813,6224,4867,4617,2226,7038,6788,5010,3883,1157,7944,7912,7792,3240,2187,509,6141,5909,3221,6158,1238,1181,684,4935,4930,3454,3800,1143,1094,531,5094,4787,4315,3583,1940,1896,1011
ACSSF,2014m1,dc,000,0156,0000009,509,6141,4002,3875,2299,4276,949,874,498,3945,3868,1913,3672,864,704,472,4935,3217,3275,2119,2721,712,596,357,3404,3494,2496,2739,924,885,421,5094,3253,3004,2592,2408,1301,1189,688,3651,3757,3086,2671,1504,1571,679,509,7916,8021,3323,7800,1919,7399,6881,4086,5535,2083,6813,6224,4867,4617,2226,7038,6788,5010,3883,1157,7944,7912,7792,3240,2187,509,6141,5909,3221,6158,1238,1181,684,4935,4930,3454,3800,1143,1094,531,5094,4787,4315,3583,1940,1896,1011
ACSSF,2014m1,dc,000,0156,0000010,4049,3429,2491,2448,411,2430,605,594,219,2039,2001,255,2032,349,333,149,2026,1375,1371,294,1383,384,384,198,1601,1526,492,1539,758,696,328,2019,1226,828,295,798,843,778,336,1554,1186,368,1137,957,942,250,4736,1490,1448,1355,1117,141,2123,1489,1404,679,1309,1899,1797,1765,521,357,1700,1700,1699,966,198,5210,5173,5110,1496,168,4049,3429,3286,477,3339,773,772,268,2026,1946,560,2011,890,853,328,2019,1349,488,1292,1373,1271,454
ACSSF,2014m1,dc,000,0156,0000011,5215,3201,2103,2082,1024,2068,505,375,335,2490,2421,705,2284,272,272,198,2985,1997,2057,1202,1615,369,232,244,2139,2085,1365,1701,333,333,198,2836,1722,1539,1072,1239,711,706,111,2121,1736,1376,1014,1102,1056,340,6587,3642,3657,1687,3354,1122,3393,3053,1825,2578,754,4887,4221,3258,2887,1625,3258,3156,2156,2285,1080,5056,4601,4328,2159,1725,5215,3201,3178,1321,3032,566,449,335,2985,3034,1958,2428,441,378,244,2836,2342,1945,1560,1446,1416,354
ACSSF,2014m1,dc,000,0156,0000012,4729,3168,2006,2031,670,1982,325,252,178,2100,2028,687,2034,387,364,196,2017,1444,1462,1097,839,317,317,198,1373,1366,775,1212,275,218,168,3023,2016,1645,1216,1058,833,733,403,1953,1458,1163,801,1203,1186,255,6088,2737,2716,1379,2389,377,2572,2240,1699,1580,941,2159,2088,1623,1603,308,2942,2932,1943,1901,136,4203,3993,3719,1783,782,4729,3168,3069,983,3110,469,393,266,2017,2039,1483,1417,472,437,168,3023,2151,1624,1311,1603,1532,445
ACSSF,2014m1,dc,000,0156,0000013,5025,3555,1789,1743,1322,1781,297,285,74,2468,2400,1574,1891,492,414,246,2636,1456,1397,1098,984,320,294,141,2079,2028,1643,1089,307,307,198,3710,2279,2140,1808,1233,805,626,554,2505,2108,1902,976,1141,1153,361,6692,5968,5759,1752,5625,1109,5256,5085,2527,4263,754,3561,3494,2386,3101,619,4037,3852,2987,2174,559,3475,3256,2674,2038,643,5025,3555,3485,2375,3033,569,498,260,2636,2528,2003,1490,472,443,141,3710,3025,2639,1678,1451,1304,661
ACSSF,2014m1,dc,000,0156,0000014,5071,4302,3166,3074,1230,2894,417,305,254,2767,2612,704,2416,549,465,300,2938,2065,2060,1010,1806,446,305,222,2057,2001,993,1948,416,416,198,2899,2161,1836,1422,926,910,916,165,2177,1954,1159,1630,773,773,219,6542,3246,3234,2081,2692,632,3866,3858,2116,3349,471,2864,2418,2177,1560,1452,2373,2274,2094,877,413,4702,4545,4387,1805,859,5071,4302,4083,1448,3873,721,602,404,2938,2915,1645,2582,628,552,222,2899,2461,1810,1751,1292,1288,357
ACSSF,2014m1,dc,000,0156,0000015,509,6141,4002,3875,2299,4276,949,874,498,3945,3868,1913,3672,864,704,472,4935,3217,3275,2119,2721,712,596,357,3404,3494,2496,2739,924,885,421,5094,3253,3004,2592,2408,1301,1189,688,3651,3757,3086,2671,1504,1571,679,509,7916,8021,3323,7800,1919,7399,6881,4086,5535,2083,6813,6224,4867,4617,2226,7038,6788,5010,3883,1157,7944,7912,7792,3240,2187,509,6141,5909,3221,6158,1238,1181,684,4935,4930,3454,3800,1143,1094,531,5094,4787,4315,3583,1940,1896,1011
