ACSSF,2014m1,dc,000,0089,0000001,,,,,,,,,,,,,,,,,,,,,,,,,,,,,,,,,,,,,,,,,,,,,,,,,,,,,,,,,,,,,,,,,,,,,,,,,,,,,,,,,,,,,,,,,,,,,,,,405,248,2386,198,2386,43,198,237,132,331,89,262,266,599,364,384,846,592,1114,998,721,1340,1227,1443,1823,2367,1328,2036,845,592,533,399,412,176,458,234,416,167,400,785,497,679,297,598,425,363,353,751,279,2097,198,2097,158,198,79,129,310,196,129,54,251,365,332,1133,567,850,981,727,1029,902,1345,1789,2041,1682,1792,1076,725,561,499,454,457,576,280,632,291,472,706,675,339,241,572,357,377,387,811
ACSSF,2014m1,dc,000,0089,0000002,,,,,,,,,,,,,,,,,,,,,,,,,,,,,,,,,,,,,,,,,,,,,,,,,,,,,,,,,,,,,,,,,,,,,,,,,,,,,,,,,,,,,,,,,,,,,,,,405,248,2386,198,2386,43,198,237,132,331,89,262,266,599,364,384,846,592,1114,998,721,1340,1227,1443,1823,2367,1328,2036,845,592,533,399,412,176,458,234,416,167,400,785,497,679,297,598,425,363,353,751,279,2097,198,2097,158,198,79,129,310,196,129,54,251,365,332,1133,567,850,981,727,1029,902,1345,1789,2041,1682,1792,1076,725,561,499,454,457,576,280,632,291,472,706,675,339,241,572,357,377,387,811
ACSSF,2014m1,dc,000,0089,0000003,,,,,,,,,,,,,,,,,,,,,,,,,,,,,,,,,,,,,,,,,,,,,,,,,,,,,,,,,,,,,,,,,,,,,,,,,,,,,,,,,,,,,,,,,,,,,,,,405,248,2386,198,2386,43,198,237,132,331,89,262,266,599,364,384,846,592,1114,998,721,1340,1227,1443,1823,2367,1328,2036,845,592,533,399,412,176,458,234,416,167,400,785,497,679,297,598,425,363,353,751,279,2097,198,2097,158,198,79,129,310,196,129,54,251,365,332,1133,567,850,981,727,1029,902,1345,1789,2041,1682,1792,1076,725,561,499,454,457,576,280,632,291,472,706,675,339,241,572,357,377,387,811
ACSSF,2014m1,dc,000,0089,0000004,,,,,,,,,,,,,,,,,,,,,,,,,,,,,,,,,,,,,,,,,,,,,,,,,,,,,,,,,,,,,,,,,,,,,,,,,,,,,,,,,,,,,,,,,,,,,,,,405,248,2386,198,2386,43,198,237,132,331,89,262,266,599,364,384,846,592,1114,998,721,1340,1227,1443,1823,2367,1328,2036,845,592,533,399,412,176,458,234,416,167,400,785,497,679,297,598,425,363,353,751,279,2097,198,2097,158,198,79,129,310,196,129,54,251,365,332,1133,567,850,981,727,1029,902,1345,1789,2041,1682,1792,1076,725,561,499,454,457,576,280,632,291,472,706,675,339,241,572,357,377,387,811
ACSSF,2014m1,dc,000,0089,0000005,,,,,,,,,,,,,,,,,,,,,,,,,,,,,,,,,,,,,,,,,,,,,,,,,,,,,,,,,,,,,,,,,,,,,,,,,,,,,,,,,,,,,,,,,,,,,,,,405,248,2386,198,2386,43,198,237,132,331,89,262,266,599,364,384,846,592,1114,998,721,1340,1227,1443,1823,2367,1328,2036,845,592,533,399,412,176,458,234,416,167,400,785,497,679,297,598,425,363,353,751,279,2097,198,2097,158,198,79,129,310,196,129,54,251,365,332,1133,567,850,981,727,1029,902,1345,1789,2041,1682,1792,1076,725,561,499,454,457,576,280,632,291,472,706,675,339,241,572,357,377,387,811
ACSSF,2014m1,dc,000,0089,0000006,,,,,,,,,,,,,,,,,,,,,,,,,,,,,,,,,,,,,,,,,,,,,,,,,,,,,,,,,,,,,,,,,,,,,,,,,,,,,,,,,,,,,,,,,,,,,,,,405,248,2386,198,2386,43,198,237,132,331,89,262,266,599,364,384,846,592,1114,998,721,1340,1227,1443,1823,2367,1328,2036,845,592,533,399,412,176,458,234,416,167,400,785,497,679,297,598,425,363,353,751,279,2097,198,2097,158,198,79,129,310,196,129,54,251,365,332,1133,567,850,981,727,1029,902,1345,1789,2041,1682,1792,1076,725,561,499,454,457,576,280,632,291,472,706,675,339,241,572,357,377,387,811
ACSSF,2014m1,dc,000,0089,0000007,,,,,,,,,,,,,,,,,,,,,,,,,,,,,,,,,,,,,,,,,,,,,,,,,,,,,,,,,,,,,,,,,,,,,,,,,,,,,,,,,,,,,,,,,,,,,,,,405,248,2386,198,2386,43,198,237,132,331,89,262,266,599,364,384,846,592,1114,998,721,1340,1227,1443,1823,2367,1328,2036,845,592,533,399,412,176,458,234,416,167,400,785,497,679,297,598,425,363,353,751,279,2097,198,2097,158,198,79,129,310,196,129,54,251,365,332,1133,567,850,981,727,1029,902,1345,1789,2041,1682,1792,1076,725,561,499,454,457,576,280,632,291,472,706,675,339,241,572,357,377,387,811
ACSSF,2014m1,dc,000,0089,0000008,,,,,,,,,,,,,,,,,,,,,,,,,,,,,,,,,,,,,,,,,,,,,,,,,,,,,,,,,,,,,,,,,,,,,,,,,,,,,,,,,,,,,,,,,,,,,,,,405,248,2386,198,2386,43,198,237,132,331,89,262,266,599,364,384,846,592,1114,998,721,1340,1227,1443,1823,2367,1328,2036,845,592,533,399,412,176,458,234,416,167,400,785,497,679,297,598,425,363,353,751,279,2097,198,2097,158,198,79,129,310,196,129,54,251,365,332,1133,567,850,981,727,1029,902,1345,1789,2041,1682,1792,1076,725,561,499,454,457,576,280,632,291,472,706,675,339,241,572,357,377,387,811
ACSSF,2014m1,dc,000,0089,0000009,,,,,,,,,,,,,,,,,,,,,,,,,,,,,,,,,,,,,,,,,,,,,,,,,,,,,,,,,,,,,,,,,,,,,,,,,,,,,,,,,,,,,,,,,,,,,,,,405,248,2386,198,2386,43,198,237,132,331,89,262,266,599,364,384,846,592,1114,998,721,1340,1227,1443,1823,2367,1328,2036,845,592,533,399,412,176,458,234,416,167,400,785,497,679,297,598,425,363,353,751,279,2097,198,2097,158,198,79,129,310,196,129,54,251,365,332,1133,567,850,981,727,1029,902,1345,1789,2041,1682,1792,1076,725,561,499,454,457,576,280,632,291,472,706,675,339,241,572,357,377,387,811
ACSSF,2014m1,dc,000,0089,0000010,,,,,,,,,,,,,,,,,,,,,,,,,,,,,,,,,,,,,,,,,,,,,,,,,,,,,,,,,,,,,,,,,,,,,,,,,,,,,,,,,,,,,,,,,,,,,,,,3667,2607,2217,198,2217,198,198,91,198,313,198,198,83,141,365,129,472,421,852,136,365,783,576,651,1431,1520,1001,1225,547,412,287,277,329,132,306,198,233,93,351,265,403,409,198,179,205,136,89,468,2202,1652,198,1652,77,198,79,198,182,118,198,54,198,365,192,828,268,275,508,435,659,489,827,1054,1668,1385,1369,786,398,313,407,227,356,276,119,377,136,222,300,239,201,104,248,305,295,295,613
ACSSF,2014m1,dc,000,0089,0000011,,,,,,,,,,,,,,,,,,,,,,,,,,,,,,,,,,,,,,,,,,,,,,,,,,,,,,,,,,,,,,,,,,,,,,,,,,,,,,,,,,,,,,,,,,,,,,,,,,,,,,,,,,,,,,,,,,,,,,,,,,,,,,,,,,,,,,,,,,,,,,,,,,,,,,,,,,,,,,,,,,,,,,,,,,,,,,,,,,,,,,,,,,,,,,
ACSSF,2014m1,dc,000,0089,0000012,,,,,,,,,,,,,,,,,,,,,,,,,,,,,,,,,,,,,,,,,,,,,,,,,,,,,,,,,,,,,,,,,,,,,,,,,,,,,,,,,,,,,,,,,,,,,,,,2544,1788,1502,198,1502,43,198,49,60,41,73,224,42,281,88,147,303,161,240,166,159,584,350,707,692,967,697,583,121,108,191,186,122,83,131,198,110,43,147,186,130,57,198,185,72,125,75,133,1625,1439,198,1439,83,198,8,80,165,198,198,198,157,198,182,372,238,415,272,377,418,347,522,609,988,691,776,324,145,177,104,330,146,165,198,175,109,184,164,80,105,198,57,93,51,124,169
ACSSF,2014m1,dc,000,0089,0000013,,,,,,,,,,,,,,,,,,,,,,,,,,,,,,,,,,,,,,,,,,,,,,,,,,,,,,,,,,,,,,,,,,,,,,,,,,,,,,,,,,,,,,,,,,,,,,,,,,,,,,,,,,,,,,,,,,,,,,,,,,,,,,,,,,,,,,,,,,,,,,,,,,,,,,,,,,,,,,,,,,,,,,,,,,,,,,,,,,,,,,,,,,,,,,
ACSSF,2014m1,dc,000,0089,0000014,,,,,,,,,,,,,,,,,,,,,,,,,,,,,,,,,,,,,,,,,,,,,,,,,,,,,,,,,,,,,,,,,,,,,,,,,,,,,,,,,,,,,,,,,,,,,,,,3508,2712,2513,198,2513,198,198,180,120,97,50,134,253,340,154,66,533,433,566,949,397,899,1133,1027,1192,1804,1016,1545,683,417,301,151,211,108,328,234,236,147,114,456,366,389,185,435,333,350,275,567,2203,2050,198,2050,198,198,198,101,135,152,33,198,128,198,189,727,345,615,316,398,796,850,860,1291,1664,1271,1281,493,505,242,153,221,112,508,255,139,91,286,443,497,256,175,493,212,95,167,463
ACSSF,2014m1,dc,000,0089,0000015,,,,,,,,,,,,,,,,,,,,,,,,,,,,,,,,,,,,,,,,,,,,,,,,,,,,,,,,,,,,,,,,,,,,,,,,,,,,,,,,,,,,,,,,,,,,,,,,405,248,2386,198,2386,43,198,237,132,331,89,262,266,599,364,384,846,592,1114,998,721,1340,1227,1443,1823,2367,1328,2036,845,592,533,399,412,176,458,234,416,167,400,785,497,679,297,598,425,363,353,751,279,2097,198,2097,158,198,79,129,310,196,129,54,251,365,332,1133,567,850,981,727,1029,902,1345,1789,2041,1682,1792,1076,725,561,499,454,457,576,280,632,291,472,706,675,339,241,572,357,377,387,811
