ACSSF,2014m1,dc,000,0057,0000001,4652,2985,2317,2494,397,1637,387,1741,2341,1799,586,1148,498,1657,1222,1096,127,457,386,639,3013,2321,2453,1208,1469,744,1949,1926,1678,1012,1287,649,1305,1312,938,444,486,884,846,6133,1372,1946,1366,1760,3581,1660,1050,1878,2874,1647,2066,2368,1638,1735,1796,3440,2077,1095,1973,1087,1620,,,,,,,992,1207,642,763,423,540,,,,,,,1261,902,207,403,169,476,1155,782,197,293,138,724,1934,3443,998,1839,938,3474,1983,1618,507,747,295,865
ACSSF,2014m1,dc,000,0057,0000002,4652,2985,2317,2494,397,1637,387,1741,2341,1799,586,1148,498,1657,1222,1096,127,457,386,639,3013,2321,2453,1208,1469,744,1949,1926,1678,1012,1287,649,1305,1312,938,444,486,884,846,6133,1372,1946,1366,1760,3581,1660,1050,1878,2874,1647,2066,2368,1638,1735,1796,3440,2077,1095,1973,1087,1620,,,,,,,992,1207,642,763,423,540,,,,,,,1261,902,207,403,169,476,1155,782,197,293,138,724,1934,3443,998,1839,938,3474,1983,1618,507,747,295,865
ACSSF,2014m1,dc,000,0057,0000003,4652,2985,2317,2494,397,1637,387,1741,2341,1799,586,1148,498,1657,1222,1096,127,457,386,639,3013,2321,2453,1208,1469,744,1949,1926,1678,1012,1287,649,1305,1312,938,444,486,884,846,6133,1372,1946,1366,1760,3581,1660,1050,1878,2874,1647,2066,2368,1638,1735,1796,3440,2077,1095,1973,1087,1620,,,,,,,992,1207,642,763,423,540,,,,,,,1261,902,207,403,169,476,1155,782,197,293,138,724,1934,3443,998,1839,938,3474,1983,1618,507,747,295,865
ACSSF,2014m1,dc,000,0057,0000004,4652,2985,2317,2494,397,1637,387,1741,2341,1799,586,1148,498,1657,1222,1096,127,457,386,639,3013,2321,2453,1208,1469,744,1949,1926,1678,1012,1287,649,1305,1312,938,444,486,884,846,6133,1372,1946,1366,1760,3581,1660,1050,1878,2874,1647,2066,2368,1638,1735,1796,3440,2077,1095,1973,1087,1620,,,,,,,992,1207,642,763,423,540,,,,,,,1261,902,207,403,169,476,1155,782,197,293,138,724,1934,3443,998,1839,938,3474,1983,1618,507,747,295,865
ACSSF,2014m1,dc,000,0057,0000005,4652,2985,2317,2494,397,1637,387,1741,2341,1799,586,1148,498,1657,1222,1096,127,457,386,639,3013,2321,2453,1208,1469,744,1949,1926,1678,1012,1287,649,1305,1312,938,444,486,884,846,6133,1372,1946,1366,1760,3581,1660,1050,1878,2874,1647,2066,2368,1638,1735,1796,3440,2077,1095,1973,1087,1620,,,,,,,992,1207,642,763,423,540,,,,,,,1261,902,207,403,169,476,1155,782,197,293,138,724,1934,3443,998,1839,938,3474,1983,1618,507,747,295,865
ACSSF,2014m1,dc,000,0057,0000006,4652,2985,2317,2494,397,1637,387,1741,2341,1799,586,1148,498,1657,1222,1096,127,457,386,639,3013,2321,2453,1208,1469,744,1949,1926,1678,1012,1287,649,1305,1312,938,444,486,884,846,6133,1372,1946,1366,1760,3581,1660,1050,1878,2874,1647,2066,2368,1638,1735,1796,3440,2077,1095,1973,1087,1620,,,,,,,992,1207,642,763,423,540,,,,,,,1261,902,207,403,169,476,1155,782,197,293,138,724,1934,3443,998,1839,938,3474,1983,1618,507,747,295,865
ACSSF,2014m1,dc,000,0057,0000007,4652,2985,2317,2494,397,1637,387,1741,2341,1799,586,1148,498,1657,1222,1096,127,457,386,639,3013,2321,2453,1208,1469,744,1949,1926,1678,1012,1287,649,1305,1312,938,444,486,884,846,6133,1372,1946,1366,1760,3581,1660,1050,1878,2874,1647,2066,2368,1638,1735,1796,3440,2077,1095,1973,1087,1620,,,,,,,992,1207,642,763,423,540,,,,,,,1261,902,207,403,169,476,1155,782,197,293,138,724,1934,3443,998,1839,938,3474,1983,1618,507,747,295,865
ACSSF,2014m1,dc,000,0057,0000008,4652,2985,2317,2494,397,1637,387,1741,2341,1799,586,1148,498,1657,1222,1096,127,457,386,639,3013,2321,2453,1208,1469,744,1949,1926,1678,1012,1287,649,1305,1312,938,444,486,884,846,6133,1372,1946,1366,1760,3581,1660,1050,1878,2874,1647,2066,2368,1638,1735,1796,3440,2077,1095,1973,1087,1620,,,,,,,992,1207,642,763,423,540,,,,,,,1261,902,207,403,169,476,1155,782,197,293,138,724,1934,3443,998,1839,938,3474,1983,1618,507,747,295,865
ACSSF,2014m1,dc,000,0057,0000009,4652,2985,2317,2494,397,1637,387,1741,2341,1799,586,1148,498,1657,1222,1096,127,457,386,639,3013,2321,2453,1208,1469,744,1949,1926,1678,1012,1287,649,1305,1312,938,444,486,884,846,6133,1372,1946,1366,1760,3581,1660,1050,1878,2874,1647,2066,2368,1638,1735,1796,3440,2077,1095,1973,1087,1620,,,,,,,992,1207,642,763,423,540,,,,,,,1261,902,207,403,169,476,1155,782,197,293,138,724,1934,3443,998,1839,938,3474,1983,1618,507,747,295,865
ACSSF,2014m1,dc,000,0057,0000010,3631,2374,1794,1496,123,610,103,776,1455,1137,192,600,280,835,784,649,64,280,127,624,2218,1673,1376,301,605,294,1178,1354,950,496,664,336,946,990,858,195,33,547,703,4112,651,869,681,1116,2276,992,567,712,1451,767,1271,1268,789,814,1318,900,729,293,351,218,194,,,,,,,817,828,198,280,198,266,,,,,,,,,,,,,,,,,,,3147,2486,592,1247,728,2448,1041,809,248,429,116,486
ACSSF,2014m1,dc,000,0057,0000011,3356,2002,1629,1195,250,589,200,721,1298,814,304,662,83,669,516,381,145,299,62,217,2503,2021,1242,621,765,326,1166,1311,702,403,985,327,484,749,360,264,368,332,271,3631,829,925,422,726,1385,823,302,968,1677,650,744,866,828,1026,524,1819,1311,768,1323,470,800,,,,,,,,,,,,,,,,,,,,,,,,,512,315,198,190,56,282,2322,1532,361,747,377,1498,1545,983,450,583,208,447
ACSSF,2014m1,dc,000,0057,0000012,3060,1881,1429,883,179,751,187,756,917,674,146,458,218,463,564,331,78,214,273,212,2114,1654,1137,398,588,312,915,879,636,549,245,220,538,690,443,93,169,237,414,3317,507,845,390,543,1304,688,404,749,1229,517,863,1010,463,685,653,1875,760,588,780,471,774,,,,,,,,,,,,,,,,,,,,,,,,,,,,,,,2184,1571,357,691,287,1428,580,360,57,191,123,331
ACSSF,2014m1,dc,000,0057,0000013,2058,1224,664,350,106,147,198,513,949,526,259,665,239,289,505,481,42,88,174,58,1557,1099,540,395,598,225,907,886,491,268,469,308,457,555,155,105,157,490,174,2113,233,133,660,224,710,216,74,604,980,741,473,353,420,663,484,1909,862,537,901,715,1055,,,,,,,,,,,,,,,,,,,,,,,,,,,,,,,641,364,212,82,156,349,,,,,,
ACSSF,2014m1,dc,000,0057,0000014,3701,2965,2239,1897,266,1051,189,1343,1727,1132,418,603,254,1128,754,608,198,131,163,440,2502,2193,1906,766,1106,458,1252,1395,956,255,453,238,718,691,291,262,114,419,383,4390,1001,1142,805,905,2392,1062,660,954,1780,796,1367,1503,871,1096,925,1637,1188,187,869,445,701,,,,,,,1132,1004,619,684,391,350,,,,,,,,,,,,,588,466,133,60,198,311,3028,2395,652,1359,493,2041,1246,1043,122,359,106,522
ACSSF,2014m1,dc,000,0057,0000015,4652,2985,2317,2494,397,1637,387,1741,2341,1799,586,1148,498,1657,1222,1096,127,457,386,639,3013,2321,2453,1208,1469,744,1949,1926,1678,1012,1287,649,1305,1312,938,444,486,884,846,6133,1372,1946,1366,1760,3581,1660,1050,1878,2874,1647,2066,2368,1638,1735,1796,3440,2077,1095,1973,1087,1620,,,,,,,992,1207,642,763,423,540,,,,,,,1261,902,207,403,169,476,1155,782,197,293,138,724,1934,3443,998,1839,938,3474,1983,1618,507,747,295,865
