ACSSF,2014m1,dc,000,0145,0000001,3304,3641,3498,388,2261,709,198,68,112,244,457,4965,4023,487,3077,624,198,198,140,330,745,3304,3641,733,566,685,501,752,881,1124,1566,1525,2325,2579,4965,2336,2059,1511,1714,1668,1982,1962,2292,2522,2190,1905,1996,3809,3136,830630941,784365133,768956422,378084569,548782342,,,,,,,,,,,,,,,,,,,,,,,,,,,,,,,,,,,,,,,,,,,,,,,,,,,,,,,,,,,,,,,,,,,,,,,,,,,,,,,,,,,,,,,,,,,,,,,,,,,,,,,,,,,3641,851,193,240,207,787,764,262,101,298,701,1214,214,192,519,1115,1124,253,74,402,999,1566,276,157,421,1520,3345,645,282,682,3381
ACSSF,2014m1,dc,000,0145,0000002,3304,3641,3498,388,2261,709,198,68,112,244,457,4965,4023,487,3077,624,198,198,140,330,745,3304,3641,733,566,685,501,752,881,1124,1566,1525,2325,2579,4965,2336,2059,1511,1714,1668,1982,1962,2292,2522,2190,1905,1996,3809,3136,830630941,784365133,768956422,378084569,548782342,,,,,,,,,,,,,,,,,,,,,,,,,,,,,,,,,,,,,,,,,,,,,,,,,,,,,,,,,,,,,,,,,,,,,,,,,,,,,,,,,,,,,,,,,,,,,,,,,,,,,,,,,,,3641,851,193,240,207,787,764,262,101,298,701,1214,214,192,519,1115,1124,253,74,402,999,1566,276,157,421,1520,3345,645,282,682,3381
ACSSF,2014m1,dc,000,0145,0000003,3304,3641,3498,388,2261,709,198,68,112,244,457,4965,4023,487,3077,624,198,198,140,330,745,3304,3641,733,566,685,501,752,881,1124,1566,1525,2325,2579,4965,2336,2059,1511,1714,1668,1982,1962,2292,2522,2190,1905,1996,3809,3136,830630941,784365133,768956422,378084569,548782342,,,,,,,,,,,,,,,,,,,,,,,,,,,,,,,,,,,,,,,,,,,,,,,,,,,,,,,,,,,,,,,,,,,,,,,,,,,,,,,,,,,,,,,,,,,,,,,,,,,,,,,,,,,3641,851,193,240,207,787,764,262,101,298,701,1214,214,192,519,1115,1124,253,74,402,999,1566,276,157,421,1520,3345,645,282,682,3381
ACSSF,2014m1,dc,000,0145,0000004,3304,3641,3498,388,2261,709,198,68,112,244,457,4965,4023,487,3077,624,198,198,140,330,745,3304,3641,733,566,685,501,752,881,1124,1566,1525,2325,2579,4965,2336,2059,1511,1714,1668,1982,1962,2292,2522,2190,1905,1996,3809,3136,830630941,784365133,768956422,378084569,548782342,,,,,,,,,,,,,,,,,,,,,,,,,,,,,,,,,,,,,,,,,,,,,,,,,,,,,,,,,,,,,,,,,,,,,,,,,,,,,,,,,,,,,,,,,,,,,,,,,,,,,,,,,,,3641,851,193,240,207,787,764,262,101,298,701,1214,214,192,519,1115,1124,253,74,402,999,1566,276,157,421,1520,3345,645,282,682,3381
ACSSF,2014m1,dc,000,0145,0000005,3304,3641,3498,388,2261,709,198,68,112,244,457,4965,4023,487,3077,624,198,198,140,330,745,3304,3641,733,566,685,501,752,881,1124,1566,1525,2325,2579,4965,2336,2059,1511,1714,1668,1982,1962,2292,2522,2190,1905,1996,3809,3136,830630941,784365133,768956422,378084569,548782342,,,,,,,,,,,,,,,,,,,,,,,,,,,,,,,,,,,,,,,,,,,,,,,,,,,,,,,,,,,,,,,,,,,,,,,,,,,,,,,,,,,,,,,,,,,,,,,,,,,,,,,,,,,3641,851,193,240,207,787,764,262,101,298,701,1214,214,192,519,1115,1124,253,74,402,999,1566,276,157,421,1520,3345,645,282,682,3381
ACSSF,2014m1,dc,000,0145,0000006,3304,3641,3498,388,2261,709,198,68,112,244,457,4965,4023,487,3077,624,198,198,140,330,745,3304,3641,733,566,685,501,752,881,1124,1566,1525,2325,2579,4965,2336,2059,1511,1714,1668,1982,1962,2292,2522,2190,1905,1996,3809,3136,830630941,784365133,768956422,378084569,548782342,,,,,,,,,,,,,,,,,,,,,,,,,,,,,,,,,,,,,,,,,,,,,,,,,,,,,,,,,,,,,,,,,,,,,,,,,,,,,,,,,,,,,,,,,,,,,,,,,,,,,,,,,,,3641,851,193,240,207,787,764,262,101,298,701,1214,214,192,519,1115,1124,253,74,402,999,1566,276,157,421,1520,3345,645,282,682,3381
ACSSF,2014m1,dc,000,0145,0000007,3304,3641,3498,388,2261,709,198,68,112,244,457,4965,4023,487,3077,624,198,198,140,330,745,3304,3641,733,566,685,501,752,881,1124,1566,1525,2325,2579,4965,2336,2059,1511,1714,1668,1982,1962,2292,2522,2190,1905,1996,3809,3136,830630941,784365133,768956422,378084569,548782342,,,,,,,,,,,,,,,,,,,,,,,,,,,,,,,,,,,,,,,,,,,,,,,,,,,,,,,,,,,,,,,,,,,,,,,,,,,,,,,,,,,,,,,,,,,,,,,,,,,,,,,,,,,3641,851,193,240,207,787,764,262,101,298,701,1214,214,192,519,1115,1124,253,74,402,999,1566,276,157,421,1520,3345,645,282,682,3381
ACSSF,2014m1,dc,000,0145,0000008,3304,3641,3498,388,2261,709,198,68,112,244,457,4965,4023,487,3077,624,198,198,140,330,745,3304,3641,733,566,685,501,752,881,1124,1566,1525,2325,2579,4965,2336,2059,1511,1714,1668,1982,1962,2292,2522,2190,1905,1996,3809,3136,830630941,784365133,768956422,378084569,548782342,,,,,,,,,,,,,,,,,,,,,,,,,,,,,,,,,,,,,,,,,,,,,,,,,,,,,,,,,,,,,,,,,,,,,,,,,,,,,,,,,,,,,,,,,,,,,,,,,,,,,,,,,,,3641,851,193,240,207,787,764,262,101,298,701,1214,214,192,519,1115,1124,253,74,402,999,1566,276,157,421,1520,3345,645,282,682,3381
ACSSF,2014m1,dc,000,0145,0000009,3304,3641,3498,388,2261,709,198,68,112,244,457,4965,4023,487,3077,624,198,198,140,330,745,3304,3641,733,566,685,501,752,881,1124,1566,1525,2325,2579,4965,2336,2059,1511,1714,1668,1982,1962,2292,2522,2190,1905,1996,3809,3136,830630941,784365133,768956422,378084569,548782342,,,,,,,,,,,,,,,,,,,,,,,,,,,,,,,,,,,,,,,,,,,,,,,,,,,,,,,,,,,,,,,,,,,,,,,,,,,,,,,,,,,,,,,,,,,,,,,,,,,,,,,,,,,3641,851,193,240,207,787,764,262,101,298,701,1214,214,192,519,1115,1124,253,74,402,999,1566,276,157,421,1520,3345,645,282,682,3381
ACSSF,2014m1,dc,000,0145,0000010,2147,1668,1352,166,937,428,198,198,106,89,399,2208,1534,233,1589,383,198,198,198,172,438,2147,1668,127,174,313,201,291,245,461,570,671,1018,1526,2208,615,477,845,210,493,625,681,670,995,997,1242,10102,18197,7662,571741508,521281042,484040970,298326207,385625893,,,,,,,,,,,,,,,,,,,,,,,,,,,,,,,,,,,,,,,,,,,,,,,,,,,,,,,,,,,,,,,,,,,,,,,,,,,,,,,,,,,,,,,,,,,,,,,,,,,,,,,,,,,,,,,,,,,,,,,,,,,,,,,,,,,,,,,,,
ACSSF,2014m1,dc,000,0145,0000011,2260,1783,1560,159,908,125,198,68,198,198,198,2275,1738,352,1464,245,198,198,198,196,312,2260,1783,328,240,227,278,167,397,622,966,720,1023,830,2275,637,864,430,720,770,689,931,1192,1011,651,460,4143,7692,4978,278396911,277072568,274838434,104724046,162530250,,,,,,,,,,,,,,,,,,,,,,,,,,,,,,,,,,,,,,,,,,,,,,,,,,,,,,,,,,,,,,,,,,,,,,,,,,,,,,,,,,,,,,,,,,,,,,,,,,,,,,,,,,,,,,,,,,,,,,,,,,,,,,,,,,,,,,,,,
ACSSF,2014m1,dc,000,0145,0000012,2087,1436,1329,138,852,160,198,198,40,110,198,1747,1495,133,1356,181,198,198,63,103,289,2087,1436,298,220,209,164,251,500,471,561,709,924,883,1747,575,725,750,392,432,620,659,655,571,735,682,5061,8339,5081,331133610,292618544,253330502,155314112,169037363,,,,,,,,,,,,,,,,,,,,,,,,,,,,,,,,,,,,,,,,,,,,,,,,,,,,,,,,,,,,,,,,,,,,,,,,,,,,,,,,,,,,,,,,,,,,,,,,,,,,,,,,,,,1436,403,76,198,72,374,256,120,198,198,243,555,111,70,115,511,471,83,198,198,463,561,114,198,304,487,1364,215,96,130,1367
ACSSF,2014m1,dc,000,0145,0000013,,,,,,,,,,,,,,,,,,,,,,2803,1711,553,255,223,250,541,424,635,786,713,695,323,2876,1271,1337,801,1044,1093,1248,1382,902,934,407,310,3154,5549,1762,218313887,147978255,139556498,69926112,184210029,,,,,,,,,,,,,,,,,,,,,,,,,,,,,,,,,,,,,,,,,,,,,,,,,,,,,,,,,,,,,,,,,,,,,,,,,,,,,,,,,,,,,,,,,,,,,,,,,,,,,,,,,,,1711,567,99,240,186,541,336,89,101,228,211,700,107,147,395,557,635,234,198,325,445,786,107,110,356,708,1047,437,275,525,745
ACSSF,2014m1,dc,000,0145,0000014,2715,2013,1442,266,1568,474,198,198,198,133,188,2559,1732,226,2014,333,198,198,126,118,439,2715,2013,242,408,399,126,388,168,402,680,775,1142,1551,2559,1296,976,529,969,866,1014,924,1579,1208,1567,1206,5183,8015,6543,486278622,440292070,434414588,121370092,295225882,,,,,,,,,,,,,,,,,,,,,,,,,,,,,,,,,,,,,,,,,,,,,,,,,,,,,,,,,,,,,,,,,,,,,,,,,,,,,,,,,,,,,,,,,,,,,,,,,,,,,,,,,,,,,,,,,,,,,,,,,,,,,,,,,,,,,,,,,
ACSSF,2014m1,dc,000,0145,0000015,3304,3641,3498,388,2261,709,198,68,112,244,457,4965,4023,487,3077,624,198,198,140,330,745,3304,3641,733,566,685,501,752,881,1124,1566,1525,2325,2579,4965,2336,2059,1511,1714,1668,1982,1962,2292,2522,2190,1905,1996,3809,3136,830630941,784365133,768956422,378084569,548782342,,,,,,,,,,,,,,,,,,,,,,,,,,,,,,,,,,,,,,,,,,,,,,,,,,,,,,,,,,,,,,,,,,,,,,,,,,,,,,,,,,,,,,,,,,,,,,,,,,,,,,,,,,,3641,851,193,240,207,787,764,262,101,298,701,1214,214,192,519,1115,1124,253,74,402,999,1566,276,157,421,1520,3345,645,282,682,3381
