ACSSF,2014m1,dc,000,0018,0000001,,,,,,,,,,,,,,,,,,,,,,,,,,,,,,,,,,,,,,,,,,,,,,,,,,,,,,,,1389,1577,1505,19441,3679,,,,,,573,7793,5905,8375,5891,6059,4321,7139,6080,3009,2152,6196,1652,748,145,1503,5106,2466,2398,4341,,,,,,,,,,,,,,,,,,,,,,,,,,,,,,,,,,,,,,,,,,,,,,,,,,,,,,,,,,,,,,,,,,,
ACSSF,2014m1,dc,000,0018,0000002,,,,,,,,,,,,,,,,,,,,,,,,,,,,,,,,,,,,,,,,,,,,,,,,,,,,,,,,1389,1577,1505,19441,3679,,,,,,573,7793,5905,8375,5891,6059,4321,7139,6080,3009,2152,6196,1652,748,145,1503,5106,2466,2398,4341,,,,,,,,,,,,,,,,,,,,,,,,,,,,,,,,,,,,,,,,,,,,,,,,,,,,,,,,,,,,,,,,,,,
ACSSF,2014m1,dc,000,0018,0000003,,,,,,,,,,,,,,,,,,,,,,,,,,,,,,,,,,,,,,,,,,,,,,,,,,,,,,,,1389,1577,1505,19441,3679,,,,,,573,7793,5905,8375,5891,6059,4321,7139,6080,3009,2152,6196,1652,748,145,1503,5106,2466,2398,4341,,,,,,,,,,,,,,,,,,,,,,,,,,,,,,,,,,,,,,,,,,,,,,,,,,,,,,,,,,,,,,,,,,,
ACSSF,2014m1,dc,000,0018,0000004,,,,,,,,,,,,,,,,,,,,,,,,,,,,,,,,,,,,,,,,,,,,,,,,,,,,,,,,1389,1577,1505,19441,3679,,,,,,573,7793,5905,8375,5891,6059,4321,7139,6080,3009,2152,6196,1652,748,145,1503,5106,2466,2398,4341,,,,,,,,,,,,,,,,,,,,,,,,,,,,,,,,,,,,,,,,,,,,,,,,,,,,,,,,,,,,,,,,,,,
ACSSF,2014m1,dc,000,0018,0000005,,,,,,,,,,,,,,,,,,,,,,,,,,,,,,,,,,,,,,,,,,,,,,,,,,,,,,,,1389,1577,1505,19441,3679,,,,,,573,7793,5905,8375,5891,6059,4321,7139,6080,3009,2152,6196,1652,748,145,1503,5106,2466,2398,4341,,,,,,,,,,,,,,,,,,,,,,,,,,,,,,,,,,,,,,,,,,,,,,,,,,,,,,,,,,,,,,,,,,,
ACSSF,2014m1,dc,000,0018,0000006,,,,,,,,,,,,,,,,,,,,,,,,,,,,,,,,,,,,,,,,,,,,,,,,,,,,,,,,1389,1577,1505,19441,3679,,,,,,573,7793,5905,8375,5891,6059,4321,7139,6080,3009,2152,6196,1652,748,145,1503,5106,2466,2398,4341,,,,,,,,,,,,,,,,,,,,,,,,,,,,,,,,,,,,,,,,,,,,,,,,,,,,,,,,,,,,,,,,,,,
ACSSF,2014m1,dc,000,0018,0000007,,,,,,,,,,,,,,,,,,,,,,,,,,,,,,,,,,,,,,,,,,,,,,,,,,,,,,,,1389,1577,1505,19441,3679,,,,,,573,7793,5905,8375,5891,6059,4321,7139,6080,3009,2152,6196,1652,748,145,1503,5106,2466,2398,4341,,,,,,,,,,,,,,,,,,,,,,,,,,,,,,,,,,,,,,,,,,,,,,,,,,,,,,,,,,,,,,,,,,,
ACSSF,2014m1,dc,000,0018,0000008,,,,,,,,,,,,,,,,,,,,,,,,,,,,,,,,,,,,,,,,,,,,,,,,,,,,,,,,1389,1577,1505,19441,3679,,,,,,573,7793,5905,8375,5891,6059,4321,7139,6080,3009,2152,6196,1652,748,145,1503,5106,2466,2398,4341,,,,,,,,,,,,,,,,,,,,,,,,,,,,,,,,,,,,,,,,,,,,,,,,,,,,,,,,,,,,,,,,,,,
ACSSF,2014m1,dc,000,0018,0000009,,,,,,,,,,,,,,,,,,,,,,,,,,,,,,,,,,,,,,,,,,,,,,,,,,,,,,,,1389,1577,1505,19441,3679,,,,,,573,7793,5905,8375,5891,6059,4321,7139,6080,3009,2152,6196,1652,748,145,1503,5106,2466,2398,4341,,,,,,,,,,,,,,,,,,,,,,,,,,,,,,,,,,,,,,,,,,,,,,,,,,,,,,,,,,,,,,,,,,,
ACSSF,2014m1,dc,000,0018,0000010,,,,,,,,,,,,,,,,,,,,,,,,,,,,,,,,,,,,,,,,,,,,,,,,,,,,,,,,4489,12715,6696,24425,10725,,,,,,4742,1633,1232,4451,2321,522,390,2437,3722,1302,590,3426,881,198,198,881,2822,754,958,2507,,,,,,,,,,,,,,,,,,,,,,,,,,,,,,,,,,,,,,,,,,,,,,,,,,,,,,,,,,,,,,,,,,,
ACSSF,2014m1,dc,000,0018,0000011,,,,,,,,,,,,,,,,,,,,,,,,,,,,,,,,,,,,,,,,,,,,,,,,,,,,,,,,2478,3943,4011,22193,2967,,,,,,6638,3491,2962,6439,3885,2057,1828,3634,3589,1491,722,3305,720,285,198,666,3263,1532,1558,2973,,,,,,,,,,,,,,,,,,,,,,,,,,,,,,,,,,,,,,,,,,,,,,,,,,,,,,,,,,,,,,,,,,,
ACSSF,2014m1,dc,000,0018,0000012,,,,,,,,,,,,,,,,,,,,,,,,,,,,,,,,,,,,,,,,,,,,,,,,,,,,,,,,4662,5315,3297,23777,11454,,,,,,6114,2972,1573,5651,4041,2004,1220,3357,3933,1564,730,3689,418,164,99,367,1354,587,449,1144,,,,,,,,,,,,,,,,,,,,,,,,,,,,,,,,,,,,,,,,,,,,,,,,,,,,,,,,,,,,,,,,,,,
ACSSF,2014m1,dc,000,0018,0000013,,,,,,,,,,,,,,,,,,,,,,,,,,,,,,,,,,,,,,,,,,,,,,,,,,,,,,,,1125,2167,3239,68321,12066,,,,,,6827,5308,3567,6860,5904,4860,3100,5383,4464,2167,1526,3357,732,677,77,289,1297,990,278,796,,,,,,,,,,,,,,,,,,,,,,,,,,,,,,,,,,,,,,,,,,,,,,,,,,,,,,,,,,,,,,,,,,,
ACSSF,2014m1,dc,000,0018,0000014,,,,,,,,,,,,,,,,,,,,,,,,,,,,,,,,,,,,,,,,,,,,,,,,,,,,,,,,3041,7849,2165,35530,5917,,,,,,6568,3334,3238,5467,3863,1620,2211,2945,4017,1589,769,3760,1175,232,74,1192,3566,1768,1484,2447,,,,,,,,,,,,,,,,,,,,,,,,,,,,,,,,,,,,,,,,,,,,,,,,,,,,,,,,,,,,,,,,,,,
ACSSF,2014m1,dc,000,0018,0000015,,,,,,,,,,,,,,,,,,,,,,,,,,,,,,,,,,,,,,,,,,,,,,,,,,,,,,,,1389,1577,1505,19441,3679,,,,,,573,7793,5905,8375,5891,6059,4321,7139,6080,3009,2152,6196,1652,748,145,1503,5106,2466,2398,4341,,,,,,,,,,,,,,,,,,,,,,,,,,,,,,,,,,,,,,,,,,,,,,,,,,,,,,,,,,,,,,,,,,,
