ACSSF,2014m1,dc,000,0097,0000001,2314,1314,679,695,135,682,537,456,862,219,1111,162,1107,983,945,1064,775,1660,307,1704,2167,1313,1461,533,999,198,999,933,536,1115,761,624,582,146,762,745,552,545,135,694,1453,511,902,198,902,641,479,939,420,1069,198,1069,1077,752,1006,1241,2489,198,2489,2550,1587,2096,318,1223,198,1223,1202,447,1171,748,559,564,128,777,798,570,556,103,1027,,,,,,,,,,,,,,,,,,,,,,,,,,,,,,,,,,,,,,,,,,,,,,,,,,,,,,,,,,,,,,,,,,,,,,,,,,,,,,,,,,,,,,,,,,,,,,,,,,,,,,,,,,,,,,,,,,,,,,,,,,,,,,,,,,,,,,,,,,,,,,,,,,,,,,,,,,,,,,
ACSSF,2014m1,dc,000,0097,0000002,2314,1314,679,695,135,682,537,456,862,219,1111,162,1107,983,945,1064,775,1660,307,1704,2167,1313,1461,533,999,198,999,933,536,1115,761,624,582,146,762,745,552,545,135,694,1453,511,902,198,902,641,479,939,420,1069,198,1069,1077,752,1006,1241,2489,198,2489,2550,1587,2096,318,1223,198,1223,1202,447,1171,748,559,564,128,777,798,570,556,103,1027,,,,,,,,,,,,,,,,,,,,,,,,,,,,,,,,,,,,,,,,,,,,,,,,,,,,,,,,,,,,,,,,,,,,,,,,,,,,,,,,,,,,,,,,,,,,,,,,,,,,,,,,,,,,,,,,,,,,,,,,,,,,,,,,,,,,,,,,,,,,,,,,,,,,,,,,,,,,,,
ACSSF,2014m1,dc,000,0097,0000003,2314,1314,679,695,135,682,537,456,862,219,1111,162,1107,983,945,1064,775,1660,307,1704,2167,1313,1461,533,999,198,999,933,536,1115,761,624,582,146,762,745,552,545,135,694,1453,511,902,198,902,641,479,939,420,1069,198,1069,1077,752,1006,1241,2489,198,2489,2550,1587,2096,318,1223,198,1223,1202,447,1171,748,559,564,128,777,798,570,556,103,1027,,,,,,,,,,,,,,,,,,,,,,,,,,,,,,,,,,,,,,,,,,,,,,,,,,,,,,,,,,,,,,,,,,,,,,,,,,,,,,,,,,,,,,,,,,,,,,,,,,,,,,,,,,,,,,,,,,,,,,,,,,,,,,,,,,,,,,,,,,,,,,,,,,,,,,,,,,,,,,
ACSSF,2014m1,dc,000,0097,0000004,2314,1314,679,695,135,682,537,456,862,219,1111,162,1107,983,945,1064,775,1660,307,1704,2167,1313,1461,533,999,198,999,933,536,1115,761,624,582,146,762,745,552,545,135,694,1453,511,902,198,902,641,479,939,420,1069,198,1069,1077,752,1006,1241,2489,198,2489,2550,1587,2096,318,1223,198,1223,1202,447,1171,748,559,564,128,777,798,570,556,103,1027,,,,,,,,,,,,,,,,,,,,,,,,,,,,,,,,,,,,,,,,,,,,,,,,,,,,,,,,,,,,,,,,,,,,,,,,,,,,,,,,,,,,,,,,,,,,,,,,,,,,,,,,,,,,,,,,,,,,,,,,,,,,,,,,,,,,,,,,,,,,,,,,,,,,,,,,,,,,,,
ACSSF,2014m1,dc,000,0097,0000005,2314,1314,679,695,135,682,537,456,862,219,1111,162,1107,983,945,1064,775,1660,307,1704,2167,1313,1461,533,999,198,999,933,536,1115,761,624,582,146,762,745,552,545,135,694,1453,511,902,198,902,641,479,939,420,1069,198,1069,1077,752,1006,1241,2489,198,2489,2550,1587,2096,318,1223,198,1223,1202,447,1171,748,559,564,128,777,798,570,556,103,1027,,,,,,,,,,,,,,,,,,,,,,,,,,,,,,,,,,,,,,,,,,,,,,,,,,,,,,,,,,,,,,,,,,,,,,,,,,,,,,,,,,,,,,,,,,,,,,,,,,,,,,,,,,,,,,,,,,,,,,,,,,,,,,,,,,,,,,,,,,,,,,,,,,,,,,,,,,,,,,
ACSSF,2014m1,dc,000,0097,0000006,2314,1314,679,695,135,682,537,456,862,219,1111,162,1107,983,945,1064,775,1660,307,1704,2167,1313,1461,533,999,198,999,933,536,1115,761,624,582,146,762,745,552,545,135,694,1453,511,902,198,902,641,479,939,420,1069,198,1069,1077,752,1006,1241,2489,198,2489,2550,1587,2096,318,1223,198,1223,1202,447,1171,748,559,564,128,777,798,570,556,103,1027,,,,,,,,,,,,,,,,,,,,,,,,,,,,,,,,,,,,,,,,,,,,,,,,,,,,,,,,,,,,,,,,,,,,,,,,,,,,,,,,,,,,,,,,,,,,,,,,,,,,,,,,,,,,,,,,,,,,,,,,,,,,,,,,,,,,,,,,,,,,,,,,,,,,,,,,,,,,,,
ACSSF,2014m1,dc,000,0097,0000007,2314,1314,679,695,135,682,537,456,862,219,1111,162,1107,983,945,1064,775,1660,307,1704,2167,1313,1461,533,999,198,999,933,536,1115,761,624,582,146,762,745,552,545,135,694,1453,511,902,198,902,641,479,939,420,1069,198,1069,1077,752,1006,1241,2489,198,2489,2550,1587,2096,318,1223,198,1223,1202,447,1171,748,559,564,128,777,798,570,556,103,1027,,,,,,,,,,,,,,,,,,,,,,,,,,,,,,,,,,,,,,,,,,,,,,,,,,,,,,,,,,,,,,,,,,,,,,,,,,,,,,,,,,,,,,,,,,,,,,,,,,,,,,,,,,,,,,,,,,,,,,,,,,,,,,,,,,,,,,,,,,,,,,,,,,,,,,,,,,,,,,
ACSSF,2014m1,dc,000,0097,0000008,2314,1314,679,695,135,682,537,456,862,219,1111,162,1107,983,945,1064,775,1660,307,1704,2167,1313,1461,533,999,198,999,933,536,1115,761,624,582,146,762,745,552,545,135,694,1453,511,902,198,902,641,479,939,420,1069,198,1069,1077,752,1006,1241,2489,198,2489,2550,1587,2096,318,1223,198,1223,1202,447,1171,748,559,564,128,777,798,570,556,103,1027,,,,,,,,,,,,,,,,,,,,,,,,,,,,,,,,,,,,,,,,,,,,,,,,,,,,,,,,,,,,,,,,,,,,,,,,,,,,,,,,,,,,,,,,,,,,,,,,,,,,,,,,,,,,,,,,,,,,,,,,,,,,,,,,,,,,,,,,,,,,,,,,,,,,,,,,,,,,,,
ACSSF,2014m1,dc,000,0097,0000009,2314,1314,679,695,135,682,537,456,862,219,1111,162,1107,983,945,1064,775,1660,307,1704,2167,1313,1461,533,999,198,999,933,536,1115,761,624,582,146,762,745,552,545,135,694,1453,511,902,198,902,641,479,939,420,1069,198,1069,1077,752,1006,1241,2489,198,2489,2550,1587,2096,318,1223,198,1223,1202,447,1171,748,559,564,128,777,798,570,556,103,1027,,,,,,,,,,,,,,,,,,,,,,,,,,,,,,,,,,,,,,,,,,,,,,,,,,,,,,,,,,,,,,,,,,,,,,,,,,,,,,,,,,,,,,,,,,,,,,,,,,,,,,,,,,,,,,,,,,,,,,,,,,,,,,,,,,,,,,,,,,,,,,,,,,,,,,,,,,,,,,
ACSSF,2014m1,dc,000,0097,0000010,,,,,,,,,,,,,,,,,,,,,,,,,,,,,,,,,,,,,,,,,,,,,,,,,,,,,,,,,,,,,,,,,,,,,,,,,,,,,,,,,,,,,,,,,,,,,,,,,,,,,,,,,,,,,,,,,,,,,,,,,,,,,,,,,,,,,,,,,,,,,,,,,,,,,,,,,,,,,,,,,,,,,,,,,,,,,,,,,,,,,,,,,,,,,,,,,,,,,,,,,,,,,,,,,,,,,,,,,,,,,,,,,,,,,,,,,,,,,
ACSSF,2014m1,dc,000,0097,0000011,4402,2452,562,359,198,359,194,260,460,1035,721,198,721,472,440,650,1849,1737,198,1737,1756,586,598,877,567,198,567,554,100,606,585,498,498,198,364,653,251,222,118,604,3129,435,106,198,106,198,106,431,808,577,198,577,544,182,586,2161,1950,198,1950,1900,529,884,923,805,198,805,825,104,540,472,173,173,198,449,969,292,304,68,965,,,,,,,,,,,,,,,,,,,,,,,,,,,,,,,,,,,,,,,,,,,,,,,,,,,,,,,,,,,,,,,,,,,,,,,,,,,,,,,,,,,,,,,,,,,,,,,,,,,,,,,,,,,,,,,,,,,,,,,,,,,,,,,,,,,,,,,,,,,,,,,,,,,,,,,,,,,,,,
ACSSF,2014m1,dc,000,0097,0000012,4162,2537,550,179,21,179,107,144,563,710,612,115,604,415,369,448,1716,1546,86,1549,1421,646,1004,1077,548,198,548,520,252,962,473,237,237,198,406,715,328,322,66,656,2677,480,119,198,119,119,198,454,688,608,198,608,568,237,323,1670,1546,198,1546,1292,642,645,869,610,198,610,606,99,641,401,250,250,198,310,1064,316,314,52,1080,,,,,,,,,,,,,,,,,,,,,,,,,,,,,,,,,,,,,,,,,,,,,,,,,,,,,,,,,,,,,,,,,,,,,,,,,,,,,,,,,,,,,,,,,,,,,,,,,,,,,,,,,,,,,,,,,,,,,,,,,,,,,,,,,,,,,,,,,,,,,,,,,,,,,,,,,,,,,,
ACSSF,2014m1,dc,000,0097,0000013,5369,3094,876,285,87,278,195,222,881,1305,974,114,955,766,806,908,2157,1889,281,1853,1699,953,1189,1187,868,198,868,684,455,1086,527,256,199,146,491,591,348,348,198,530,3428,1164,749,198,749,533,448,1046,1128,1041,198,1041,970,660,589,2250,2616,198,2616,2416,1383,1542,1111,980,198,980,893,391,956,657,452,451,83,610,994,321,321,198,896,,,,,,,,,,,,,,,,,,,,,,,,,,,,,,,,,,,,,,,,,,,,,,,,,,,,,,,,,,,,,,,,,,,,,,,,,,,,,,,,,,,,,,,,,,,,,,,,,,,,,,,,,,,,,,,,,,,,,,,,,,,,,,,,,,,,,,,,,,,,,,,,,,,,,,,,,,,,,,
ACSSF,2014m1,dc,000,0097,0000014,3712,2503,934,533,127,498,332,318,733,645,401,73,411,438,99,544,1770,1405,71,1398,1361,450,829,663,609,198,609,590,113,351,420,333,333,198,325,459,101,101,198,467,2372,1105,275,198,275,275,198,1167,1207,807,198,807,774,307,895,1419,1327,198,1327,1300,449,542,790,490,198,490,479,138,770,421,343,332,98,274,612,319,311,61,659,,,,,,,,,,,,,,,,,,,,,,,,,,,,,,,,,,,,,,,,,,,,,,,,,,,,,,,,,,,,,,,,,,,,,,,,,,,,,,,,,,,,,,,,,,,,,,,,,,,,,,,,,,,,,,,,,,,,,,,,,,,,,,,,,,,,,,,,,,,,,,,,,,,,,,,,,,,,,,
ACSSF,2014m1,dc,000,0097,0000015,2314,1314,679,695,135,682,537,456,862,219,1111,162,1107,983,945,1064,775,1660,307,1704,2167,1313,1461,533,999,198,999,933,536,1115,761,624,582,146,762,745,552,545,135,694,1453,511,902,198,902,641,479,939,420,1069,198,1069,1077,752,1006,1241,2489,198,2489,2550,1587,2096,318,1223,198,1223,1202,447,1171,748,559,564,128,777,798,570,556,103,1027,,,,,,,,,,,,,,,,,,,,,,,,,,,,,,,,,,,,,,,,,,,,,,,,,,,,,,,,,,,,,,,,,,,,,,,,,,,,,,,,,,,,,,,,,,,,,,,,,,,,,,,,,,,,,,,,,,,,,,,,,,,,,,,,,,,,,,,,,,,,,,,,,,,,,,,,,,,,,,
