ACSSF,2014m1,dc,000,0006,0000001,0,0,0,2987,1308,1379,828,4061,1085,2929,1240,434,342,3728,130,2229,995,728,969,775,330,223,1330,541,646,198,1931,1435,369,82,1035,0,0,447,1647,492,1098,166,635,1845,303,1823,0,3923,2298,560,345,59,4480,1425,424,1363,0,0,0,0,0,0,2987,1308,1379,828,4061,2229,1931,0,0,447,1647,492,1098,166,635,1845,303,1823,0
ACSSF,2014m1,dc,000,0006,0000002,0,0,0,2987,1308,1379,828,4061,1085,2929,1240,434,342,3728,130,2229,995,728,969,775,330,223,1330,541,646,198,1931,1435,369,82,1035,0,0,447,1647,492,1098,166,635,1845,303,1823,0,3923,2298,560,345,59,4480,1425,424,1363,0,0,0,0,0,0,2987,1308,1379,828,4061,2229,1931,0,0,447,1647,492,1098,166,635,1845,303,1823,0
ACSSF,2014m1,dc,000,0006,0000003,0,0,0,2987,1308,1379,828,4061,1085,2929,1240,434,342,3728,130,2229,995,728,969,775,330,223,1330,541,646,198,1931,1435,369,82,1035,0,0,447,1647,492,1098,166,635,1845,303,1823,0,3923,2298,560,345,59,4480,1425,424,1363,0,0,0,0,0,0,2987,1308,1379,828,4061,2229,1931,0,0,447,1647,492,1098,166,635,1845,303,1823,0
ACSSF,2014m1,dc,000,0006,0000004,0,0,0,2987,1308,1379,828,4061,1085,2929,1240,434,342,3728,130,2229,995,728,969,775,330,223,1330,541,646,198,1931,1435,369,82,1035,0,0,447,1647,492,1098,166,635,1845,303,1823,0,3923,2298,560,345,59,4480,1425,424,1363,0,0,0,0,0,0,2987,1308,1379,828,4061,2229,1931,0,0,447,1647,492,1098,166,635,1845,303,1823,0
ACSSF,2014m1,dc,000,0006,0000005,0,0,0,2987,1308,1379,828,4061,1085,2929,1240,434,342,3728,130,2229,995,728,969,775,330,223,1330,541,646,198,1931,1435,369,82,1035,0,0,447,1647,492,1098,166,635,1845,303,1823,0,3923,2298,560,345,59,4480,1425,424,1363,0,0,0,0,0,0,2987,1308,1379,828,4061,2229,1931,0,0,447,1647,492,1098,166,635,1845,303,1823,0
ACSSF,2014m1,dc,000,0006,0000006,0,0,0,2987,1308,1379,828,4061,1085,2929,1240,434,342,3728,130,2229,995,728,969,775,330,223,1330,541,646,198,1931,1435,369,82,1035,0,0,447,1647,492,1098,166,635,1845,303,1823,0,3923,2298,560,345,59,4480,1425,424,1363,0,0,0,0,0,0,2987,1308,1379,828,4061,2229,1931,0,0,447,1647,492,1098,166,635,1845,303,1823,0
ACSSF,2014m1,dc,000,0006,0000007,0,0,0,2987,1308,1379,828,4061,1085,2929,1240,434,342,3728,130,2229,995,728,969,775,330,223,1330,541,646,198,1931,1435,369,82,1035,0,0,447,1647,492,1098,166,635,1845,303,1823,0,3923,2298,560,345,59,4480,1425,424,1363,0,0,0,0,0,0,2987,1308,1379,828,4061,2229,1931,0,0,447,1647,492,1098,166,635,1845,303,1823,0
ACSSF,2014m1,dc,000,0006,0000008,0,0,0,2987,1308,1379,828,4061,1085,2929,1240,434,342,3728,130,2229,995,728,969,775,330,223,1330,541,646,198,1931,1435,369,82,1035,0,0,447,1647,492,1098,166,635,1845,303,1823,0,3923,2298,560,345,59,4480,1425,424,1363,0,0,0,0,0,0,2987,1308,1379,828,4061,2229,1931,0,0,447,1647,492,1098,166,635,1845,303,1823,0
ACSSF,2014m1,dc,000,0006,0000009,0,0,0,2987,1308,1379,828,4061,1085,2929,1240,434,342,3728,130,2229,995,728,969,775,330,223,1330,541,646,198,1931,1435,369,82,1035,0,0,447,1647,492,1098,166,635,1845,303,1823,0,3923,2298,560,345,59,4480,1425,424,1363,0,0,0,0,0,0,2987,1308,1379,828,4061,2229,1931,0,0,447,1647,492,1098,166,635,1845,303,1823,0
ACSSF,2014m1,dc,000,0006,0000010,,,,,,,,,,,,,,,,,,,,,,,,,,,,,,,,4806,4546,4239,1361,198,1286,198,104,965,287,908,2266,2017,655,144,198,198,638,419,171,388,4806,4546,2266,4806,4546,2266,595,446,612,587,456,1864,1417,4806,4546,4239,1361,198,1286,198,104,965,287,908,2266
ACSSF,2014m1,dc,000,0006,0000011,,,,,,,,,,,,,,,,,,,,,,,,,,,,,,,,,,,,,,,,,,,,,,,,,,,,,6843,6556,4325,6843,6556,4325,1896,332,1110,449,4347,1258,575,6843,6556,3262,5205,168,1090,198,284,726,73,718,4325
ACSSF,2014m1,dc,000,0006,0000012,,,,,,,,,,,,,,,,,,,,,,,,,,,,,,,,6185,6110,2954,5252,390,988,198,411,796,198,796,1002,705,268,198,120,198,606,356,311,97,6185,6110,1002,6185,6110,1002,463,327,153,477,530,513,178,6185,6110,2954,5252,390,988,198,411,796,198,796,1002
ACSSF,2014m1,dc,000,0006,0000013,,,,,,,,,,,,,,,,,,,,,,,,,,,,,,,,,,,,,,,,,,,,,,,,,,,,,7034,7075,1588,,,,,,,,,,,,,,,,,,,,,,
ACSSF,2014m1,dc,000,0006,0000014,,,,,,,,,,,,,,,,,,,,,,,,,,,,,,,,6633,5766,3810,4290,508,1659,147,203,784,38,784,3333,2390,425,198,198,198,2759,441,230,381,6633,5766,3333,6633,5766,3333,2099,507,330,242,2626,869,687,6633,5766,3810,4290,508,1659,147,203,784,38,784,3333
ACSSF,2014m1,dc,000,0006,0000015,0,0,0,2987,1308,1379,828,4061,1085,2929,1240,434,342,3728,130,2229,995,728,969,775,330,223,1330,541,646,198,1931,1435,369,82,1035,0,0,447,1647,492,1098,166,635,1845,303,1823,0,3923,2298,560,345,59,4480,1425,424,1363,0,0,0,0,0,0,2987,1308,1379,828,4061,2229,1931,0,0,447,1647,492,1098,166,635,1845,303,1823,0
