ACSSF,2014m1,dc,000,0023,0000001,,,,,,,1760,7394,5711,8201,7677,7834,5421,9580,5572,3057,1531,4092,198,198,198,198,4090,1883,748,3251,2158,1136,75,1789,,,,,,,,,,,,,,,,,,,,,,,,,1757,9558,9491,7672,9740,10193,5569,2149,5209,198,198,198,4018,1730,3521,2154,951,1970,,,,,,,,,,,,,,,,,,,,,,,,,,,,,,,,,,,,,,,,,,,,,,,,,,,,,,,,,,,,,,,,,,,,,,,,,,,,,,,1757,7913,7880,6883,6103,2346,3428,2599,2161,571,207,526,561,2238,,,,,,,,,,,,,,,,,,,,,,,,,,,,,,,,,,,,,,,,,,,,,,,,1757,7913,7880,6883,6103,2346,3428,2599,2161,571,561,2238,,,,,,,,,,,,,,,,
ACSSF,2014m1,dc,000,0023,0000002,,,,,,,1760,7394,5711,8201,7677,7834,5421,9580,5572,3057,1531,4092,198,198,198,198,4090,1883,748,3251,2158,1136,75,1789,,,,,,,,,,,,,,,,,,,,,,,,,1757,9558,9491,7672,9740,10193,5569,2149,5209,198,198,198,4018,1730,3521,2154,951,1970,,,,,,,,,,,,,,,,,,,,,,,,,,,,,,,,,,,,,,,,,,,,,,,,,,,,,,,,,,,,,,,,,,,,,,,,,,,,,,,1757,7913,7880,6883,6103,2346,3428,2599,2161,571,207,526,561,2238,,,,,,,,,,,,,,,,,,,,,,,,,,,,,,,,,,,,,,,,,,,,,,,,1757,7913,7880,6883,6103,2346,3428,2599,2161,571,561,2238,,,,,,,,,,,,,,,,
ACSSF,2014m1,dc,000,0023,0000003,,,,,,,1760,7394,5711,8201,7677,7834,5421,9580,5572,3057,1531,4092,198,198,198,198,4090,1883,748,3251,2158,1136,75,1789,,,,,,,,,,,,,,,,,,,,,,,,,1757,9558,9491,7672,9740,10193,5569,2149,5209,198,198,198,4018,1730,3521,2154,951,1970,,,,,,,,,,,,,,,,,,,,,,,,,,,,,,,,,,,,,,,,,,,,,,,,,,,,,,,,,,,,,,,,,,,,,,,,,,,,,,,1757,7913,7880,6883,6103,2346,3428,2599,2161,571,207,526,561,2238,,,,,,,,,,,,,,,,,,,,,,,,,,,,,,,,,,,,,,,,,,,,,,,,1757,7913,7880,6883,6103,2346,3428,2599,2161,571,561,2238,,,,,,,,,,,,,,,,
ACSSF,2014m1,dc,000,0023,0000004,,,,,,,1760,7394,5711,8201,7677,7834,5421,9580,5572,3057,1531,4092,198,198,198,198,4090,1883,748,3251,2158,1136,75,1789,,,,,,,,,,,,,,,,,,,,,,,,,1757,9558,9491,7672,9740,10193,5569,2149,5209,198,198,198,4018,1730,3521,2154,951,1970,,,,,,,,,,,,,,,,,,,,,,,,,,,,,,,,,,,,,,,,,,,,,,,,,,,,,,,,,,,,,,,,,,,,,,,,,,,,,,,1757,7913,7880,6883,6103,2346,3428,2599,2161,571,207,526,561,2238,,,,,,,,,,,,,,,,,,,,,,,,,,,,,,,,,,,,,,,,,,,,,,,,1757,7913,7880,6883,6103,2346,3428,2599,2161,571,561,2238,,,,,,,,,,,,,,,,
ACSSF,2014m1,dc,000,0023,0000005,,,,,,,1760,7394,5711,8201,7677,7834,5421,9580,5572,3057,1531,4092,198,198,198,198,4090,1883,748,3251,2158,1136,75,1789,,,,,,,,,,,,,,,,,,,,,,,,,1757,9558,9491,7672,9740,10193,5569,2149,5209,198,198,198,4018,1730,3521,2154,951,1970,,,,,,,,,,,,,,,,,,,,,,,,,,,,,,,,,,,,,,,,,,,,,,,,,,,,,,,,,,,,,,,,,,,,,,,,,,,,,,,1757,7913,7880,6883,6103,2346,3428,2599,2161,571,207,526,561,2238,,,,,,,,,,,,,,,,,,,,,,,,,,,,,,,,,,,,,,,,,,,,,,,,1757,7913,7880,6883,6103,2346,3428,2599,2161,571,561,2238,,,,,,,,,,,,,,,,
ACSSF,2014m1,dc,000,0023,0000006,,,,,,,1760,7394,5711,8201,7677,7834,5421,9580,5572,3057,1531,4092,198,198,198,198,4090,1883,748,3251,2158,1136,75,1789,,,,,,,,,,,,,,,,,,,,,,,,,1757,9558,9491,7672,9740,10193,5569,2149,5209,198,198,198,4018,1730,3521,2154,951,1970,,,,,,,,,,,,,,,,,,,,,,,,,,,,,,,,,,,,,,,,,,,,,,,,,,,,,,,,,,,,,,,,,,,,,,,,,,,,,,,1757,7913,7880,6883,6103,2346,3428,2599,2161,571,207,526,561,2238,,,,,,,,,,,,,,,,,,,,,,,,,,,,,,,,,,,,,,,,,,,,,,,,1757,7913,7880,6883,6103,2346,3428,2599,2161,571,561,2238,,,,,,,,,,,,,,,,
ACSSF,2014m1,dc,000,0023,0000007,,,,,,,1760,7394,5711,8201,7677,7834,5421,9580,5572,3057,1531,4092,198,198,198,198,4090,1883,748,3251,2158,1136,75,1789,,,,,,,,,,,,,,,,,,,,,,,,,1757,9558,9491,7672,9740,10193,5569,2149,5209,198,198,198,4018,1730,3521,2154,951,1970,,,,,,,,,,,,,,,,,,,,,,,,,,,,,,,,,,,,,,,,,,,,,,,,,,,,,,,,,,,,,,,,,,,,,,,,,,,,,,,1757,7913,7880,6883,6103,2346,3428,2599,2161,571,207,526,561,2238,,,,,,,,,,,,,,,,,,,,,,,,,,,,,,,,,,,,,,,,,,,,,,,,1757,7913,7880,6883,6103,2346,3428,2599,2161,571,561,2238,,,,,,,,,,,,,,,,
ACSSF,2014m1,dc,000,0023,0000008,,,,,,,1760,7394,5711,8201,7677,7834,5421,9580,5572,3057,1531,4092,198,198,198,198,4090,1883,748,3251,2158,1136,75,1789,,,,,,,,,,,,,,,,,,,,,,,,,1757,9558,9491,7672,9740,10193,5569,2149,5209,198,198,198,4018,1730,3521,2154,951,1970,,,,,,,,,,,,,,,,,,,,,,,,,,,,,,,,,,,,,,,,,,,,,,,,,,,,,,,,,,,,,,,,,,,,,,,,,,,,,,,1757,7913,7880,6883,6103,2346,3428,2599,2161,571,207,526,561,2238,,,,,,,,,,,,,,,,,,,,,,,,,,,,,,,,,,,,,,,,,,,,,,,,1757,7913,7880,6883,6103,2346,3428,2599,2161,571,561,2238,,,,,,,,,,,,,,,,
ACSSF,2014m1,dc,000,0023,0000009,,,,,,,1760,7394,5711,8201,7677,7834,5421,9580,5572,3057,1531,4092,198,198,198,198,4090,1883,748,3251,2158,1136,75,1789,,,,,,,,,,,,,,,,,,,,,,,,,1757,9558,9491,7672,9740,10193,5569,2149,5209,198,198,198,4018,1730,3521,2154,951,1970,,,,,,,,,,,,,,,,,,,,,,,,,,,,,,,,,,,,,,,,,,,,,,,,,,,,,,,,,,,,,,,,,,,,,,,,,,,,,,,1757,7913,7880,6883,6103,2346,3428,2599,2161,571,207,526,561,2238,,,,,,,,,,,,,,,,,,,,,,,,,,,,,,,,,,,,,,,,,,,,,,,,1757,7913,7880,6883,6103,2346,3428,2599,2161,571,561,2238,,,,,,,,,,,,,,,,
ACSSF,2014m1,dc,000,0023,0000010,,,,,,,4668,1633,1232,4387,3910,1188,1058,3569,2210,731,205,1992,198,198,198,198,2009,926,447,1662,1313,590,75,1137,,,,,,,,,,,,,,,,,,,,,,,,,4660,4173,5006,3887,3734,3477,2215,1283,1962,198,198,198,2008,1108,1639,1313,852,1130,,,,,,,,,,,,,,,,,,,,,,,,,,,,,,,,,,,,,,,,,,,,,,,,,,,,,,,,,,,,,,,,,,,,,,,,,,,,,,,4724,3983,3135,2869,2581,985,1768,1212,1174,224,198,224,198,1294,,,,,,,,,,,,,,,,,,,,,,,,,,,,,,,,,,,,,,,,,,,,,,,,4724,3983,3135,2869,2581,985,1768,1212,1174,224,198,1294,,,,,,,,,,,,,,,,
ACSSF,2014m1,dc,000,0023,0000011,,,,,,,6603,3150,2895,6346,6315,2646,2909,6017,2192,1576,272,1650,198,198,198,198,1288,683,284,1101,769,273,198,676,,,,,,,,,,,,,,,,,,,,,,,,,6549,5524,6302,6272,5591,5297,2204,899,2103,198,198,198,1225,531,1058,776,367,719,,,,,,,,,,,,,,,,,,,,,,,,,,,,,,,,,,,,,,,,,,,,,,,,,,,,,,,,,,,,,,,,,,,,,,,,,,,,,,,6803,6582,2818,2495,2221,757,805,728,474,142,103,100,279,796,,,,,,,,,,,,,,,,,,,,,,,,,,,,,,,,,,,,,,,,,,,,,,,,6803,6582,2818,2495,2221,757,805,728,474,142,279,796,,,,,,,,,,,,,,,,
ACSSF,2014m1,dc,000,0023,0000012,,,,,,,6154,2971,1472,5717,5793,2665,1352,5119,1812,782,717,1745,198,198,198,198,1467,932,192,1051,268,147,198,221,,,,,,,,,,,,,,,,,,,,,,,,,6124,3717,4511,5712,3643,4271,1774,1135,1355,198,198,198,1313,640,1188,267,115,259,,,,,,,,,,,,,,,,,,,,,,,,,,,,,,,,,,,,,,,,,,,,,,,,,,,,,,,,,,,,,,,,,,,,,,,,,,,,,,,6214,5825,2498,2188,2042,787,1223,795,797,85,85,198,356,289,,,,,,,,,,,,,,,,,,,,,,,,,,,,,,,,,,,,,,,,,,,,,,,,6214,5825,2498,2188,2042,787,1223,795,797,85,356,289,,,,,,,,,,,,,,,,
ACSSF,2014m1,dc,000,0023,0000013,,,,,,,6727,5085,3506,6770,6904,5270,3244,6267,3877,2397,1222,2277,198,198,198,198,1592,1006,218,1199,245,228,198,94,,,,,,,,,,,,,,,,,,,,,,,,,6680,5541,6878,6937,5259,6965,3840,1093,3540,198,198,198,1619,261,1601,245,72,234,,,,,,,,,,,,,,,,,,,,,,,,,,,,,,,,,,,,,,,,,,,,,,,,,,,,,,,,,,,,,,,,,,,,,,,,,,,,,,,6966,7022,4481,4292,3866,1219,929,317,887,340,20,340,155,245,,,,,,,,,,,,,,,,,,,,,,,,,,,,,,,,,,,,,,,,,,,,,,,,6966,7022,4481,4292,3866,1219,929,317,887,340,155,245,,,,,,,,,,,,,,,,
ACSSF,2014m1,dc,000,0023,0000014,,,,,,,6459,3334,3028,5362,6898,2917,2895,5593,2210,821,424,1943,198,198,198,198,1960,842,481,1781,1396,855,198,1165,,,,,,,,,,,,,,,,,,,,,,,,,6415,3720,6321,6908,3776,6009,2155,673,2196,198,198,198,1868,766,1837,1396,301,1348,,,,,,,,,,,,,,,,,,,,,,,,,,,,,,,,,,,,,,,,,,,,,,,,,,,,,,,,,,,,,,,,,,,,,,,,,,,,,,,6481,6975,3257,2705,2510,989,2227,1818,1235,308,136,259,137,1579,,,,,,,,,,,,,,,,,,,,,,,,,,,,,,,,,,,,,,,,,,,,,,,,6481,6975,3257,2705,2510,989,2227,1818,1235,308,137,1579,,,,,,,,,,,,,,,,
ACSSF,2014m1,dc,000,0023,0000015,,,,,,,1760,7394,5711,8201,7677,7834,5421,9580,5572,3057,1531,4092,198,198,198,198,4090,1883,748,3251,2158,1136,75,1789,,,,,,,,,,,,,,,,,,,,,,,,,1757,9558,9491,7672,9740,10193,5569,2149,5209,198,198,198,4018,1730,3521,2154,951,1970,,,,,,,,,,,,,,,,,,,,,,,,,,,,,,,,,,,,,,,,,,,,,,,,,,,,,,,,,,,,,,,,,,,,,,,,,,,,,,,1757,7913,7880,6883,6103,2346,3428,2599,2161,571,207,526,561,2238,,,,,,,,,,,,,,,,,,,,,,,,,,,,,,,,,,,,,,,,,,,,,,,,1757,7913,7880,6883,6103,2346,3428,2599,2161,571,561,2238,,,,,,,,,,,,,,,,
