ACSSF,2011e1,dc,000,0090,0000001,126754,4303,1249,436,673,731,515,216,198,285,0,0,40713,7318,1800,3859,4067,5933,6385,5074,3621,1723,933,50302,8356,2870,5012,4614,6680,8523,5081,5908,1717,1541,31436,4408,4216,5579,3104,4248,4383,2103,2342,519,534,,,,,,,,,,,,,,,,,,,,,,,,,,,,,,,,,,,,,,,,,,,,,,,,,,,,,,,,,,,,,,,,,,,,,,,,,,,,,,,,,,,,,,,,,,,,,,,,,,,,,,,,,,,,,,,,,,,,,,,,,,,,,,,,,,,,,,,,,,,,,,,,,,,,,,,,,,,,,,,,,,,,,,,,,,,,,,,,,,,,
ACSSF,2011e1,dc,000,0090,0000002,126754,4303,1249,436,673,731,515,216,198,285,0,0,40713,7318,1800,3859,4067,5933,6385,5074,3621,1723,933,50302,8356,2870,5012,4614,6680,8523,5081,5908,1717,1541,31436,4408,4216,5579,3104,4248,4383,2103,2342,519,534,,,,,,,,,,,,,,,,,,,,,,,,,,,,,,,,,,,,,,,,,,,,,,,,,,,,,,,,,,,,,,,,,,,,,,,,,,,,,,,,,,,,,,,,,,,,,,,,,,,,,,,,,,,,,,,,,,,,,,,,,,,,,,,,,,,,,,,,,,,,,,,,,,,,,,,,,,,,,,,,,,,,,,,,,,,,,,,,,,,,
ACSSF,2011e1,dc,000,0090,0000003,126754,4303,1249,436,673,731,515,216,198,285,0,0,40713,7318,1800,3859,4067,5933,6385,5074,3621,1723,933,50302,8356,2870,5012,4614,6680,8523,5081,5908,1717,1541,31436,4408,4216,5579,3104,4248,4383,2103,2342,519,534,,,,,,,,,,,,,,,,,,,,,,,,,,,,,,,,,,,,,,,,,,,,,,,,,,,,,,,,,,,,,,,,,,,,,,,,,,,,,,,,,,,,,,,,,,,,,,,,,,,,,,,,,,,,,,,,,,,,,,,,,,,,,,,,,,,,,,,,,,,,,,,,,,,,,,,,,,,,,,,,,,,,,,,,,,,,,,,,,,,,
ACSSF,2011e1,dc,000,0090,0000004,126754,4303,1249,436,673,731,515,216,198,285,0,0,40713,7318,1800,3859,4067,5933,6385,5074,3621,1723,933,50302,8356,2870,5012,4614,6680,8523,5081,5908,1717,1541,31436,4408,4216,5579,3104,4248,4383,2103,2342,519,534,,,,,,,,,,,,,,,,,,,,,,,,,,,,,,,,,,,,,,,,,,,,,,,,,,,,,,,,,,,,,,,,,,,,,,,,,,,,,,,,,,,,,,,,,,,,,,,,,,,,,,,,,,,,,,,,,,,,,,,,,,,,,,,,,,,,,,,,,,,,,,,,,,,,,,,,,,,,,,,,,,,,,,,,,,,,,,,,,,,,
ACSSF,2011e1,dc,000,0090,0000005,126754,4303,1249,436,673,731,515,216,198,285,0,0,40713,7318,1800,3859,4067,5933,6385,5074,3621,1723,933,50302,8356,2870,5012,4614,6680,8523,5081,5908,1717,1541,31436,4408,4216,5579,3104,4248,4383,2103,2342,519,534,,,,,,,,,,,,,,,,,,,,,,,,,,,,,,,,,,,,,,,,,,,,,,,,,,,,,,,,,,,,,,,,,,,,,,,,,,,,,,,,,,,,,,,,,,,,,,,,,,,,,,,,,,,,,,,,,,,,,,,,,,,,,,,,,,,,,,,,,,,,,,,,,,,,,,,,,,,,,,,,,,,,,,,,,,,,,,,,,,,,
ACSSF,2011e1,dc,000,0090,0000006,126754,4303,1249,436,673,731,515,216,198,285,0,0,40713,7318,1800,3859,4067,5933,6385,5074,3621,1723,933,50302,8356,2870,5012,4614,6680,8523,5081,5908,1717,1541,31436,4408,4216,5579,3104,4248,4383,2103,2342,519,534,,,,,,,,,,,,,,,,,,,,,,,,,,,,,,,,,,,,,,,,,,,,,,,,,,,,,,,,,,,,,,,,,,,,,,,,,,,,,,,,,,,,,,,,,,,,,,,,,,,,,,,,,,,,,,,,,,,,,,,,,,,,,,,,,,,,,,,,,,,,,,,,,,,,,,,,,,,,,,,,,,,,,,,,,,,,,,,,,,,,
ACSSF,2011e1,dc,000,0090,0000007,126754,4303,1249,436,673,731,515,216,198,285,0,0,40713,7318,1800,3859,4067,5933,6385,5074,3621,1723,933,50302,8356,2870,5012,4614,6680,8523,5081,5908,1717,1541,31436,4408,4216,5579,3104,4248,4383,2103,2342,519,534,,,,,,,,,,,,,,,,,,,,,,,,,,,,,,,,,,,,,,,,,,,,,,,,,,,,,,,,,,,,,,,,,,,,,,,,,,,,,,,,,,,,,,,,,,,,,,,,,,,,,,,,,,,,,,,,,,,,,,,,,,,,,,,,,,,,,,,,,,,,,,,,,,,,,,,,,,,,,,,,,,,,,,,,,,,,,,,,,,,,
ACSSF,2011e1,dc,000,0090,0000008,126754,4303,1249,436,673,731,515,216,198,285,0,0,40713,7318,1800,3859,4067,5933,6385,5074,3621,1723,933,50302,8356,2870,5012,4614,6680,8523,5081,5908,1717,1541,31436,4408,4216,5579,3104,4248,4383,2103,2342,519,534,,,,,,,,,,,,,,,,,,,,,,,,,,,,,,,,,,,,,,,,,,,,,,,,,,,,,,,,,,,,,,,,,,,,,,,,,,,,,,,,,,,,,,,,,,,,,,,,,,,,,,,,,,,,,,,,,,,,,,,,,,,,,,,,,,,,,,,,,,,,,,,,,,,,,,,,,,,,,,,,,,,,,,,,,,,,,,,,,,,,
ACSSF,2011e1,dc,000,0090,0000009,126754,4303,1249,436,673,731,515,216,198,285,0,0,40713,7318,1800,3859,4067,5933,6385,5074,3621,1723,933,50302,8356,2870,5012,4614,6680,8523,5081,5908,1717,1541,31436,4408,4216,5579,3104,4248,4383,2103,2342,519,534,,,,,,,,,,,,,,,,,,,,,,,,,,,,,,,,,,,,,,,,,,,,,,,,,,,,,,,,,,,,,,,,,,,,,,,,,,,,,,,,,,,,,,,,,,,,,,,,,,,,,,,,,,,,,,,,,,,,,,,,,,,,,,,,,,,,,,,,,,,,,,,,,,,,,,,,,,,,,,,,,,,,,,,,,,,,,,,,,,,,
ACSSF,2011e1,dc,000,0090,0000010,,,,,,,,,,,,,,,,,,,,,,,,,,,,,,,,,,,,,,,,,,,,,,,,,,,,,,,,,,,,,,,,,,,,,,,,,,,,,,,,,,,,,,,,,,,,,,,,,,,,,,,,,,,,,,,,,,,,,,,,,,,,,,,,,,,,,,,,,,,,,,,,,,,,,,,,,,,,,,,,,,,,,,,,,,,,,,,,,,,,,,,,,,,,,,,,,,,,,,,,,,,,,,,,,,,,,,,,,,,,,,,,,
ACSSF,2011e1,dc,000,0090,0000011,22466,585,87,0,240,169,89,0,0,0,0,0,5584,650,164,357,305,1002,1067,763,798,155,323,9760,1324,368,689,859,897,1627,1465,1679,339,513,6537,949,444,620,685,1041,943,504,875,307,169,,,,,,,,,,,,,,,,,,,,,,,,,,,,,,,,,,,,,,,,,,,,,,,,,,,,,,,,,,,,,,,,,,,,,,,,,,,,,,,,,,,,,,,,,,,,,,,,,,,,,,,,,,,,,,,,,,,,,,,,,,,,,,,,,,,,,,,,,,,,,,,,,,,,,,,,,,,,,,,,,,,,,,,,,,,,,,,,,,,,
ACSSF,2011e1,dc,000,0090,0000012,29412,330,0,114,68,0,0,75,0,73,0,0,8137,696,209,843,618,649,1533,2034,1030,350,175,11853,1423,646,1186,1205,1518,2053,1308,1999,271,244,9092,1659,1316,1126,948,1471,1172,783,326,185,106,,,,,,,,,,,,,,,,,,,,,,,,,,,,,,,,,,,,,,,,,,,,,,,,,,,,,,,,,,,,,,,,,,,,,,,,,,,,,,,,,,,,,,,,,,,,,,,,,,,,,,,,,,,,,,,,,,,,,,,,,,,,,,,,,,,,,,,,,,,,,,,,,,,,,,,,,,,,,,,,,,,,,,,,,,,,,,,,,,,,
ACSSF,2011e1,dc,000,0090,0000013,57228,2879,1039,225,365,412,355,98,198,187,0,0,21248,4700,1427,2407,2646,3577,2880,1918,1064,629,0,21759,4155,1426,2520,1879,3687,3669,1819,1353,772,479,11342,1093,1656,2974,1247,1128,1884,700,508,27,125,,,,,,,,,,,,,,,,,,,,,,,,,,,,,,,,,,,,,,,,,,,,,,,,,,,,,,,,,,,,,,,,,,,,,,,,,,,,,,,,,,,,,,,,,,,,,,,,,,,,,,,,,,,,,,,,,,,,,,,,,,,,,,,,,,,,,,,,,,,,,,,,,,,,,,,,,,,,,,,,,,,,,,,,,,,,,,,,,,,,
ACSSF,2011e1,dc,000,0090,0000014,15296,438,123,97,0,150,0,43,0,25,0,0,4868,1093,0,252,432,705,744,217,572,530,323,6056,1269,430,553,565,578,1045,489,761,141,225,3934,650,800,821,186,406,384,116,518,0,53,,,,,,,,,,,,,,,,,,,,,,,,,,,,,,,,,,,,,,,,,,,,,,,,,,,,,,,,,,,,,,,,,,,,,,,,,,,,,,,,,,,,,,,,,,,,,,,,,,,,,,,,,,,,,,,,,,,,,,,,,,,,,,,,,,,,,,,,,,,,,,,,,,,,,,,,,,,,,,,,,,,,,,,,,,,,,,,,,,,,
ACSSF,2011e1,dc,000,0090,0000015,126754,4303,1249,436,673,731,515,216,198,285,0,0,40713,7318,1800,3859,4067,5933,6385,5074,3621,1723,933,50302,8356,2870,5012,4614,6680,8523,5081,5908,1717,1541,31436,4408,4216,5579,3104,4248,4383,2103,2342,519,534,,,,,,,,,,,,,,,,,,,,,,,,,,,,,,,,,,,,,,,,,,,,,,,,,,,,,,,,,,,,,,,,,,,,,,,,,,,,,,,,,,,,,,,,,,,,,,,,,,,,,,,,,,,,,,,,,,,,,,,,,,,,,,,,,,,,,,,,,,,,,,,,,,,,,,,,,,,,,,,,,,,,,,,,,,,,,,,,,,,,
