ACSSF,2011e1,dc,000,0062,0000001,55986,17515,1695,1017,207,821,696,697,1163,417,357,956,647,575,459,1219,4949,1640,38471,239515,57716,5587,8819,3331,39979,181799,299473,82635,11210,27738,18470,25217,216838,1709,552,169,79,3,301,1157,21919,6494,179,375,424,5516,15425,,,,,,,,22948,9214,1174,2869,1885,3286,13734,11514,3858,821,990,453,1594,7656,211631,50771,4562,6779,2325,37105,160860,55986,17515,2712,5314,2900,6589,38471
ACSSF,2011e1,dc,000,0062,0000002,55986,17515,1695,1017,207,821,696,697,1163,417,357,956,647,575,459,1219,4949,1640,38471,239515,57716,5587,8819,3331,39979,181799,299473,82635,11210,27738,18470,25217,216838,1709,552,169,79,3,301,1157,21919,6494,179,375,424,5516,15425,,,,,,,,22948,9214,1174,2869,1885,3286,13734,11514,3858,821,990,453,1594,7656,211631,50771,4562,6779,2325,37105,160860,55986,17515,2712,5314,2900,6589,38471
ACSSF,2011e1,dc,000,0062,0000003,55986,17515,1695,1017,207,821,696,697,1163,417,357,956,647,575,459,1219,4949,1640,38471,239515,57716,5587,8819,3331,39979,181799,299473,82635,11210,27738,18470,25217,216838,1709,552,169,79,3,301,1157,21919,6494,179,375,424,5516,15425,,,,,,,,22948,9214,1174,2869,1885,3286,13734,11514,3858,821,990,453,1594,7656,211631,50771,4562,6779,2325,37105,160860,55986,17515,2712,5314,2900,6589,38471
ACSSF,2011e1,dc,000,0062,0000004,55986,17515,1695,1017,207,821,696,697,1163,417,357,956,647,575,459,1219,4949,1640,38471,239515,57716,5587,8819,3331,39979,181799,299473,82635,11210,27738,18470,25217,216838,1709,552,169,79,3,301,1157,21919,6494,179,375,424,5516,15425,,,,,,,,22948,9214,1174,2869,1885,3286,13734,11514,3858,821,990,453,1594,7656,211631,50771,4562,6779,2325,37105,160860,55986,17515,2712,5314,2900,6589,38471
ACSSF,2011e1,dc,000,0062,0000005,55986,17515,1695,1017,207,821,696,697,1163,417,357,956,647,575,459,1219,4949,1640,38471,239515,57716,5587,8819,3331,39979,181799,299473,82635,11210,27738,18470,25217,216838,1709,552,169,79,3,301,1157,21919,6494,179,375,424,5516,15425,,,,,,,,22948,9214,1174,2869,1885,3286,13734,11514,3858,821,990,453,1594,7656,211631,50771,4562,6779,2325,37105,160860,55986,17515,2712,5314,2900,6589,38471
ACSSF,2011e1,dc,000,0062,0000006,55986,17515,1695,1017,207,821,696,697,1163,417,357,956,647,575,459,1219,4949,1640,38471,239515,57716,5587,8819,3331,39979,181799,299473,82635,11210,27738,18470,25217,216838,1709,552,169,79,3,301,1157,21919,6494,179,375,424,5516,15425,,,,,,,,22948,9214,1174,2869,1885,3286,13734,11514,3858,821,990,453,1594,7656,211631,50771,4562,6779,2325,37105,160860,55986,17515,2712,5314,2900,6589,38471
ACSSF,2011e1,dc,000,0062,0000007,55986,17515,1695,1017,207,821,696,697,1163,417,357,956,647,575,459,1219,4949,1640,38471,239515,57716,5587,8819,3331,39979,181799,299473,82635,11210,27738,18470,25217,216838,1709,552,169,79,3,301,1157,21919,6494,179,375,424,5516,15425,,,,,,,,22948,9214,1174,2869,1885,3286,13734,11514,3858,821,990,453,1594,7656,211631,50771,4562,6779,2325,37105,160860,55986,17515,2712,5314,2900,6589,38471
ACSSF,2011e1,dc,000,0062,0000008,55986,17515,1695,1017,207,821,696,697,1163,417,357,956,647,575,459,1219,4949,1640,38471,239515,57716,5587,8819,3331,39979,181799,299473,82635,11210,27738,18470,25217,216838,1709,552,169,79,3,301,1157,21919,6494,179,375,424,5516,15425,,,,,,,,22948,9214,1174,2869,1885,3286,13734,11514,3858,821,990,453,1594,7656,211631,50771,4562,6779,2325,37105,160860,55986,17515,2712,5314,2900,6589,38471
ACSSF,2011e1,dc,000,0062,0000009,55986,17515,1695,1017,207,821,696,697,1163,417,357,956,647,575,459,1219,4949,1640,38471,239515,57716,5587,8819,3331,39979,181799,299473,82635,11210,27738,18470,25217,216838,1709,552,169,79,3,301,1157,21919,6494,179,375,424,5516,15425,,,,,,,,22948,9214,1174,2869,1885,3286,13734,11514,3858,821,990,453,1594,7656,211631,50771,4562,6779,2325,37105,160860,55986,17515,2712,5314,2900,6589,38471
ACSSF,2011e1,dc,000,0062,0000010,,,,,,,,,,,,,,,,,,,,87467,26181,2685,5338,2026,16132,61286,,,,,,,,,,,,,,,4938,1578,0,342,103,1133,3360,,,,,,,,,,,,,,,3046,1554,105,637,277,535,1492,82624,24994,2470,5113,1990,15421,57630,,,,,,,
ACSSF,2011e1,dc,000,0062,0000011,,,,,,,,,,,,,,,,,,,,34832,5783,1417,1401,172,2793,29049,53566,13143,1862,3832,2727,4722,40423,,,,,,,,,,,,,,,,,,,,,,12871,4910,946,1771,1075,1118,7961,2674,912,248,141,125,398,1762,25251,3834,840,712,84,2198,21417,24047,7107,1642,2696,913,1856,16940
ACSSF,2011e1,dc,000,0062,0000012,,,,,,,,,,,,,,,,,,,,39652,7866,917,870,244,5835,31786,70762,14840,1809,4765,3740,4526,55922,,,,,,,,,,,,,,,,,,,,,,3966,1943,0,1024,419,500,2023,,,,,,,,37881,7525,858,870,244,5553,30356,7745,3556,617,1235,736,968,4189
ACSSF,2011e1,dc,000,0062,0000013,,,,,,,,,,,,,,,,,,,,,,,,,,,135672,42080,6290,17167,11272,7351,93592,,,,,,,,,,,,,,,,,,,,,,,,,,,,,,,,,,,,,,,,,,,,,,,,,
ACSSF,2011e1,dc,000,0062,0000014,,,,,,,,,,,,,,,,,,,,75162,17441,545,1186,882,14828,57721,33334,10892,1083,1531,731,7547,22442,,,,,,,,9547,3349,0,0,119,3230,6198,,,,,,,,,,,,,,,,,,,,,,63791,14023,371,60,0,13592,49768,15185,4014,174,1158,882,1800,11171
ACSSF,2011e1,dc,000,0062,0000015,55986,17515,1695,1017,207,821,696,697,1163,417,357,956,647,575,459,1219,4949,1640,38471,239515,57716,5587,8819,3331,39979,181799,299473,82635,11210,27738,18470,25217,216838,1709,552,169,79,3,301,1157,21919,6494,179,375,424,5516,15425,,,,,,,,22948,9214,1174,2869,1885,3286,13734,11514,3858,821,990,453,1594,7656,211631,50771,4562,6779,2325,37105,160860,55986,17515,2712,5314,2900,6589,38471
