ACSSF,2011e1,dc,000,0027,0000001,,,,,,,578204,107995,37621,432588,466573,79469,29758,357346,62561,19341,4250,38970,0,0,0,0,42364,7880,3142,31342,6706,1305,471,4930,,,,,,,,,,,,,,,,,,,,,,,,,571561,253888,317673,463013,233121,229892,61090,11252,49838,0,0,0,40701,6783,33918,6757,2732,4025,,,,,,,,,,,,,,,,,,,,,,,,,,,,,,,,,,,,,,,,,,,,,,,,,,,,,,,,,,,,,,,,,,,,,,,,,,,,,,,611608,489659,114585,85152,71466,13686,27092,17272,9820,1211,691,520,1130,7364,,,,,,,,,,,,,,,,,,,,,,,,,,,,,,,,,,,,,611608,489659,114585,85152,71466,13686,27092,17272,9820,1211,1130,7364,,,,,,,,,,,,,,,,,,,,,,,,,,,,
ACSSF,2011e1,dc,000,0027,0000002,,,,,,,578204,107995,37621,432588,466573,79469,29758,357346,62561,19341,4250,38970,0,0,0,0,42364,7880,3142,31342,6706,1305,471,4930,,,,,,,,,,,,,,,,,,,,,,,,,571561,253888,317673,463013,233121,229892,61090,11252,49838,0,0,0,40701,6783,33918,6757,2732,4025,,,,,,,,,,,,,,,,,,,,,,,,,,,,,,,,,,,,,,,,,,,,,,,,,,,,,,,,,,,,,,,,,,,,,,,,,,,,,,,611608,489659,114585,85152,71466,13686,27092,17272,9820,1211,691,520,1130,7364,,,,,,,,,,,,,,,,,,,,,,,,,,,,,,,,,,,,,611608,489659,114585,85152,71466,13686,27092,17272,9820,1211,1130,7364,,,,,,,,,,,,,,,,,,,,,,,,,,,,
ACSSF,2011e1,dc,000,0027,0000003,,,,,,,578204,107995,37621,432588,466573,79469,29758,357346,62561,19341,4250,38970,0,0,0,0,42364,7880,3142,31342,6706,1305,471,4930,,,,,,,,,,,,,,,,,,,,,,,,,571561,253888,317673,463013,233121,229892,61090,11252,49838,0,0,0,40701,6783,33918,6757,2732,4025,,,,,,,,,,,,,,,,,,,,,,,,,,,,,,,,,,,,,,,,,,,,,,,,,,,,,,,,,,,,,,,,,,,,,,,,,,,,,,,611608,489659,114585,85152,71466,13686,27092,17272,9820,1211,691,520,1130,7364,,,,,,,,,,,,,,,,,,,,,,,,,,,,,,,,,,,,,611608,489659,114585,85152,71466,13686,27092,17272,9820,1211,1130,7364,,,,,,,,,,,,,,,,,,,,,,,,,,,,
ACSSF,2011e1,dc,000,0027,0000004,,,,,,,578204,107995,37621,432588,466573,79469,29758,357346,62561,19341,4250,38970,0,0,0,0,42364,7880,3142,31342,6706,1305,471,4930,,,,,,,,,,,,,,,,,,,,,,,,,571561,253888,317673,463013,233121,229892,61090,11252,49838,0,0,0,40701,6783,33918,6757,2732,4025,,,,,,,,,,,,,,,,,,,,,,,,,,,,,,,,,,,,,,,,,,,,,,,,,,,,,,,,,,,,,,,,,,,,,,,,,,,,,,,611608,489659,114585,85152,71466,13686,27092,17272,9820,1211,691,520,1130,7364,,,,,,,,,,,,,,,,,,,,,,,,,,,,,,,,,,,,,611608,489659,114585,85152,71466,13686,27092,17272,9820,1211,1130,7364,,,,,,,,,,,,,,,,,,,,,,,,,,,,
ACSSF,2011e1,dc,000,0027,0000005,,,,,,,578204,107995,37621,432588,466573,79469,29758,357346,62561,19341,4250,38970,0,0,0,0,42364,7880,3142,31342,6706,1305,471,4930,,,,,,,,,,,,,,,,,,,,,,,,,571561,253888,317673,463013,233121,229892,61090,11252,49838,0,0,0,40701,6783,33918,6757,2732,4025,,,,,,,,,,,,,,,,,,,,,,,,,,,,,,,,,,,,,,,,,,,,,,,,,,,,,,,,,,,,,,,,,,,,,,,,,,,,,,,611608,489659,114585,85152,71466,13686,27092,17272,9820,1211,691,520,1130,7364,,,,,,,,,,,,,,,,,,,,,,,,,,,,,,,,,,,,,611608,489659,114585,85152,71466,13686,27092,17272,9820,1211,1130,7364,,,,,,,,,,,,,,,,,,,,,,,,,,,,
ACSSF,2011e1,dc,000,0027,0000006,,,,,,,578204,107995,37621,432588,466573,79469,29758,357346,62561,19341,4250,38970,0,0,0,0,42364,7880,3142,31342,6706,1305,471,4930,,,,,,,,,,,,,,,,,,,,,,,,,571561,253888,317673,463013,233121,229892,61090,11252,49838,0,0,0,40701,6783,33918,6757,2732,4025,,,,,,,,,,,,,,,,,,,,,,,,,,,,,,,,,,,,,,,,,,,,,,,,,,,,,,,,,,,,,,,,,,,,,,,,,,,,,,,611608,489659,114585,85152,71466,13686,27092,17272,9820,1211,691,520,1130,7364,,,,,,,,,,,,,,,,,,,,,,,,,,,,,,,,,,,,,611608,489659,114585,85152,71466,13686,27092,17272,9820,1211,1130,7364,,,,,,,,,,,,,,,,,,,,,,,,,,,,
ACSSF,2011e1,dc,000,0027,0000007,,,,,,,578204,107995,37621,432588,466573,79469,29758,357346,62561,19341,4250,38970,0,0,0,0,42364,7880,3142,31342,6706,1305,471,4930,,,,,,,,,,,,,,,,,,,,,,,,,571561,253888,317673,463013,233121,229892,61090,11252,49838,0,0,0,40701,6783,33918,6757,2732,4025,,,,,,,,,,,,,,,,,,,,,,,,,,,,,,,,,,,,,,,,,,,,,,,,,,,,,,,,,,,,,,,,,,,,,,,,,,,,,,,611608,489659,114585,85152,71466,13686,27092,17272,9820,1211,691,520,1130,7364,,,,,,,,,,,,,,,,,,,,,,,,,,,,,,,,,,,,,611608,489659,114585,85152,71466,13686,27092,17272,9820,1211,1130,7364,,,,,,,,,,,,,,,,,,,,,,,,,,,,
ACSSF,2011e1,dc,000,0027,0000008,,,,,,,578204,107995,37621,432588,466573,79469,29758,357346,62561,19341,4250,38970,0,0,0,0,42364,7880,3142,31342,6706,1305,471,4930,,,,,,,,,,,,,,,,,,,,,,,,,571561,253888,317673,463013,233121,229892,61090,11252,49838,0,0,0,40701,6783,33918,6757,2732,4025,,,,,,,,,,,,,,,,,,,,,,,,,,,,,,,,,,,,,,,,,,,,,,,,,,,,,,,,,,,,,,,,,,,,,,,,,,,,,,,611608,489659,114585,85152,71466,13686,27092,17272,9820,1211,691,520,1130,7364,,,,,,,,,,,,,,,,,,,,,,,,,,,,,,,,,,,,,611608,489659,114585,85152,71466,13686,27092,17272,9820,1211,1130,7364,,,,,,,,,,,,,,,,,,,,,,,,,,,,
ACSSF,2011e1,dc,000,0027,0000009,,,,,,,578204,107995,37621,432588,466573,79469,29758,357346,62561,19341,4250,38970,0,0,0,0,42364,7880,3142,31342,6706,1305,471,4930,,,,,,,,,,,,,,,,,,,,,,,,,571561,253888,317673,463013,233121,229892,61090,11252,49838,0,0,0,40701,6783,33918,6757,2732,4025,,,,,,,,,,,,,,,,,,,,,,,,,,,,,,,,,,,,,,,,,,,,,,,,,,,,,,,,,,,,,,,,,,,,,,,,,,,,,,,611608,489659,114585,85152,71466,13686,27092,17272,9820,1211,691,520,1130,7364,,,,,,,,,,,,,,,,,,,,,,,,,,,,,,,,,,,,,611608,489659,114585,85152,71466,13686,27092,17272,9820,1211,1130,7364,,,,,,,,,,,,,,,,,,,,,,,,,,,,
ACSSF,2011e1,dc,000,0027,0000010,,,,,,,97277,9449,1731,86097,77785,4515,1152,72118,10039,2729,394,6916,0,0,0,0,7117,1724,56,5337,2336,481,129,1726,,,,,,,,,,,,,,,,,,,,,,,,,96452,59158,37294,77360,55338,22022,10014,1691,8323,0,0,0,6691,1218,5473,2387,911,1476,,,,,,,,,,,,,,,,,,,,,,,,,,,,,,,,,,,,,,,,,,,,,,,,,,,,,,,,,,,,,,,,,,,,,,,,,,,,,,,107251,86010,18726,11736,10502,1234,6546,3875,2671,247,130,117,197,2515,,,,,,,,,,,,,,,,,,,,,,,,,,,,,,,,,,,,,107251,86010,18726,11736,10502,1234,6546,3875,2671,247,197,2515,,,,,,,,,,,,,,,,,,,,,,,,,,,,
ACSSF,2011e1,dc,000,0027,0000011,,,,,,,111501,17023,8190,86288,94511,13650,7425,73436,8413,1828,382,6203,0,0,0,0,6827,1218,383,5226,1750,327,0,1423,,,,,,,,,,,,,,,,,,,,,,,,,110994,56526,54468,94187,51840,42347,8338,2031,6307,0,0,0,6719,1801,4918,1750,854,896,,,,,,,,,,,,,,,,,,,,,,,,,,,,,,,,,,,,,,,,,,,,,,,,,,,,,,,,,,,,,,,,,,,,,,,,,,,,,,,112397,95249,15398,11778,9733,2045,3167,1887,1280,82,58,24,371,1750,,,,,,,,,,,,,,,,,,,,,,,,,,,,,,,,,,,,,112397,95249,15398,11778,9733,2045,3167,1887,1280,82,371,1750,,,,,,,,,,,,,,,,,,,,,,,,,,,,
ACSSF,2011e1,dc,000,0027,0000012,,,,,,,113981,17556,8004,88421,93703,14693,6332,72678,10569,1749,840,7980,0,0,0,0,8317,808,650,6859,1392,306,182,904,,,,,,,,,,,,,,,,,,,,,,,,,111808,59194,52614,92318,53567,38751,10117,3503,6614,0,0,0,7981,1263,6718,1392,861,531,,,,,,,,,,,,,,,,,,,,,,,,,,,,,,,,,,,,,,,,,,,,,,,,,,,,,,,,,,,,,,,,,,,,,,,,,,,,,,,122267,97492,23086,17276,14246,3030,5248,3186,2062,236,161,75,326,1689,,,,,,,,,,,,,,,,,,,,,,,,,,,,,,,,,,,,,122267,97492,23086,17276,14246,3030,5248,3186,2062,236,326,1689,,,,,,,,,,,,,,,,,,,,,,,,,,,,
ACSSF,2011e1,dc,000,0027,0000013,,,,,,,143243,48776,14499,79968,115124,35087,11298,68739,20472,11372,2287,6813,0,0,0,0,7453,2252,833,4368,194,65,81,48,,,,,,,,,,,,,,,,,,,,,,,,,141091,41875,99216,114161,38915,75246,19915,1818,18097,0,0,0,6821,1142,5679,194,0,194,,,,,,,,,,,,,,,,,,,,,,,,,,,,,,,,,,,,,,,,,,,,,,,,,,,,,,,,,,,,,,,,,,,,,,,,,,,,,,,145103,116329,28507,26367,21049,5318,1929,1135,794,129,71,58,82,267,,,,,,,,,,,,,,,,,,,,,,,,,,,,,,,,,,,,,145103,116329,28507,26367,21049,5318,1929,1135,794,129,82,267,,,,,,,,,,,,,,,,,,,,,,,,,,,,
ACSSF,2011e1,dc,000,0027,0000014,,,,,,,112202,15191,5197,91814,85450,11524,3551,70375,13068,1663,347,11058,0,0,0,0,12650,1878,1220,9552,1034,126,79,829,,,,,,,,,,,,,,,,,,,,,,,,,111216,37135,74081,84987,33461,51526,12706,2209,10497,0,0,0,12489,1359,11130,1034,106,928,,,,,,,,,,,,,,,,,,,,,,,,,,,,,,,,,,,,,,,,,,,,,,,,,,,,,,,,,,,,,,,,,,,,,,,,,,,,,,,124590,94579,28868,17995,15936,2059,10202,7189,3013,517,271,246,154,1143,,,,,,,,,,,,,,,,,,,,,,,,,,,,,,,,,,,,,124590,94579,28868,17995,15936,2059,10202,7189,3013,517,154,1143,,,,,,,,,,,,,,,,,,,,,,,,,,,,
ACSSF,2011e1,dc,000,0027,0000015,,,,,,,578204,107995,37621,432588,466573,79469,29758,357346,62561,19341,4250,38970,0,0,0,0,42364,7880,3142,31342,6706,1305,471,4930,,,,,,,,,,,,,,,,,,,,,,,,,571561,253888,317673,463013,233121,229892,61090,11252,49838,0,0,0,40701,6783,33918,6757,2732,4025,,,,,,,,,,,,,,,,,,,,,,,,,,,,,,,,,,,,,,,,,,,,,,,,,,,,,,,,,,,,,,,,,,,,,,,,,,,,,,,611608,489659,114585,85152,71466,13686,27092,17272,9820,1211,691,520,1130,7364,,,,,,,,,,,,,,,,,,,,,,,,,,,,,,,,,,,,,611608,489659,114585,85152,71466,13686,27092,17272,9820,1211,1130,7364,,,,,,,,,,,,,,,,,,,,,,,,,,,,
