ACSSF,2011e1,dc,000,0129,0000001,310607,108,10818,3689,1736,14239,11208,12933,18262,64799,62135,26050,28427,56203,188812,108,2412,2219,250,1520,1967,9706,12222,49110,40878,6494,18335,43591,46688,0,566,119,0,499,469,332,1196,7641,11763,15237,5581,3285,52138,0,424,511,1108,11293,2828,2039,4108,6855,8015,3855,3057,8045,10478,0,7174,0,42,280,405,707,257,427,651,85,341,109,12491,0,242,840,336,647,5539,149,479,766,828,379,1113,1173
ACSSF,2011e1,dc,000,0129,0000002,310607,108,10818,3689,1736,14239,11208,12933,18262,64799,62135,26050,28427,56203,188812,108,2412,2219,250,1520,1967,9706,12222,49110,40878,6494,18335,43591,46688,0,566,119,0,499,469,332,1196,7641,11763,15237,5581,3285,52138,0,424,511,1108,11293,2828,2039,4108,6855,8015,3855,3057,8045,10478,0,7174,0,42,280,405,707,257,427,651,85,341,109,12491,0,242,840,336,647,5539,149,479,766,828,379,1113,1173
ACSSF,2011e1,dc,000,0129,0000003,310607,108,10818,3689,1736,14239,11208,12933,18262,64799,62135,26050,28427,56203,188812,108,2412,2219,250,1520,1967,9706,12222,49110,40878,6494,18335,43591,46688,0,566,119,0,499,469,332,1196,7641,11763,15237,5581,3285,52138,0,424,511,1108,11293,2828,2039,4108,6855,8015,3855,3057,8045,10478,0,7174,0,42,280,405,707,257,427,651,85,341,109,12491,0,242,840,336,647,5539,149,479,766,828,379,1113,1173
ACSSF,2011e1,dc,000,0129,0000004,310607,108,10818,3689,1736,14239,11208,12933,18262,64799,62135,26050,28427,56203,188812,108,2412,2219,250,1520,1967,9706,12222,49110,40878,6494,18335,43591,46688,0,566,119,0,499,469,332,1196,7641,11763,15237,5581,3285,52138,0,424,511,1108,11293,2828,2039,4108,6855,8015,3855,3057,8045,10478,0,7174,0,42,280,405,707,257,427,651,85,341,109,12491,0,242,840,336,647,5539,149,479,766,828,379,1113,1173
ACSSF,2011e1,dc,000,0129,0000005,310607,108,10818,3689,1736,14239,11208,12933,18262,64799,62135,26050,28427,56203,188812,108,2412,2219,250,1520,1967,9706,12222,49110,40878,6494,18335,43591,46688,0,566,119,0,499,469,332,1196,7641,11763,15237,5581,3285,52138,0,424,511,1108,11293,2828,2039,4108,6855,8015,3855,3057,8045,10478,0,7174,0,42,280,405,707,257,427,651,85,341,109,12491,0,242,840,336,647,5539,149,479,766,828,379,1113,1173
ACSSF,2011e1,dc,000,0129,0000006,310607,108,10818,3689,1736,14239,11208,12933,18262,64799,62135,26050,28427,56203,188812,108,2412,2219,250,1520,1967,9706,12222,49110,40878,6494,18335,43591,46688,0,566,119,0,499,469,332,1196,7641,11763,15237,5581,3285,52138,0,424,511,1108,11293,2828,2039,4108,6855,8015,3855,3057,8045,10478,0,7174,0,42,280,405,707,257,427,651,85,341,109,12491,0,242,840,336,647,5539,149,479,766,828,379,1113,1173
ACSSF,2011e1,dc,000,0129,0000007,310607,108,10818,3689,1736,14239,11208,12933,18262,64799,62135,26050,28427,56203,188812,108,2412,2219,250,1520,1967,9706,12222,49110,40878,6494,18335,43591,46688,0,566,119,0,499,469,332,1196,7641,11763,15237,5581,3285,52138,0,424,511,1108,11293,2828,2039,4108,6855,8015,3855,3057,8045,10478,0,7174,0,42,280,405,707,257,427,651,85,341,109,12491,0,242,840,336,647,5539,149,479,766,828,379,1113,1173
ACSSF,2011e1,dc,000,0129,0000008,310607,108,10818,3689,1736,14239,11208,12933,18262,64799,62135,26050,28427,56203,188812,108,2412,2219,250,1520,1967,9706,12222,49110,40878,6494,18335,43591,46688,0,566,119,0,499,469,332,1196,7641,11763,15237,5581,3285,52138,0,424,511,1108,11293,2828,2039,4108,6855,8015,3855,3057,8045,10478,0,7174,0,42,280,405,707,257,427,651,85,341,109,12491,0,242,840,336,647,5539,149,479,766,828,379,1113,1173
ACSSF,2011e1,dc,000,0129,0000009,310607,108,10818,3689,1736,14239,11208,12933,18262,64799,62135,26050,28427,56203,188812,108,2412,2219,250,1520,1967,9706,12222,49110,40878,6494,18335,43591,46688,0,566,119,0,499,469,332,1196,7641,11763,15237,5581,3285,52138,0,424,511,1108,11293,2828,2039,4108,6855,8015,3855,3057,8045,10478,0,7174,0,42,280,405,707,257,427,651,85,341,109,12491,0,242,840,336,647,5539,149,479,766,828,379,1113,1173
ACSSF,2011e1,dc,000,0129,0000010,,,,,,,,,,,,,,,,,,,,,,,,,,,,,,,,,,,,,,,,,,,,,,,,,,,,,,,,,,,,,,,,,,,,,,,,,,,,,,,,,,,,
ACSSF,2011e1,dc,000,0129,0000011,,,,,,,,,,,,,,,,,,,,,,,,,,,,,,,,,,,,,,,,,,,,,,,,,,,,,,,,,,,,,,,,,,,,,,,,,,,,,,,,,,,,
ACSSF,2011e1,dc,000,0129,0000012,62050,0,1203,583,276,3347,2882,2848,2366,11831,12051,5139,6454,13070,37226,0,470,303,0,240,653,2216,1436,8305,7845,1417,4401,9940,9573,0,0,0,0,146,363,0,162,1536,2442,2905,1081,938,11314,0,234,160,199,2821,317,558,746,1444,1372,763,598,2102,1456,0,499,0,42,0,146,46,22,113,271,54,263,0,2481,0,0,120,35,140,1403,28,0,433,121,0,111,90
ACSSF,2011e1,dc,000,0129,0000013,49777,0,2989,731,403,4328,4103,785,2489,8005,11362,4336,3384,6862,16521,0,560,478,0,305,404,466,961,3486,4127,641,1722,3371,11215,0,0,0,0,284,106,0,456,2469,3596,2658,673,973,13460,0,0,45,210,3389,1107,279,709,1756,2738,1037,336,1854,3376,0,2261,0,0,165,259,40,67,117,350,0,25,92,5205,0,168,208,193,185,2227,0,296,177,551,0,628,572
ACSSF,2011e1,dc,000,0129,0000014,,,,,,,,,,,,,,,,,,,,,,,,,,,,,,,,,,,,,,,,,,,,,,,,,,,,,,,,,,,,,,,,,,,,,,,,,,,,,,,,,,,,
ACSSF,2011e1,dc,000,0129,0000015,310607,108,10818,3689,1736,14239,11208,12933,18262,64799,62135,26050,28427,56203,188812,108,2412,2219,250,1520,1967,9706,12222,49110,40878,6494,18335,43591,46688,0,566,119,0,499,469,332,1196,7641,11763,15237,5581,3285,52138,0,424,511,1108,11293,2828,2039,4108,6855,8015,3855,3057,8045,10478,0,7174,0,42,280,405,707,257,427,651,85,341,109,12491,0,242,840,336,647,5539,149,479,766,828,379,1113,1173
