ACSSF,2011e1,dc,000,0024,0000001,,,,,,,,,,,,,,,,,,,,,,,,,,,,,,,,,,,,,,,,,,,,,,,,,,,,,,,,,,,,,,,,,,,,,,,,,,,,,,,,,,,,,,,,,,,,,,,,,33.8,37.8,28.2,.,26.9,29.0,,,,,,,611608,289011,322597,489659,232541,257118,66519,29981,36538,0,0,0,48066,23286,24780,7364,3203,4161,,,,,,,,,,,,,,,,,,,244193,184577,26982,0,27374,5260,307007,256204,34570,0,15498,735,,,,,,,22404,17321,2069,0,2463,551,,,,,,,24101,21148,1494,0,960,499,,,,,,,,,,,,,,,,,,,,,,,,,,,,,,,,,,,,,,,,,,,,,,,,,,,,,,,,,,,,
ACSSF,2011e1,dc,000,0024,0000002,,,,,,,,,,,,,,,,,,,,,,,,,,,,,,,,,,,,,,,,,,,,,,,,,,,,,,,,,,,,,,,,,,,,,,,,,,,,,,,,,,,,,,,,,,,,,,,,,33.8,37.8,28.2,.,26.9,29.0,,,,,,,611608,289011,322597,489659,232541,257118,66519,29981,36538,0,0,0,48066,23286,24780,7364,3203,4161,,,,,,,,,,,,,,,,,,,244193,184577,26982,0,27374,5260,307007,256204,34570,0,15498,735,,,,,,,22404,17321,2069,0,2463,551,,,,,,,24101,21148,1494,0,960,499,,,,,,,,,,,,,,,,,,,,,,,,,,,,,,,,,,,,,,,,,,,,,,,,,,,,,,,,,,,,
ACSSF,2011e1,dc,000,0024,0000003,,,,,,,,,,,,,,,,,,,,,,,,,,,,,,,,,,,,,,,,,,,,,,,,,,,,,,,,,,,,,,,,,,,,,,,,,,,,,,,,,,,,,,,,,,,,,,,,,33.8,37.8,28.2,.,26.9,29.0,,,,,,,611608,289011,322597,489659,232541,257118,66519,29981,36538,0,0,0,48066,23286,24780,7364,3203,4161,,,,,,,,,,,,,,,,,,,244193,184577,26982,0,27374,5260,307007,256204,34570,0,15498,735,,,,,,,22404,17321,2069,0,2463,551,,,,,,,24101,21148,1494,0,960,499,,,,,,,,,,,,,,,,,,,,,,,,,,,,,,,,,,,,,,,,,,,,,,,,,,,,,,,,,,,,
ACSSF,2011e1,dc,000,0024,0000004,,,,,,,,,,,,,,,,,,,,,,,,,,,,,,,,,,,,,,,,,,,,,,,,,,,,,,,,,,,,,,,,,,,,,,,,,,,,,,,,,,,,,,,,,,,,,,,,,33.8,37.8,28.2,.,26.9,29.0,,,,,,,611608,289011,322597,489659,232541,257118,66519,29981,36538,0,0,0,48066,23286,24780,7364,3203,4161,,,,,,,,,,,,,,,,,,,244193,184577,26982,0,27374,5260,307007,256204,34570,0,15498,735,,,,,,,22404,17321,2069,0,2463,551,,,,,,,24101,21148,1494,0,960,499,,,,,,,,,,,,,,,,,,,,,,,,,,,,,,,,,,,,,,,,,,,,,,,,,,,,,,,,,,,,
ACSSF,2011e1,dc,000,0024,0000005,,,,,,,,,,,,,,,,,,,,,,,,,,,,,,,,,,,,,,,,,,,,,,,,,,,,,,,,,,,,,,,,,,,,,,,,,,,,,,,,,,,,,,,,,,,,,,,,,33.8,37.8,28.2,.,26.9,29.0,,,,,,,611608,289011,322597,489659,232541,257118,66519,29981,36538,0,0,0,48066,23286,24780,7364,3203,4161,,,,,,,,,,,,,,,,,,,244193,184577,26982,0,27374,5260,307007,256204,34570,0,15498,735,,,,,,,22404,17321,2069,0,2463,551,,,,,,,24101,21148,1494,0,960,499,,,,,,,,,,,,,,,,,,,,,,,,,,,,,,,,,,,,,,,,,,,,,,,,,,,,,,,,,,,,
ACSSF,2011e1,dc,000,0024,0000006,,,,,,,,,,,,,,,,,,,,,,,,,,,,,,,,,,,,,,,,,,,,,,,,,,,,,,,,,,,,,,,,,,,,,,,,,,,,,,,,,,,,,,,,,,,,,,,,,33.8,37.8,28.2,.,26.9,29.0,,,,,,,611608,289011,322597,489659,232541,257118,66519,29981,36538,0,0,0,48066,23286,24780,7364,3203,4161,,,,,,,,,,,,,,,,,,,244193,184577,26982,0,27374,5260,307007,256204,34570,0,15498,735,,,,,,,22404,17321,2069,0,2463,551,,,,,,,24101,21148,1494,0,960,499,,,,,,,,,,,,,,,,,,,,,,,,,,,,,,,,,,,,,,,,,,,,,,,,,,,,,,,,,,,,
ACSSF,2011e1,dc,000,0024,0000007,,,,,,,,,,,,,,,,,,,,,,,,,,,,,,,,,,,,,,,,,,,,,,,,,,,,,,,,,,,,,,,,,,,,,,,,,,,,,,,,,,,,,,,,,,,,,,,,,33.8,37.8,28.2,.,26.9,29.0,,,,,,,611608,289011,322597,489659,232541,257118,66519,29981,36538,0,0,0,48066,23286,24780,7364,3203,4161,,,,,,,,,,,,,,,,,,,244193,184577,26982,0,27374,5260,307007,256204,34570,0,15498,735,,,,,,,22404,17321,2069,0,2463,551,,,,,,,24101,21148,1494,0,960,499,,,,,,,,,,,,,,,,,,,,,,,,,,,,,,,,,,,,,,,,,,,,,,,,,,,,,,,,,,,,
ACSSF,2011e1,dc,000,0024,0000008,,,,,,,,,,,,,,,,,,,,,,,,,,,,,,,,,,,,,,,,,,,,,,,,,,,,,,,,,,,,,,,,,,,,,,,,,,,,,,,,,,,,,,,,,,,,,,,,,33.8,37.8,28.2,.,26.9,29.0,,,,,,,611608,289011,322597,489659,232541,257118,66519,29981,36538,0,0,0,48066,23286,24780,7364,3203,4161,,,,,,,,,,,,,,,,,,,244193,184577,26982,0,27374,5260,307007,256204,34570,0,15498,735,,,,,,,22404,17321,2069,0,2463,551,,,,,,,24101,21148,1494,0,960,499,,,,,,,,,,,,,,,,,,,,,,,,,,,,,,,,,,,,,,,,,,,,,,,,,,,,,,,,,,,,
ACSSF,2011e1,dc,000,0024,0000009,,,,,,,,,,,,,,,,,,,,,,,,,,,,,,,,,,,,,,,,,,,,,,,,,,,,,,,,,,,,,,,,,,,,,,,,,,,,,,,,,,,,,,,,,,,,,,,,,33.8,37.8,28.2,.,26.9,29.0,,,,,,,611608,289011,322597,489659,232541,257118,66519,29981,36538,0,0,0,48066,23286,24780,7364,3203,4161,,,,,,,,,,,,,,,,,,,244193,184577,26982,0,27374,5260,307007,256204,34570,0,15498,735,,,,,,,22404,17321,2069,0,2463,551,,,,,,,24101,21148,1494,0,960,499,,,,,,,,,,,,,,,,,,,,,,,,,,,,,,,,,,,,,,,,,,,,,,,,,,,,,,,,,,,,
ACSSF,2011e1,dc,000,0024,0000010,,,,,,,,,,,,,,,,,,,,,,,,,,,,,,,,,,,,,,,,,,,,,,,,,,,,,,,,,,,,,,,,,,,,,,,,,,,,,,,,,,,,,,,,,,,,,,,,,35.3,40.8,26.8,.,25.9,31.3,,,,,,,107251,46727,60524,86010,38173,47837,10148,3882,6266,0,0,0,8578,3960,4618,2515,712,1803,,,,,,,,,,,,,,,,,,,89437,72998,8086,0,6565,1788,,,,,,,,,,,,,5357,4194,612,0,221,330,,,,,,,,,,,,,,,,,,,,,,,,,,,,,,,,,,,,,,,,,,,,,,,,,,,,,,,,,,,,,,,,,,,,,,,,
ACSSF,2011e1,dc,000,0024,0000011,,,,,,,,,,,,,,,,,,,,,,,,,,,,,,,,,,,,,,,,,,,,,,,,,,,,,,,,,,,,,,,,,,,,,,,,,,,,,,,,,,,,,,,,,,,,,,,,,34.8,37.9,29.2,.,27.3,28.5,,,,,,,112397,53913,58484,95249,44544,50705,8492,4732,3760,0,0,0,6906,3961,2945,1750,676,1074,,,,,,,,,,,,,,,,,,,36101,26815,4214,0,3763,1309,55006,49995,3110,0,1779,122,,,,,,,4140,2536,734,0,773,97,,,,,,,,,,,,,,,,,,,,,,,,,,,,,,,,,,,,,,,,,,,,,,,,,,,,,,,,,,,,,,,,,,,,,,,,
ACSSF,2011e1,dc,000,0024,0000012,,,,,,,,,,,,,,,,,,,,,,,,,,,,,,,,,,,,,,,,,,,,,,,,,,,,,,,,,,,,,,,,,,,,,,,,,,,,,,,,,,,,,,,,,,,,,,,,,36.7,41.0,28.6,.,28.2,29.8,,,,,,,122267,59090,63177,97492,46244,51248,12876,6692,6184,0,0,0,10210,5087,5123,1689,1067,622,,,,,,,,,,,,,,,,,,,40490,27654,5774,0,5876,1186,71948,61730,6334,0,3533,351,,,,,,,3047,2681,116,0,229,21,,,,,,,,,,,,,,,,,,,,,,,,,,,,,,,,,,,,,,,,,,,,,,,,,,,,,,,,,,,,,,,,,,,,,,,,
ACSSF,2011e1,dc,000,0024,0000013,,,,,,,,,,,,,,,,,,,,,,,,,,,,,,,,,,,,,,,,,,,,,,,,,,,,,,,,,,,,,,,,,,,,,,,,,,,,,,,,,,,,,,,,,,,,,,,,,33.2,36.3,24.8,.,26.0,23.1,,,,,,,145103,64186,80917,116329,52137,64192,20764,8318,12446,0,0,0,7743,3489,4254,267,242,25,,,,,,,,,,,,,,,,,,,2519,1800,152,0,494,73,140412,112826,20411,0,6981,194,,,,,,,,,,,,,,,,,,,,,,,,,,,,,,,,,,,,,,,,,,,,,,,,,,,,,,,,,,,,,,,,,,,,,,,,,,,,,,,,,,,,
ACSSF,2011e1,dc,000,0024,0000014,,,,,,,,,,,,,,,,,,,,,,,,,,,,,,,,,,,,,,,,,,,,,,,,,,,,,,,,,,,,,,,,,,,,,,,,,,,,,,,,,,,,,,,,,,,,,,,,,31.4,33.6,29.6,.,26.0,29.5,,,,,,,124590,65095,59495,94579,51443,43136,14239,6357,7882,0,0,0,14629,6789,7840,1143,506,637,,,,,,,,,,,,,,,,,,,75646,55310,8756,0,10676,904,33502,27035,4184,0,2215,68,,,,,,,9547,7658,607,0,1179,103,,,,,,,,,,,,,,,,,,,,,,,,,,,,,,,,,,,,,,,,,,,,,,,,,,,,,,,,,,,,,,,,,,,,,,,,
ACSSF,2011e1,dc,000,0024,0000015,,,,,,,,,,,,,,,,,,,,,,,,,,,,,,,,,,,,,,,,,,,,,,,,,,,,,,,,,,,,,,,,,,,,,,,,,,,,,,,,,,,,,,,,,,,,,,,,,33.8,37.8,28.2,.,26.9,29.0,,,,,,,611608,289011,322597,489659,232541,257118,66519,29981,36538,0,0,0,48066,23286,24780,7364,3203,4161,,,,,,,,,,,,,,,,,,,244193,184577,26982,0,27374,5260,307007,256204,34570,0,15498,735,,,,,,,22404,17321,2069,0,2463,551,,,,,,,24101,21148,1494,0,960,499,,,,,,,,,,,,,,,,,,,,,,,,,,,,,,,,,,,,,,,,,,,,,,,,,,,,,,,,,,,,
