ACSSF,2011e1,dc,000,0110,0000001,250706,110306,9042,1553,0,1553,799,754,7489,11773,7317,65,7252,4246,3006,4456,55873,44207,43,44164,34638,9526,11666,17535,9569,0,9569,7635,1934,7966,5224,1630,1587,43,3594,10859,1698,1619,79,9161,140400,10178,3054,6,3048,1985,1063,7124,13676,8348,0,8348,6296,2052,5328,66981,51753,106,51647,42938,8709,15228,22198,12526,0,12526,10849,1677,9672,7442,2163,1985,178,5279,19925,1738,1718,20,18187,,,,,,,,,,,,,,,,,,,,,,,,,,,,,,,,,,,,,,,,,,,,,,,,,,,,,,,,,,,,,,,,,,,,,,,,,,,,,,,,,,,,,,,,,,,,,,,,,,,,,,,,,,,,,,,,,,,,,,,,,,,,,,,,,,,,,,,,,,,,,,,,,,,,,,,,,,,,,,
ACSSF,2011e1,dc,000,0110,0000002,250706,110306,9042,1553,0,1553,799,754,7489,11773,7317,65,7252,4246,3006,4456,55873,44207,43,44164,34638,9526,11666,17535,9569,0,9569,7635,1934,7966,5224,1630,1587,43,3594,10859,1698,1619,79,9161,140400,10178,3054,6,3048,1985,1063,7124,13676,8348,0,8348,6296,2052,5328,66981,51753,106,51647,42938,8709,15228,22198,12526,0,12526,10849,1677,9672,7442,2163,1985,178,5279,19925,1738,1718,20,18187,,,,,,,,,,,,,,,,,,,,,,,,,,,,,,,,,,,,,,,,,,,,,,,,,,,,,,,,,,,,,,,,,,,,,,,,,,,,,,,,,,,,,,,,,,,,,,,,,,,,,,,,,,,,,,,,,,,,,,,,,,,,,,,,,,,,,,,,,,,,,,,,,,,,,,,,,,,,,,
ACSSF,2011e1,dc,000,0110,0000003,250706,110306,9042,1553,0,1553,799,754,7489,11773,7317,65,7252,4246,3006,4456,55873,44207,43,44164,34638,9526,11666,17535,9569,0,9569,7635,1934,7966,5224,1630,1587,43,3594,10859,1698,1619,79,9161,140400,10178,3054,6,3048,1985,1063,7124,13676,8348,0,8348,6296,2052,5328,66981,51753,106,51647,42938,8709,15228,22198,12526,0,12526,10849,1677,9672,7442,2163,1985,178,5279,19925,1738,1718,20,18187,,,,,,,,,,,,,,,,,,,,,,,,,,,,,,,,,,,,,,,,,,,,,,,,,,,,,,,,,,,,,,,,,,,,,,,,,,,,,,,,,,,,,,,,,,,,,,,,,,,,,,,,,,,,,,,,,,,,,,,,,,,,,,,,,,,,,,,,,,,,,,,,,,,,,,,,,,,,,,
ACSSF,2011e1,dc,000,0110,0000004,250706,110306,9042,1553,0,1553,799,754,7489,11773,7317,65,7252,4246,3006,4456,55873,44207,43,44164,34638,9526,11666,17535,9569,0,9569,7635,1934,7966,5224,1630,1587,43,3594,10859,1698,1619,79,9161,140400,10178,3054,6,3048,1985,1063,7124,13676,8348,0,8348,6296,2052,5328,66981,51753,106,51647,42938,8709,15228,22198,12526,0,12526,10849,1677,9672,7442,2163,1985,178,5279,19925,1738,1718,20,18187,,,,,,,,,,,,,,,,,,,,,,,,,,,,,,,,,,,,,,,,,,,,,,,,,,,,,,,,,,,,,,,,,,,,,,,,,,,,,,,,,,,,,,,,,,,,,,,,,,,,,,,,,,,,,,,,,,,,,,,,,,,,,,,,,,,,,,,,,,,,,,,,,,,,,,,,,,,,,,
ACSSF,2011e1,dc,000,0110,0000005,250706,110306,9042,1553,0,1553,799,754,7489,11773,7317,65,7252,4246,3006,4456,55873,44207,43,44164,34638,9526,11666,17535,9569,0,9569,7635,1934,7966,5224,1630,1587,43,3594,10859,1698,1619,79,9161,140400,10178,3054,6,3048,1985,1063,7124,13676,8348,0,8348,6296,2052,5328,66981,51753,106,51647,42938,8709,15228,22198,12526,0,12526,10849,1677,9672,7442,2163,1985,178,5279,19925,1738,1718,20,18187,,,,,,,,,,,,,,,,,,,,,,,,,,,,,,,,,,,,,,,,,,,,,,,,,,,,,,,,,,,,,,,,,,,,,,,,,,,,,,,,,,,,,,,,,,,,,,,,,,,,,,,,,,,,,,,,,,,,,,,,,,,,,,,,,,,,,,,,,,,,,,,,,,,,,,,,,,,,,,
ACSSF,2011e1,dc,000,0110,0000006,250706,110306,9042,1553,0,1553,799,754,7489,11773,7317,65,7252,4246,3006,4456,55873,44207,43,44164,34638,9526,11666,17535,9569,0,9569,7635,1934,7966,5224,1630,1587,43,3594,10859,1698,1619,79,9161,140400,10178,3054,6,3048,1985,1063,7124,13676,8348,0,8348,6296,2052,5328,66981,51753,106,51647,42938,8709,15228,22198,12526,0,12526,10849,1677,9672,7442,2163,1985,178,5279,19925,1738,1718,20,18187,,,,,,,,,,,,,,,,,,,,,,,,,,,,,,,,,,,,,,,,,,,,,,,,,,,,,,,,,,,,,,,,,,,,,,,,,,,,,,,,,,,,,,,,,,,,,,,,,,,,,,,,,,,,,,,,,,,,,,,,,,,,,,,,,,,,,,,,,,,,,,,,,,,,,,,,,,,,,,
ACSSF,2011e1,dc,000,0110,0000007,250706,110306,9042,1553,0,1553,799,754,7489,11773,7317,65,7252,4246,3006,4456,55873,44207,43,44164,34638,9526,11666,17535,9569,0,9569,7635,1934,7966,5224,1630,1587,43,3594,10859,1698,1619,79,9161,140400,10178,3054,6,3048,1985,1063,7124,13676,8348,0,8348,6296,2052,5328,66981,51753,106,51647,42938,8709,15228,22198,12526,0,12526,10849,1677,9672,7442,2163,1985,178,5279,19925,1738,1718,20,18187,,,,,,,,,,,,,,,,,,,,,,,,,,,,,,,,,,,,,,,,,,,,,,,,,,,,,,,,,,,,,,,,,,,,,,,,,,,,,,,,,,,,,,,,,,,,,,,,,,,,,,,,,,,,,,,,,,,,,,,,,,,,,,,,,,,,,,,,,,,,,,,,,,,,,,,,,,,,,,
ACSSF,2011e1,dc,000,0110,0000008,250706,110306,9042,1553,0,1553,799,754,7489,11773,7317,65,7252,4246,3006,4456,55873,44207,43,44164,34638,9526,11666,17535,9569,0,9569,7635,1934,7966,5224,1630,1587,43,3594,10859,1698,1619,79,9161,140400,10178,3054,6,3048,1985,1063,7124,13676,8348,0,8348,6296,2052,5328,66981,51753,106,51647,42938,8709,15228,22198,12526,0,12526,10849,1677,9672,7442,2163,1985,178,5279,19925,1738,1718,20,18187,,,,,,,,,,,,,,,,,,,,,,,,,,,,,,,,,,,,,,,,,,,,,,,,,,,,,,,,,,,,,,,,,,,,,,,,,,,,,,,,,,,,,,,,,,,,,,,,,,,,,,,,,,,,,,,,,,,,,,,,,,,,,,,,,,,,,,,,,,,,,,,,,,,,,,,,,,,,,,
ACSSF,2011e1,dc,000,0110,0000009,250706,110306,9042,1553,0,1553,799,754,7489,11773,7317,65,7252,4246,3006,4456,55873,44207,43,44164,34638,9526,11666,17535,9569,0,9569,7635,1934,7966,5224,1630,1587,43,3594,10859,1698,1619,79,9161,140400,10178,3054,6,3048,1985,1063,7124,13676,8348,0,8348,6296,2052,5328,66981,51753,106,51647,42938,8709,15228,22198,12526,0,12526,10849,1677,9672,7442,2163,1985,178,5279,19925,1738,1718,20,18187,,,,,,,,,,,,,,,,,,,,,,,,,,,,,,,,,,,,,,,,,,,,,,,,,,,,,,,,,,,,,,,,,,,,,,,,,,,,,,,,,,,,,,,,,,,,,,,,,,,,,,,,,,,,,,,,,,,,,,,,,,,,,,,,,,,,,,,,,,,,,,,,,,,,,,,,,,,,,,
ACSSF,2011e1,dc,000,0110,0000010,,,,,,,,,,,,,,,,,,,,,,,,,,,,,,,,,,,,,,,,,,,,,,,,,,,,,,,,,,,,,,,,,,,,,,,,,,,,,,,,,,,,,,,,,,,,,,,,,,,,,,,,,,,,,,,,,,,,,,,,,,,,,,,,,,,,,,,,,,,,,,,,,,,,,,,,,,,,,,,,,,,,,,,,,,,,,,,,,,,,,,,,,,,,,,,,,,,,,,,,,,,,,,,,,,,,,,,,,,,,,,,,,,,,,,,,,,,,,
ACSSF,2011e1,dc,000,0110,0000011,46094,19756,1246,64,0,64,64,0,1182,1321,1173,0,1173,782,391,148,10565,9038,0,9038,6686,2352,1527,3051,1914,0,1914,1654,260,1137,986,143,100,43,843,2587,451,451,0,2136,26338,1238,342,0,342,342,0,896,1361,1043,0,1043,1043,0,318,12748,10188,0,10188,8691,1497,2560,4814,3426,0,3426,3054,372,1388,1477,506,467,39,971,4700,750,750,0,3950,,,,,,,,,,,,,,,,,,,,,,,,,,,,,,,,,,,,,,,,,,,,,,,,,,,,,,,,,,,,,,,,,,,,,,,,,,,,,,,,,,,,,,,,,,,,,,,,,,,,,,,,,,,,,,,,,,,,,,,,,,,,,,,,,,,,,,,,,,,,,,,,,,,,,,,,,,,,,,
ACSSF,2011e1,dc,000,0110,0000012,62368,28504,2369,367,0,367,122,245,2002,2755,1938,0,1938,1049,889,817,14683,10348,43,10305,7878,2427,4335,4498,2607,0,2607,1743,864,1891,990,290,290,0,700,3209,404,325,79,2805,33864,1948,773,0,773,618,155,1175,2614,1815,0,1815,1121,694,799,14998,12025,53,11972,10039,1933,2973,6043,3599,0,3599,3133,466,2444,2288,774,690,84,1514,5973,299,279,20,5674,,,,,,,,,,,,,,,,,,,,,,,,,,,,,,,,,,,,,,,,,,,,,,,,,,,,,,,,,,,,,,,,,,,,,,,,,,,,,,,,,,,,,,,,,,,,,,,,,,,,,,,,,,,,,,,,,,,,,,,,,,,,,,,,,,,,,,,,,,,,,,,,,,,,,,,,,,,,,,
ACSSF,2011e1,dc,000,0110,0000013,106222,45190,4311,938,0,938,453,485,3373,5105,2791,65,2726,1395,1331,2314,23097,18776,0,18776,14890,3886,4321,6776,3541,0,3541,3017,524,3235,2295,729,729,0,1566,3606,502,502,0,3104,61032,5202,1449,6,1443,668,775,3753,6636,3953,0,3953,2767,1186,2683,31246,23549,53,23496,18574,4922,7697,8568,4261,0,4261,3706,555,4307,3028,491,491,0,2537,6352,588,588,0,5764,,,,,,,,,,,,,,,,,,,,,,,,,,,,,,,,,,,,,,,,,,,,,,,,,,,,,,,,,,,,,,,,,,,,,,,,,,,,,,,,,,,,,,,,,,,,,,,,,,,,,,,,,,,,,,,,,,,,,,,,,,,,,,,,,,,,,,,,,,,,,,,,,,,,,,,,,,,,,,
ACSSF,2011e1,dc,000,0110,0000014,30492,14282,871,184,0,184,160,24,687,2351,1415,0,1415,1020,395,936,6609,5136,0,5136,4362,774,1473,2656,1077,0,1077,791,286,1579,888,403,403,0,485,907,79,79,0,828,16210,1478,455,0,455,357,98,1023,2590,1168,0,1168,1064,104,1422,6656,4905,0,4905,4642,263,1751,2586,1067,0,1067,847,220,1519,649,392,337,55,257,2251,47,47,0,2204,,,,,,,,,,,,,,,,,,,,,,,,,,,,,,,,,,,,,,,,,,,,,,,,,,,,,,,,,,,,,,,,,,,,,,,,,,,,,,,,,,,,,,,,,,,,,,,,,,,,,,,,,,,,,,,,,,,,,,,,,,,,,,,,,,,,,,,,,,,,,,,,,,,,,,,,,,,,,,
ACSSF,2011e1,dc,000,0110,0000015,250706,110306,9042,1553,0,1553,799,754,7489,11773,7317,65,7252,4246,3006,4456,55873,44207,43,44164,34638,9526,11666,17535,9569,0,9569,7635,1934,7966,5224,1630,1587,43,3594,10859,1698,1619,79,9161,140400,10178,3054,6,3048,1985,1063,7124,13676,8348,0,8348,6296,2052,5328,66981,51753,106,51647,42938,8709,15228,22198,12526,0,12526,10849,1677,9672,7442,2163,1985,178,5279,19925,1738,1718,20,18187,,,,,,,,,,,,,,,,,,,,,,,,,,,,,,,,,,,,,,,,,,,,,,,,,,,,,,,,,,,,,,,,,,,,,,,,,,,,,,,,,,,,,,,,,,,,,,,,,,,,,,,,,,,,,,,,,,,,,,,,,,,,,,,,,,,,,,,,,,,,,,,,,,,,,,,,,,,,,,
