ACSSF,2011e1,dc,000,0004,0000001,617996,246505,309845,1956,22510,0,24420,12760,1315,11445,,,,,,,,,,,,,,,,,,,,,,,,,,,,,,,,,,,,,,,,,,,,,,,,,,,,,,,,,,,,,,,,,,,,,,,,257354,316520,4990,27444,449,26153,,,,,,,,,,,,,,,,,,,,,,,,,,,,,,,,,,,,,,,,,,,,,,,,,,,,,,,,,,,,,,,,,,,,,,,,,,,,,,,,,,,,,,,,,,,,,617996,605236,246505,309845,1956,22510,0,24420,12760,1315,11445,10638,3404,789,4060,569,1816,2090,32,,,,,,,,,,22510,5443,5192,2479,1138,2613,1656,3989,,,,,
ACSSF,2011e1,dc,000,0004,0000002,617996,246505,309845,1956,22510,0,24420,12760,1315,11445,,,,,,,,,,,,,,,,,,,,,,,,,,,,,,,,,,,,,,,,,,,,,,,,,,,,,,,,,,,,,,,,,,,,,,,,257354,316520,4990,27444,449,26153,,,,,,,,,,,,,,,,,,,,,,,,,,,,,,,,,,,,,,,,,,,,,,,,,,,,,,,,,,,,,,,,,,,,,,,,,,,,,,,,,,,,,,,,,,,,,617996,605236,246505,309845,1956,22510,0,24420,12760,1315,11445,10638,3404,789,4060,569,1816,2090,32,,,,,,,,,,22510,5443,5192,2479,1138,2613,1656,3989,,,,,
ACSSF,2011e1,dc,000,0004,0000003,617996,246505,309845,1956,22510,0,24420,12760,1315,11445,,,,,,,,,,,,,,,,,,,,,,,,,,,,,,,,,,,,,,,,,,,,,,,,,,,,,,,,,,,,,,,,,,,,,,,,257354,316520,4990,27444,449,26153,,,,,,,,,,,,,,,,,,,,,,,,,,,,,,,,,,,,,,,,,,,,,,,,,,,,,,,,,,,,,,,,,,,,,,,,,,,,,,,,,,,,,,,,,,,,,617996,605236,246505,309845,1956,22510,0,24420,12760,1315,11445,10638,3404,789,4060,569,1816,2090,32,,,,,,,,,,22510,5443,5192,2479,1138,2613,1656,3989,,,,,
ACSSF,2011e1,dc,000,0004,0000004,617996,246505,309845,1956,22510,0,24420,12760,1315,11445,,,,,,,,,,,,,,,,,,,,,,,,,,,,,,,,,,,,,,,,,,,,,,,,,,,,,,,,,,,,,,,,,,,,,,,,257354,316520,4990,27444,449,26153,,,,,,,,,,,,,,,,,,,,,,,,,,,,,,,,,,,,,,,,,,,,,,,,,,,,,,,,,,,,,,,,,,,,,,,,,,,,,,,,,,,,,,,,,,,,,617996,605236,246505,309845,1956,22510,0,24420,12760,1315,11445,10638,3404,789,4060,569,1816,2090,32,,,,,,,,,,22510,5443,5192,2479,1138,2613,1656,3989,,,,,
ACSSF,2011e1,dc,000,0004,0000005,617996,246505,309845,1956,22510,0,24420,12760,1315,11445,,,,,,,,,,,,,,,,,,,,,,,,,,,,,,,,,,,,,,,,,,,,,,,,,,,,,,,,,,,,,,,,,,,,,,,,257354,316520,4990,27444,449,26153,,,,,,,,,,,,,,,,,,,,,,,,,,,,,,,,,,,,,,,,,,,,,,,,,,,,,,,,,,,,,,,,,,,,,,,,,,,,,,,,,,,,,,,,,,,,,617996,605236,246505,309845,1956,22510,0,24420,12760,1315,11445,10638,3404,789,4060,569,1816,2090,32,,,,,,,,,,22510,5443,5192,2479,1138,2613,1656,3989,,,,,
ACSSF,2011e1,dc,000,0004,0000006,617996,246505,309845,1956,22510,0,24420,12760,1315,11445,,,,,,,,,,,,,,,,,,,,,,,,,,,,,,,,,,,,,,,,,,,,,,,,,,,,,,,,,,,,,,,,,,,,,,,,257354,316520,4990,27444,449,26153,,,,,,,,,,,,,,,,,,,,,,,,,,,,,,,,,,,,,,,,,,,,,,,,,,,,,,,,,,,,,,,,,,,,,,,,,,,,,,,,,,,,,,,,,,,,,617996,605236,246505,309845,1956,22510,0,24420,12760,1315,11445,10638,3404,789,4060,569,1816,2090,32,,,,,,,,,,22510,5443,5192,2479,1138,2613,1656,3989,,,,,
ACSSF,2011e1,dc,000,0004,0000007,617996,246505,309845,1956,22510,0,24420,12760,1315,11445,,,,,,,,,,,,,,,,,,,,,,,,,,,,,,,,,,,,,,,,,,,,,,,,,,,,,,,,,,,,,,,,,,,,,,,,257354,316520,4990,27444,449,26153,,,,,,,,,,,,,,,,,,,,,,,,,,,,,,,,,,,,,,,,,,,,,,,,,,,,,,,,,,,,,,,,,,,,,,,,,,,,,,,,,,,,,,,,,,,,,617996,605236,246505,309845,1956,22510,0,24420,12760,1315,11445,10638,3404,789,4060,569,1816,2090,32,,,,,,,,,,22510,5443,5192,2479,1138,2613,1656,3989,,,,,
ACSSF,2011e1,dc,000,0004,0000008,617996,246505,309845,1956,22510,0,24420,12760,1315,11445,,,,,,,,,,,,,,,,,,,,,,,,,,,,,,,,,,,,,,,,,,,,,,,,,,,,,,,,,,,,,,,,,,,,,,,,257354,316520,4990,27444,449,26153,,,,,,,,,,,,,,,,,,,,,,,,,,,,,,,,,,,,,,,,,,,,,,,,,,,,,,,,,,,,,,,,,,,,,,,,,,,,,,,,,,,,,,,,,,,,,617996,605236,246505,309845,1956,22510,0,24420,12760,1315,11445,10638,3404,789,4060,569,1816,2090,32,,,,,,,,,,22510,5443,5192,2479,1138,2613,1656,3989,,,,,
ACSSF,2011e1,dc,000,0004,0000009,617996,246505,309845,1956,22510,0,24420,12760,1315,11445,,,,,,,,,,,,,,,,,,,,,,,,,,,,,,,,,,,,,,,,,,,,,,,,,,,,,,,,,,,,,,,,,,,,,,,,257354,316520,4990,27444,449,26153,,,,,,,,,,,,,,,,,,,,,,,,,,,,,,,,,,,,,,,,,,,,,,,,,,,,,,,,,,,,,,,,,,,,,,,,,,,,,,,,,,,,,,,,,,,,,617996,605236,246505,309845,1956,22510,0,24420,12760,1315,11445,10638,3404,789,4060,569,1816,2090,32,,,,,,,,,,22510,5443,5192,2479,1138,2613,1656,3989,,,,,
ACSSF,2011e1,dc,000,0004,0000010,107960,90146,6139,138,5357,0,2731,3449,0,3449,,,,,,,,,,,,,,,,,,,,,,,,,,,,,,,,,,,,,,,,,,,,,,,,,,,,,,,,,,,,,,,,,,,,,,,,93556,7428,727,7167,,2731,,,,,,,,,,,,,,,,,,,,,,,,,,,,,,,,,,,,,,,,,,,,,,,,,,,,,,,,,,,,,,,,,,,,,,,,,,,,,,,,,,,,,,,,,,,,,107960,104511,90146,6139,138,5357,0,2731,3449,0,3449,3122,997,223,1736,39,127,327,0,,,,,,,,,,5357,762,1577,944,716,368,358,632,,,,,
ACSSF,2011e1,dc,000,0004,0000011,113679,36452,55383,639,4181,0,14156,2868,849,2019,,,,,,,,,,,,,,,,,,,,,,,,,,,,,,,,,,,,,,,,,,,,,,,,,,,,,,,,,,,,,,,,,,,,,,,,38500,56866,1137,5090,,15005,,,,,,,,,,,,,,,,,,,,,,,,,,,,,,,,,,,,,,,,,,,,,,,,,,,,,,,,,,,,,,,,,,,,,,,,,,,,,,,,,,,,,,,,,,,,,113679,110811,36452,55383,639,4181,0,14156,2868,849,2019,2658,688,118,689,253,910,210,0,,,,,,,,,,4181,695,375,337,67,371,639,1697,,,,,
ACSSF,2011e1,dc,000,0004,0000012,123563,41163,72481,327,3112,0,4113,2367,50,2317,,,,,,,,,,,,,,,,,,,,,,,,,,,,,,,,,,,,,,,,,,,,,,,,,,,,,,,,,,,,,,,,,,,,,,,,43127,74085,1201,3563,,4417,,,,,,,,,,,,,,,,,,,,,,,,,,,,,,,,,,,,,,,,,,,,,,,,,,,,,,,,,,,,,,,,,,,,,,,,,,,,,,,,,,,,,,,,,,,,,123563,121196,41163,72481,327,3112,0,4113,2367,50,2317,1741,661,266,416,185,213,626,0,,,,,,,,,,3112,1378,810,252,42,236,254,140,,,,,
ACSSF,2011e1,dc,000,0004,0000013,146978,2543,142151,186,313,0,371,1414,91,1323,,,,,,,,,,,,,,,,,,,,,,,,,,,,,,,,,,,,,,,,,,,,,,,,,,,,,,,,,,,,,,,,,,,,,,,,3494,143193,706,1024,,539,,,,,,,,,,,,,,,,,,,,,,,,,,,,,,,,,,,,,,,,,,,,,,,,,,,,,,,,,,,,,,,,,,,,,,,,,,,,,,,,,,,,,,,,,,,,,146978,145564,2543,142151,186,313,0,371,1414,91,1323,882,349,72,166,54,241,500,32,,,,,,,,,,,,,,,,,,,,,,
ACSSF,2011e1,dc,000,0004,0000014,125816,76201,33691,666,9547,0,3049,2662,325,2337,,,,,,,,,,,,,,,,,,,,,,,,,,,,,,,,,,,,,,,,,,,,,,,,,,,,,,,,,,,,,,,,,,,,,,,,78677,34948,1219,10600,,3461,,,,,,,,,,,,,,,,,,,,,,,,,,,,,,,,,,,,,,,,,,,,,,,,,,,,,,,,,,,,,,,,,,,,,,,,,,,,,,,,,,,,,,,,,,,,,125816,123154,76201,33691,666,9547,0,3049,2662,325,2337,2235,709,110,1053,38,325,427,0,,,,,,,,,,9547,2576,2430,715,313,1638,405,1470,,,,,
ACSSF,2011e1,dc,000,0004,0000015,617996,246505,309845,1956,22510,0,24420,12760,1315,11445,,,,,,,,,,,,,,,,,,,,,,,,,,,,,,,,,,,,,,,,,,,,,,,,,,,,,,,,,,,,,,,,,,,,,,,,257354,316520,4990,27444,449,26153,,,,,,,,,,,,,,,,,,,,,,,,,,,,,,,,,,,,,,,,,,,,,,,,,,,,,,,,,,,,,,,,,,,,,,,,,,,,,,,,,,,,,,,,,,,,,617996,605236,246505,309845,1956,22510,0,24420,12760,1315,11445,10638,3404,789,4060,569,1816,2090,32,,,,,,,,,,22510,5443,5192,2479,1138,2613,1656,3989,,,,,
