ACSSF,2011e1,dc,000,0175,0000001,617996,893,617103,617996,9641,608355,617996,12660,605336,617996,13344,604652,617996,534397,16587,517810,83599,14500,69099,93961,10362,1593,8769,83599,20113,63486,,,,,,,,31573,8796,22777,617996,96655,521341,611608,32432,579176,611608,121949,18404,3093,15311,103545,489659,306801,29296,277505,306801,28847,5207,23640,277954,306801,121413,12112,109301,185388,306801,292101,43468,248633,14700,306801,292101,38597,253504,14700,300956,4816,296140
ACSSF,2011e1,dc,000,0175,0000002,617996,893,617103,617996,9641,608355,617996,12660,605336,617996,13344,604652,617996,534397,16587,517810,83599,14500,69099,93961,10362,1593,8769,83599,20113,63486,,,,,,,,31573,8796,22777,617996,96655,521341,611608,32432,579176,611608,121949,18404,3093,15311,103545,489659,306801,29296,277505,306801,28847,5207,23640,277954,306801,121413,12112,109301,185388,306801,292101,43468,248633,14700,306801,292101,38597,253504,14700,300956,4816,296140
ACSSF,2011e1,dc,000,0175,0000003,617996,893,617103,617996,9641,608355,617996,12660,605336,617996,13344,604652,617996,534397,16587,517810,83599,14500,69099,93961,10362,1593,8769,83599,20113,63486,,,,,,,,31573,8796,22777,617996,96655,521341,611608,32432,579176,611608,121949,18404,3093,15311,103545,489659,306801,29296,277505,306801,28847,5207,23640,277954,306801,121413,12112,109301,185388,306801,292101,43468,248633,14700,306801,292101,38597,253504,14700,300956,4816,296140
ACSSF,2011e1,dc,000,0175,0000004,617996,893,617103,617996,9641,608355,617996,12660,605336,617996,13344,604652,617996,534397,16587,517810,83599,14500,69099,93961,10362,1593,8769,83599,20113,63486,,,,,,,,31573,8796,22777,617996,96655,521341,611608,32432,579176,611608,121949,18404,3093,15311,103545,489659,306801,29296,277505,306801,28847,5207,23640,277954,306801,121413,12112,109301,185388,306801,292101,43468,248633,14700,306801,292101,38597,253504,14700,300956,4816,296140
ACSSF,2011e1,dc,000,0175,0000005,617996,893,617103,617996,9641,608355,617996,12660,605336,617996,13344,604652,617996,534397,16587,517810,83599,14500,69099,93961,10362,1593,8769,83599,20113,63486,,,,,,,,31573,8796,22777,617996,96655,521341,611608,32432,579176,611608,121949,18404,3093,15311,103545,489659,306801,29296,277505,306801,28847,5207,23640,277954,306801,121413,12112,109301,185388,306801,292101,43468,248633,14700,306801,292101,38597,253504,14700,300956,4816,296140
ACSSF,2011e1,dc,000,0175,0000006,617996,893,617103,617996,9641,608355,617996,12660,605336,617996,13344,604652,617996,534397,16587,517810,83599,14500,69099,93961,10362,1593,8769,83599,20113,63486,,,,,,,,31573,8796,22777,617996,96655,521341,611608,32432,579176,611608,121949,18404,3093,15311,103545,489659,306801,29296,277505,306801,28847,5207,23640,277954,306801,121413,12112,109301,185388,306801,292101,43468,248633,14700,306801,292101,38597,253504,14700,300956,4816,296140
ACSSF,2011e1,dc,000,0175,0000007,617996,893,617103,617996,9641,608355,617996,12660,605336,617996,13344,604652,617996,534397,16587,517810,83599,14500,69099,93961,10362,1593,8769,83599,20113,63486,,,,,,,,31573,8796,22777,617996,96655,521341,611608,32432,579176,611608,121949,18404,3093,15311,103545,489659,306801,29296,277505,306801,28847,5207,23640,277954,306801,121413,12112,109301,185388,306801,292101,43468,248633,14700,306801,292101,38597,253504,14700,300956,4816,296140
ACSSF,2011e1,dc,000,0175,0000008,617996,893,617103,617996,9641,608355,617996,12660,605336,617996,13344,604652,617996,534397,16587,517810,83599,14500,69099,93961,10362,1593,8769,83599,20113,63486,,,,,,,,31573,8796,22777,617996,96655,521341,611608,32432,579176,611608,121949,18404,3093,15311,103545,489659,306801,29296,277505,306801,28847,5207,23640,277954,306801,121413,12112,109301,185388,306801,292101,43468,248633,14700,306801,292101,38597,253504,14700,300956,4816,296140
ACSSF,2011e1,dc,000,0175,0000009,617996,893,617103,617996,9641,608355,617996,12660,605336,617996,13344,604652,617996,534397,16587,517810,83599,14500,69099,93961,10362,1593,8769,83599,20113,63486,,,,,,,,31573,8796,22777,617996,96655,521341,611608,32432,579176,611608,121949,18404,3093,15311,103545,489659,306801,29296,277505,306801,28847,5207,23640,277954,306801,121413,12112,109301,185388,306801,292101,43468,248633,14700,306801,292101,38597,253504,14700,300956,4816,296140
ACSSF,2011e1,dc,000,0175,0000010,107960,515,107445,107960,2308,105652,107960,4125,103835,107960,2453,105507,107960,88981,3143,85838,18979,1672,17307,21506,2527,259,2268,18979,2475,16504,,,,,,,,7179,914,6265,107960,20939,87021,107251,6809,100442,107251,21241,2129,304,1825,19112,86010,57776,5013,52763,57776,3985,276,3709,53791,57776,28648,2894,25754,29128,57776,53781,7237,46544,3995,57776,53781,6224,47557,3995,57042,630,56412
ACSSF,2011e1,dc,000,0175,0000011,113679,35,113644,113679,1736,111943,113679,1550,112129,113679,1034,112645,113679,86894,3015,83879,26785,8401,18384,30023,3238,625,2613,26785,10058,16727,,,,,,,,9768,3835,5933,113679,23148,90531,112397,6787,105610,112397,17148,6123,345,5778,11025,95249,59807,6888,52919,59807,8066,1960,6106,51741,59807,23380,2592,20788,36427,59807,57506,10554,46952,2301,59807,57506,9841,47665,2301,59710,1422,58288
ACSSF,2011e1,dc,000,0175,0000012,123563,130,123433,123563,1768,121795,123563,1628,121935,123563,2922,120641,123563,112207,2245,109962,11356,1868,9488,12865,1509,257,1252,11356,2991,8365,,,,,,,,5381,1932,3449,123563,9371,114192,122267,6203,116064,122267,24775,3662,746,2916,21113,97492,61262,5064,56198,61262,5189,1048,4141,56073,61262,26221,2585,23636,35041,61262,58937,8320,50617,2325,61262,58937,7612,51325,2325,59280,482,58798
ACSSF,2011e1,dc,000,0175,0000013,146978,127,146851,146978,1447,145531,146978,828,146150,146978,3233,143745,146978,144123,3130,140993,2855,45,2810,3290,435,0,435,2855,162,2693,,,,,,,,1374,85,1289,146978,15213,131765,145103,5626,139477,145103,28774,2415,759,1656,26359,116329,49534,3816,45718,49534,4121,1043,3078,45413,49534,23496,1555,21941,26038,49534,47916,7180,40736,1618,49534,47916,5285,42631,1618,48635,286,48349
ACSSF,2011e1,dc,000,0175,0000014,125816,86,125730,125816,2382,123434,125816,4529,121287,125816,3702,122114,125816,102192,5054,97138,23624,2514,21110,26277,2653,452,2201,23624,4427,19197,,,,,,,,7871,2030,5841,125816,27984,97832,124590,7007,117583,124590,30011,4075,939,3136,25936,94579,78422,8515,69907,78422,7486,880,6606,70936,78422,19668,2486,17182,58754,78422,73961,10177,63784,4461,78422,73961,9635,64326,4461,76289,1996,74293
ACSSF,2011e1,dc,000,0175,0000015,617996,893,617103,617996,9641,608355,617996,12660,605336,617996,13344,604652,617996,534397,16587,517810,83599,14500,69099,93961,10362,1593,8769,83599,20113,63486,,,,,,,,31573,8796,22777,617996,96655,521341,611608,32432,579176,611608,121949,18404,3093,15311,103545,489659,306801,29296,277505,306801,28847,5207,23640,277954,306801,121413,12112,109301,185388,306801,292101,43468,248633,14700,306801,292101,38597,253504,14700,300956,4816,296140
