ACSSF,2011e1,dc,000,0058,0000001,523073,301047,143538,100428,85507,14921,43110,157509,107251,94594,12657,50258,132073,67050,52445,49369,3076,14605,65023,45706,42352,3354,19317,12519,5417,3816,2917,899,1601,7102,4853,4463,390,2249,27913,6051,1156,1018,138,4895,21862,4665,4154,511,17197,49521,22047,15307,13216,2091,6740,27474,17089,15250,1839,10385,30.7,30.1,,,,,,,,,,,,,,,,,,,529068,247251,146686,100565,5581,94984,281817,160356,121461,4113,117348,529068,247251,146686,100565,501,100064,281817,160356,121461,1439,120022,529068,247251,146686,100565,3042,97523,281817,160356,121461,1911,119550,12.3,12.1,12.4,7.9,16.4,12.4,12.4,10.1,18.3,529068,247251,146686,100565,83555,15322,1688,281817,160356,121461,103936,15719,1806
ACSSF,2011e1,dc,000,0058,0000002,523073,301047,143538,100428,85507,14921,43110,157509,107251,94594,12657,50258,132073,67050,52445,49369,3076,14605,65023,45706,42352,3354,19317,12519,5417,3816,2917,899,1601,7102,4853,4463,390,2249,27913,6051,1156,1018,138,4895,21862,4665,4154,511,17197,49521,22047,15307,13216,2091,6740,27474,17089,15250,1839,10385,,,,,,,,,,,,,,,,,,,,,,,,,,,,,,,,,,,,,,,,,,,,,,,,,,,,,,,,,,,,,,,,,,,,,,,,,,,
ACSSF,2011e1,dc,000,0058,0000003,523073,301047,143538,100428,85507,14921,43110,157509,107251,94594,12657,50258,132073,67050,52445,49369,3076,14605,65023,45706,42352,3354,19317,12519,5417,3816,2917,899,1601,7102,4853,4463,390,2249,27913,6051,1156,1018,138,4895,21862,4665,4154,511,17197,49521,22047,15307,13216,2091,6740,27474,17089,15250,1839,10385,,,,,,,,,,,,,,,,,,,,,,,,,,,,,,,,,,,,,,,,,,,,,,,,,,,,,,,,,,,,,,,,,,,,,,,,,,,
ACSSF,2011e1,dc,000,0058,0000004,523073,301047,143538,100428,85507,14921,43110,157509,107251,94594,12657,50258,132073,67050,52445,49369,3076,14605,65023,45706,42352,3354,19317,12519,5417,3816,2917,899,1601,7102,4853,4463,390,2249,27913,6051,1156,1018,138,4895,21862,4665,4154,511,17197,49521,22047,15307,13216,2091,6740,27474,17089,15250,1839,10385,,,,,,,,,,,,,,,,,,,,,,,,,,,,,,,,,,,,,,,,,,,,,,,,,,,,,,,,,,,,,,,,,,,,,,,,,,,
ACSSF,2011e1,dc,000,0058,0000005,523073,301047,143538,100428,85507,14921,43110,157509,107251,94594,12657,50258,132073,67050,52445,49369,3076,14605,65023,45706,42352,3354,19317,12519,5417,3816,2917,899,1601,7102,4853,4463,390,2249,27913,6051,1156,1018,138,4895,21862,4665,4154,511,17197,49521,22047,15307,13216,2091,6740,27474,17089,15250,1839,10385,,,,,,,,,,,,,,,,,,,,,,,,,,,,,,,,,,,,,,,,,,,,,,,,,,,,,,,,,,,,,,,,,,,,,,,,,,,
ACSSF,2011e1,dc,000,0058,0000006,523073,301047,143538,100428,85507,14921,43110,157509,107251,94594,12657,50258,132073,67050,52445,49369,3076,14605,65023,45706,42352,3354,19317,12519,5417,3816,2917,899,1601,7102,4853,4463,390,2249,27913,6051,1156,1018,138,4895,21862,4665,4154,511,17197,49521,22047,15307,13216,2091,6740,27474,17089,15250,1839,10385,,,,,,,,,,,,,,,,,,,,,,,,,,,,,,,,,,,,,,,,,,,,,,,,,,,,,,,,,,,,,,,,,,,,,,,,,,,
ACSSF,2011e1,dc,000,0058,0000007,523073,301047,143538,100428,85507,14921,43110,157509,107251,94594,12657,50258,132073,67050,52445,49369,3076,14605,65023,45706,42352,3354,19317,12519,5417,3816,2917,899,1601,7102,4853,4463,390,2249,27913,6051,1156,1018,138,4895,21862,4665,4154,511,17197,49521,22047,15307,13216,2091,6740,27474,17089,15250,1839,10385,,,,,,,,,,,,,,,,,,,,,,,,,,,,,,,,,,,,,,,,,,,,,,,,,,,,,,,,,,,,,,,,,,,,,,,,,,,
ACSSF,2011e1,dc,000,0058,0000008,523073,301047,143538,100428,85507,14921,43110,157509,107251,94594,12657,50258,132073,67050,52445,49369,3076,14605,65023,45706,42352,3354,19317,12519,5417,3816,2917,899,1601,7102,4853,4463,390,2249,27913,6051,1156,1018,138,4895,21862,4665,4154,511,17197,49521,22047,15307,13216,2091,6740,27474,17089,15250,1839,10385,,,,,,,,,,,,,,,,,,,,,,,,,,,,,,,,,,,,,,,,,,,,,,,,,,,,,,,,,,,,,,,,,,,,,,,,,,,
ACSSF,2011e1,dc,000,0058,0000009,523073,301047,143538,100428,85507,14921,43110,157509,107251,94594,12657,50258,132073,67050,52445,49369,3076,14605,65023,45706,42352,3354,19317,12519,5417,3816,2917,899,1601,7102,4853,4463,390,2249,27913,6051,1156,1018,138,4895,21862,4665,4154,511,17197,49521,22047,15307,13216,2091,6740,27474,17089,15250,1839,10385,,,,,,,,,,,,,,,,,,,,,,,,,,,,,,,,,,,,,,,,,,,,,,,,,,,,,,,,,,,,,,,,,,,,,,,,,,,
ACSSF,2011e1,dc,000,0058,0000010,92823,43625,17578,10488,9478,1010,7090,26047,16081,15577,504,9966,38692,19467,15374,15154,220,4093,19225,12934,12671,263,6291,574,35,35,35,0,0,539,539,539,0,0,3878,425,169,169,0,256,3453,436,347,89,3017,6054,1936,1446,1446,0,490,4118,3061,2902,159,1057,,,,,,,,,,,,,,,,,,,,,,,,,,,,,,,,,,,,,,,,,,,,,,,,,,,,,,,,,,,,,,,,,,,,,,,,,,,
ACSSF,2011e1,dc,000,0058,0000011,94159,51732,25658,19784,16691,3093,5874,26074,19910,17879,2031,6164,26191,13669,10690,9629,1061,2979,12522,9420,8051,1369,3102,2654,1047,940,889,51,107,1607,1353,1353,0,254,5887,1149,206,138,68,943,4738,1358,1149,209,3380,7695,2768,2217,1907,310,551,4927,3677,3173,504,1250,,,,,,,,,,,,,,,,,,,,,,,,,,,,,,,,,,,,,,,,,,,,,,,,,,,,,,,,,,,,,,,,,,,,,,,,,,,
ACSSF,2011e1,dc,000,0058,0000012,108023,59908,30207,20440,16614,3826,9767,29701,21561,18751,2810,8140,26585,13871,10915,9747,1168,2956,12714,9889,9272,617,2825,3108,1584,989,695,294,595,1524,652,554,98,872,7322,1748,229,229,0,1519,5574,1303,1252,51,4271,11100,4380,2598,2243,355,1782,6720,4289,3751,538,2431,,,,,,,,,,,,,,,,,,,,,,,,,,,,,,,,,,,,,,,,,,,,,,,,,,,,,,,,,,,,,,,,,,,,,,,,,,,
ACSSF,2011e1,dc,000,0058,0000013,110237,64783,27739,17323,12956,4367,10416,37044,22943,16836,6107,14101,17480,8479,5517,5103,414,2962,9001,5346,4876,470,3655,5049,2089,1350,893,457,739,2960,1924,1685,239,1036,8285,1875,322,252,70,1553,6410,1185,1023,162,5225,14640,7097,4542,3396,1146,2555,7543,4055,3494,561,3488,,,,,,,,,,,,,,,,,,,,,,,,,,,,,,,,,,,,,,,,,,,,,,,,,,,,,,,,,,,,,,,,,,,,,,,,,,,
ACSSF,2011e1,dc,000,0058,0000014,117831,80999,42356,32393,29768,2625,9963,38643,26756,25551,1205,11887,23125,11564,9949,9736,213,1615,11561,8117,7482,635,3444,1134,662,502,405,97,160,472,385,332,53,87,2541,854,230,230,0,624,1687,383,383,0,1304,10032,5866,4504,4224,280,1362,4166,2007,1930,77,2159,,,,,,,,,,,,,,,,,,,,,,,,,,,,,,,,,,,,,,,,,,,,,,,,,,,,,,,,,,,,,,,,,,,,,,,,,,,
ACSSF,2011e1,dc,000,0058,0000015,523073,301047,143538,100428,85507,14921,43110,157509,107251,94594,12657,50258,132073,67050,52445,49369,3076,14605,65023,45706,42352,3354,19317,12519,5417,3816,2917,899,1601,7102,4853,4463,390,2249,27913,6051,1156,1018,138,4895,21862,4665,4154,511,17197,49521,22047,15307,13216,2091,6740,27474,17089,15250,1839,10385,,,,,,,,,,,,,,,,,,,,,,,,,,,,,,,,,,,,,,,,,,,,,,,,,,,,,,,,,,,,,,,,,,,,,,,,,,,
