ACSSF,2011e1,dc,000,0075,0000001,,,,,,,,,,,,,,,,,,,,,,,,,,,,,,,,,,,,,,,,,,,,,,,,,,,,,,,,,,,,,,,,,,,,,,,,,,,,,,,,,,,114045,17608,2165,1145,15443,2022,1449,13421,10562,96437,55082,19738,41355,9106,4199,32249,17179,39394,774,463,385,311,0,0,311,145,38620,33409,11736,5211,1975,1266,3236,1364,65138,15752,1507,726,14245,1588,1015,12657,9964,49386,16063,5358,33323,6169,2024,27154,14711,,,,,,,,,,,,,,,,,,,,,,,,,,,,,,,,,,,,,,,,,,,,,,,,,,,,,,,,,,,,,,,,,,,,,,,,,,,,,,,,,,,,,,,,,,,,,,,,,,,,,,
ACSSF,2011e1,dc,000,0075,0000002,,,,,,,,,,,,,,,,,,,,,,,,,,,,,,,,,,,,,,,,,,,,,,,,,,,,,,,,,,,,,,,,,,,,,,,,,,,,,,,,,,,114045,17608,2165,1145,15443,2022,1449,13421,10562,96437,55082,19738,41355,9106,4199,32249,17179,39394,774,463,385,311,0,0,311,145,38620,33409,11736,5211,1975,1266,3236,1364,65138,15752,1507,726,14245,1588,1015,12657,9964,49386,16063,5358,33323,6169,2024,27154,14711,,,,,,,,,,,,,,,,,,,,,,,,,,,,,,,,,,,,,,,,,,,,,,,,,,,,,,,,,,,,,,,,,,,,,,,,,,,,,,,,,,,,,,,,,,,,,,,,,,,,,,
ACSSF,2011e1,dc,000,0075,0000003,,,,,,,,,,,,,,,,,,,,,,,,,,,,,,,,,,,,,,,,,,,,,,,,,,,,,,,,,,,,,,,,,,,,,,,,,,,,,,,,,,,114045,17608,2165,1145,15443,2022,1449,13421,10562,96437,55082,19738,41355,9106,4199,32249,17179,39394,774,463,385,311,0,0,311,145,38620,33409,11736,5211,1975,1266,3236,1364,65138,15752,1507,726,14245,1588,1015,12657,9964,49386,16063,5358,33323,6169,2024,27154,14711,,,,,,,,,,,,,,,,,,,,,,,,,,,,,,,,,,,,,,,,,,,,,,,,,,,,,,,,,,,,,,,,,,,,,,,,,,,,,,,,,,,,,,,,,,,,,,,,,,,,,,
ACSSF,2011e1,dc,000,0075,0000004,,,,,,,,,,,,,,,,,,,,,,,,,,,,,,,,,,,,,,,,,,,,,,,,,,,,,,,,,,,,,,,,,,,,,,,,,,,,,,,,,,,114045,17608,2165,1145,15443,2022,1449,13421,10562,96437,55082,19738,41355,9106,4199,32249,17179,39394,774,463,385,311,0,0,311,145,38620,33409,11736,5211,1975,1266,3236,1364,65138,15752,1507,726,14245,1588,1015,12657,9964,49386,16063,5358,33323,6169,2024,27154,14711,,,,,,,,,,,,,,,,,,,,,,,,,,,,,,,,,,,,,,,,,,,,,,,,,,,,,,,,,,,,,,,,,,,,,,,,,,,,,,,,,,,,,,,,,,,,,,,,,,,,,,
ACSSF,2011e1,dc,000,0075,0000005,,,,,,,,,,,,,,,,,,,,,,,,,,,,,,,,,,,,,,,,,,,,,,,,,,,,,,,,,,,,,,,,,,,,,,,,,,,,,,,,,,,114045,17608,2165,1145,15443,2022,1449,13421,10562,96437,55082,19738,41355,9106,4199,32249,17179,39394,774,463,385,311,0,0,311,145,38620,33409,11736,5211,1975,1266,3236,1364,65138,15752,1507,726,14245,1588,1015,12657,9964,49386,16063,5358,33323,6169,2024,27154,14711,,,,,,,,,,,,,,,,,,,,,,,,,,,,,,,,,,,,,,,,,,,,,,,,,,,,,,,,,,,,,,,,,,,,,,,,,,,,,,,,,,,,,,,,,,,,,,,,,,,,,,
ACSSF,2011e1,dc,000,0075,0000006,,,,,,,,,,,,,,,,,,,,,,,,,,,,,,,,,,,,,,,,,,,,,,,,,,,,,,,,,,,,,,,,,,,,,,,,,,,,,,,,,,,114045,17608,2165,1145,15443,2022,1449,13421,10562,96437,55082,19738,41355,9106,4199,32249,17179,39394,774,463,385,311,0,0,311,145,38620,33409,11736,5211,1975,1266,3236,1364,65138,15752,1507,726,14245,1588,1015,12657,9964,49386,16063,5358,33323,6169,2024,27154,14711,,,,,,,,,,,,,,,,,,,,,,,,,,,,,,,,,,,,,,,,,,,,,,,,,,,,,,,,,,,,,,,,,,,,,,,,,,,,,,,,,,,,,,,,,,,,,,,,,,,,,,
ACSSF,2011e1,dc,000,0075,0000007,,,,,,,,,,,,,,,,,,,,,,,,,,,,,,,,,,,,,,,,,,,,,,,,,,,,,,,,,,,,,,,,,,,,,,,,,,,,,,,,,,,114045,17608,2165,1145,15443,2022,1449,13421,10562,96437,55082,19738,41355,9106,4199,32249,17179,39394,774,463,385,311,0,0,311,145,38620,33409,11736,5211,1975,1266,3236,1364,65138,15752,1507,726,14245,1588,1015,12657,9964,49386,16063,5358,33323,6169,2024,27154,14711,,,,,,,,,,,,,,,,,,,,,,,,,,,,,,,,,,,,,,,,,,,,,,,,,,,,,,,,,,,,,,,,,,,,,,,,,,,,,,,,,,,,,,,,,,,,,,,,,,,,,,
ACSSF,2011e1,dc,000,0075,0000008,,,,,,,,,,,,,,,,,,,,,,,,,,,,,,,,,,,,,,,,,,,,,,,,,,,,,,,,,,,,,,,,,,,,,,,,,,,,,,,,,,,114045,17608,2165,1145,15443,2022,1449,13421,10562,96437,55082,19738,41355,9106,4199,32249,17179,39394,774,463,385,311,0,0,311,145,38620,33409,11736,5211,1975,1266,3236,1364,65138,15752,1507,726,14245,1588,1015,12657,9964,49386,16063,5358,33323,6169,2024,27154,14711,,,,,,,,,,,,,,,,,,,,,,,,,,,,,,,,,,,,,,,,,,,,,,,,,,,,,,,,,,,,,,,,,,,,,,,,,,,,,,,,,,,,,,,,,,,,,,,,,,,,,,
ACSSF,2011e1,dc,000,0075,0000009,,,,,,,,,,,,,,,,,,,,,,,,,,,,,,,,,,,,,,,,,,,,,,,,,,,,,,,,,,,,,,,,,,,,,,,,,,,,,,,,,,,114045,17608,2165,1145,15443,2022,1449,13421,10562,96437,55082,19738,41355,9106,4199,32249,17179,39394,774,463,385,311,0,0,311,145,38620,33409,11736,5211,1975,1266,3236,1364,65138,15752,1507,726,14245,1588,1015,12657,9964,49386,16063,5358,33323,6169,2024,27154,14711,,,,,,,,,,,,,,,,,,,,,,,,,,,,,,,,,,,,,,,,,,,,,,,,,,,,,,,,,,,,,,,,,,,,,,,,,,,,,,,,,,,,,,,,,,,,,,,,,,,,,,
ACSSF,2011e1,dc,000,0075,0000010,,,,,,,,,,,,,,,,,,,,,,,,,,,,,,,,,,,,,,,,,,,,,,,,,,,,,,,,,,,,,,,,,,,,,,,,,,,,,,,,,,,,,,,,,,,,,,,,,,,,,,,,,,,,,,,,,,,,,,,,,,,,,,,,,,,,,,,,,,,,,,,,,,,,,,,,,,,,,,,,,,,,,,,,,,,,,,,,,,,,,,,,,,,,,,,,,,,,,,,,,,,,,,,,,,,,,,,,,,,,,,,,,,,,,,,,,,,
ACSSF,2011e1,dc,000,0075,0000011,,,,,,,,,,,,,,,,,,,,,,,,,,,,,,,,,,,,,,,,,,,,,,,,,,,,,,,,,,,,,,,,,,,,,,,,,,,,,,,,,,,21375,2665,536,248,2129,288,288,1841,1262,18710,9949,4782,8761,2518,1524,6243,3146,5103,265,0,0,265,0,0,265,145,4838,3696,1713,1142,438,345,704,433,12229,2057,480,214,1577,169,169,1408,949,10172,4284,1643,5888,1332,484,4556,2080,,,,,,,,,,,,,,,,,,,,,,,,,,,,,,,,,,,,,,,,,,,,,,,,,,,,,,,,,,,,,,,,,,,,,,,,,,,,,,,,,,,,,,,,,,,,,,,,,,,,,,
ACSSF,2011e1,dc,000,0075,0000012,,,,,,,,,,,,,,,,,,,,,,,,,,,,,,,,,,,,,,,,,,,,,,,,,,,,,,,,,,,,,,,,,,,,,,,,,,,,,,,,,,,22937,2442,208,67,2234,458,67,1776,1335,20495,10972,3363,9523,1858,919,7665,3691,,,,,,,,,,,,,,,,,,14450,2112,167,67,1945,458,67,1487,1092,12338,3911,1224,8427,1540,699,6887,3304,,,,,,,,,,,,,,,,,,,,,,,,,,,,,,,,,,,,,,,,,,,,,,,,,,,,,,,,,,,,,,,,,,,,,,,,,,,,,,,,,,,,,,,,,,,,,,,,,,,,,,
ACSSF,2011e1,dc,000,0075,0000013,,,,,,,,,,,,,,,,,,,,,,,,,,,,,,,,,,,,,,,,,,,,,,,,,,,,,,,,,,,,,,,,,,,,,,,,,,,,,,,,,,,32824,10587,665,354,9922,958,776,8964,7313,22237,6696,2469,15541,2365,797,13176,8180,,,,,,,,,,,,,,,,,,31904,10513,665,354,9848,926,744,8922,7271,21391,6142,2154,15249,2314,746,12935,7975,,,,,,,,,,,,,,,,,,,,,,,,,,,,,,,,,,,,,,,,,,,,,,,,,,,,,,,,,,,,,,,,,,,,,,,,,,,,,,,,,,,,,,,,,,,,,,,,,,,,,,
ACSSF,2011e1,dc,000,0075,0000014,,,,,,,,,,,,,,,,,,,,,,,,,,,,,,,,,,,,,,,,,,,,,,,,,,,,,,,,,,,,,,,,,,,,,,,,,,,,,,,,,,,16442,1703,678,476,1025,318,318,707,519,14739,9222,1871,5517,1974,689,3543,1428,8786,385,385,385,0,0,0,0,0,8401,6667,1353,1734,1055,594,679,139,5573,937,195,91,742,35,35,707,519,4636,1129,207,3507,919,95,2588,1164,,,,,,,,,,,,,,,,,,,,,,,,,,,,,,,,,,,,,,,,,,,,,,,,,,,,,,,,,,,,,,,,,,,,,,,,,,,,,,,,,,,,,,,,,,,,,,,,,,,,,,
ACSSF,2011e1,dc,000,0075,0000015,,,,,,,,,,,,,,,,,,,,,,,,,,,,,,,,,,,,,,,,,,,,,,,,,,,,,,,,,,,,,,,,,,,,,,,,,,,,,,,,,,,114045,17608,2165,1145,15443,2022,1449,13421,10562,96437,55082,19738,41355,9106,4199,32249,17179,39394,774,463,385,311,0,0,311,145,38620,33409,11736,5211,1975,1266,3236,1364,65138,15752,1507,726,14245,1588,1015,12657,9964,49386,16063,5358,33323,6169,2024,27154,14711,,,,,,,,,,,,,,,,,,,,,,,,,,,,,,,,,,,,,,,,,,,,,,,,,,,,,,,,,,,,,,,,,,,,,,,,,,,,,,,,,,,,,,,,,,,,,,,,,,,,,,
