ACSSF,2011e1,dc,000,0119,0000001,,,,,,,,,,,,,,,,,,,,,,,,,,,,,,,,,,,,,,,,,,,,,,,,,,,,,,,,,,,,,,,,,,,,,,,,,,,,,,,,,,,,,,,,,,,,,,,,,,,,,,,,,,,,,,,,,,,,,,,,,,,,,,,,,,,,,,,,,,,,,,,,,,,143840,73724,60863,24687,13827,10860,12062,6683,1241,4138,21823,1475,8594,5605,6149,2291,2291,0,4766,125,1201,636,565,2218,24,1198,6794,2821,3973,781,17,516,248,520,106,414,0,70116,57387,23916,14025,9891,9294,4561,484,4249,21495,1496,6635,6417,6947,2682,2359,323,3089,476,356,219,137,849,108,1300,9425,3291,6134,21,0,21,0,194,194,0,0
ACSSF,2011e1,dc,000,0119,0000002,,,,,,,,,,,,,,,,,,,,,,,,,,,,,,,,,,,,,,,,,,,,,,,,,,,,,,,,,,,,,,,,,,,,,,,,,,,,,,,,,,,,,,,,,,,,,,,,,,,,,,,,,,,,,,,,,,,,,,,,,,,,,,,,,,,,,,,,,,,,,,,,,,,143840,73724,60863,24687,13827,10860,12062,6683,1241,4138,21823,1475,8594,5605,6149,2291,2291,0,4766,125,1201,636,565,2218,24,1198,6794,2821,3973,781,17,516,248,520,106,414,0,70116,57387,23916,14025,9891,9294,4561,484,4249,21495,1496,6635,6417,6947,2682,2359,323,3089,476,356,219,137,849,108,1300,9425,3291,6134,21,0,21,0,194,194,0,0
ACSSF,2011e1,dc,000,0119,0000003,,,,,,,,,,,,,,,,,,,,,,,,,,,,,,,,,,,,,,,,,,,,,,,,,,,,,,,,,,,,,,,,,,,,,,,,,,,,,,,,,,,,,,,,,,,,,,,,,,,,,,,,,,,,,,,,,,,,,,,,,,,,,,,,,,,,,,,,,,,,,,,,,,,143840,73724,60863,24687,13827,10860,12062,6683,1241,4138,21823,1475,8594,5605,6149,2291,2291,0,4766,125,1201,636,565,2218,24,1198,6794,2821,3973,781,17,516,248,520,106,414,0,70116,57387,23916,14025,9891,9294,4561,484,4249,21495,1496,6635,6417,6947,2682,2359,323,3089,476,356,219,137,849,108,1300,9425,3291,6134,21,0,21,0,194,194,0,0
ACSSF,2011e1,dc,000,0119,0000004,,,,,,,,,,,,,,,,,,,,,,,,,,,,,,,,,,,,,,,,,,,,,,,,,,,,,,,,,,,,,,,,,,,,,,,,,,,,,,,,,,,,,,,,,,,,,,,,,,,,,,,,,,,,,,,,,,,,,,,,,,,,,,,,,,,,,,,,,,,,,,,,,,,143840,73724,60863,24687,13827,10860,12062,6683,1241,4138,21823,1475,8594,5605,6149,2291,2291,0,4766,125,1201,636,565,2218,24,1198,6794,2821,3973,781,17,516,248,520,106,414,0,70116,57387,23916,14025,9891,9294,4561,484,4249,21495,1496,6635,6417,6947,2682,2359,323,3089,476,356,219,137,849,108,1300,9425,3291,6134,21,0,21,0,194,194,0,0
ACSSF,2011e1,dc,000,0119,0000005,,,,,,,,,,,,,,,,,,,,,,,,,,,,,,,,,,,,,,,,,,,,,,,,,,,,,,,,,,,,,,,,,,,,,,,,,,,,,,,,,,,,,,,,,,,,,,,,,,,,,,,,,,,,,,,,,,,,,,,,,,,,,,,,,,,,,,,,,,,,,,,,,,,143840,73724,60863,24687,13827,10860,12062,6683,1241,4138,21823,1475,8594,5605,6149,2291,2291,0,4766,125,1201,636,565,2218,24,1198,6794,2821,3973,781,17,516,248,520,106,414,0,70116,57387,23916,14025,9891,9294,4561,484,4249,21495,1496,6635,6417,6947,2682,2359,323,3089,476,356,219,137,849,108,1300,9425,3291,6134,21,0,21,0,194,194,0,0
ACSSF,2011e1,dc,000,0119,0000006,,,,,,,,,,,,,,,,,,,,,,,,,,,,,,,,,,,,,,,,,,,,,,,,,,,,,,,,,,,,,,,,,,,,,,,,,,,,,,,,,,,,,,,,,,,,,,,,,,,,,,,,,,,,,,,,,,,,,,,,,,,,,,,,,,,,,,,,,,,,,,,,,,,143840,73724,60863,24687,13827,10860,12062,6683,1241,4138,21823,1475,8594,5605,6149,2291,2291,0,4766,125,1201,636,565,2218,24,1198,6794,2821,3973,781,17,516,248,520,106,414,0,70116,57387,23916,14025,9891,9294,4561,484,4249,21495,1496,6635,6417,6947,2682,2359,323,3089,476,356,219,137,849,108,1300,9425,3291,6134,21,0,21,0,194,194,0,0
ACSSF,2011e1,dc,000,0119,0000007,,,,,,,,,,,,,,,,,,,,,,,,,,,,,,,,,,,,,,,,,,,,,,,,,,,,,,,,,,,,,,,,,,,,,,,,,,,,,,,,,,,,,,,,,,,,,,,,,,,,,,,,,,,,,,,,,,,,,,,,,,,,,,,,,,,,,,,,,,,,,,,,,,,143840,73724,60863,24687,13827,10860,12062,6683,1241,4138,21823,1475,8594,5605,6149,2291,2291,0,4766,125,1201,636,565,2218,24,1198,6794,2821,3973,781,17,516,248,520,106,414,0,70116,57387,23916,14025,9891,9294,4561,484,4249,21495,1496,6635,6417,6947,2682,2359,323,3089,476,356,219,137,849,108,1300,9425,3291,6134,21,0,21,0,194,194,0,0
ACSSF,2011e1,dc,000,0119,0000008,,,,,,,,,,,,,,,,,,,,,,,,,,,,,,,,,,,,,,,,,,,,,,,,,,,,,,,,,,,,,,,,,,,,,,,,,,,,,,,,,,,,,,,,,,,,,,,,,,,,,,,,,,,,,,,,,,,,,,,,,,,,,,,,,,,,,,,,,,,,,,,,,,,143840,73724,60863,24687,13827,10860,12062,6683,1241,4138,21823,1475,8594,5605,6149,2291,2291,0,4766,125,1201,636,565,2218,24,1198,6794,2821,3973,781,17,516,248,520,106,414,0,70116,57387,23916,14025,9891,9294,4561,484,4249,21495,1496,6635,6417,6947,2682,2359,323,3089,476,356,219,137,849,108,1300,9425,3291,6134,21,0,21,0,194,194,0,0
ACSSF,2011e1,dc,000,0119,0000009,,,,,,,,,,,,,,,,,,,,,,,,,,,,,,,,,,,,,,,,,,,,,,,,,,,,,,,,,,,,,,,,,,,,,,,,,,,,,,,,,,,,,,,,,,,,,,,,,,,,,,,,,,,,,,,,,,,,,,,,,,,,,,,,,,,,,,,,,,,,,,,,,,,143840,73724,60863,24687,13827,10860,12062,6683,1241,4138,21823,1475,8594,5605,6149,2291,2291,0,4766,125,1201,636,565,2218,24,1198,6794,2821,3973,781,17,516,248,520,106,414,0,70116,57387,23916,14025,9891,9294,4561,484,4249,21495,1496,6635,6417,6947,2682,2359,323,3089,476,356,219,137,849,108,1300,9425,3291,6134,21,0,21,0,194,194,0,0
ACSSF,2011e1,dc,000,0119,0000010,,,,,,,,,,,,,,,,,,,,,,,,,,,,,,,,,,,,,,,,,,,,,,,,,,,,,,,,,,,,,,,,,,,,,,,,,,,,,,,,,,,,,,,,,,,,,,,,,,,,,,,,,,,,,,,,,,,,,,,,,,,,,,,,,,,,,,,,,,,,,,,,,,,46336,21518,18426,7603,4294,3309,2171,1008,283,880,7423,510,3235,1875,1803,1229,1229,0,853,0,290,290,0,419,0,144,1962,736,1226,187,0,72,115,90,0,90,0,24818,19340,7637,5302,2335,3006,1170,135,1701,7471,599,1762,2685,2425,1226,1061,165,839,67,135,135,0,62,0,575,4639,1521,3118,0,0,0,0,0,0,0,0
ACSSF,2011e1,dc,000,0119,0000011,,,,,,,,,,,,,,,,,,,,,,,,,,,,,,,,,,,,,,,,,,,,,,,,,,,,,,,,,,,,,,,,,,,,,,,,,,,,,,,,,,,,,,,,,,,,,,,,,,,,,,,,,,,,,,,,,,,,,,,,,,,,,,,,,,,,,,,,,,,,,,,,,,,,,,,,,,,,,,,,,,,,,,,,,,,,,,,,,,,,,,,,,,,,,,,,,,,,,,,,,,,,,,,,,,,,,,,,,,,
ACSSF,2011e1,dc,000,0119,0000012,,,,,,,,,,,,,,,,,,,,,,,,,,,,,,,,,,,,,,,,,,,,,,,,,,,,,,,,,,,,,,,,,,,,,,,,,,,,,,,,,,,,,,,,,,,,,,,,,,,,,,,,,,,,,,,,,,,,,,,,,,,,,,,,,,,,,,,,,,,,,,,,,,,28236,14499,11509,4507,2712,1795,2461,1412,236,813,4386,77,1617,1022,1670,155,155,0,427,0,91,45,46,190,0,146,2054,800,1254,307,0,205,102,202,67,135,0,13737,10893,4375,2672,1703,1653,872,158,623,4180,372,1257,1347,1204,685,632,53,1122,121,201,64,137,469,89,242,1653,486,1167,21,0,21,0,48,48,0,0
ACSSF,2011e1,dc,000,0119,0000013,,,,,,,,,,,,,,,,,,,,,,,,,,,,,,,,,,,,,,,,,,,,,,,,,,,,,,,,,,,,,,,,,,,,,,,,,,,,,,,,,,,,,,,,,,,,,,,,,,,,,,,,,,,,,,,,,,,,,,,,,,,,,,,,,,,,,,,,,,,,,,,,,,,,,,,,,,,,,,,,,,,,,,,,,,,,,,,,,,,,,,,,,,,,,,,,,,,,,,,,,,,,,,,,,,,,,,,,,,,
ACSSF,2011e1,dc,000,0119,0000014,,,,,,,,,,,,,,,,,,,,,,,,,,,,,,,,,,,,,,,,,,,,,,,,,,,,,,,,,,,,,,,,,,,,,,,,,,,,,,,,,,,,,,,,,,,,,,,,,,,,,,,,,,,,,,,,,,,,,,,,,,,,,,,,,,,,,,,,,,,,,,,,,,,48802,27359,21884,8713,4298,4415,5446,3056,539,1851,7082,515,2979,1556,2032,643,643,0,2760,125,598,79,519,1163,0,874,2447,1198,1249,179,0,179,0,89,0,89,0,21443,18819,8083,3996,4087,3279,1936,37,1306,7056,253,2994,1438,2371,401,356,45,296,0,0,0,0,36,19,241,2224,849,1375,0,0,0,0,104,104,0,0
ACSSF,2011e1,dc,000,0119,0000015,,,,,,,,,,,,,,,,,,,,,,,,,,,,,,,,,,,,,,,,,,,,,,,,,,,,,,,,,,,,,,,,,,,,,,,,,,,,,,,,,,,,,,,,,,,,,,,,,,,,,,,,,,,,,,,,,,,,,,,,,,,,,,,,,,,,,,,,,,,,,,,,,,,143840,73724,60863,24687,13827,10860,12062,6683,1241,4138,21823,1475,8594,5605,6149,2291,2291,0,4766,125,1201,636,565,2218,24,1198,6794,2821,3973,781,17,516,248,520,106,414,0,70116,57387,23916,14025,9891,9294,4561,484,4249,21495,1496,6635,6417,6947,2682,2359,323,3089,476,356,219,137,849,108,1300,9425,3291,6134,21,0,21,0,194,194,0,0
