ACSSF,2011e1,dc,000,0087,0000001,126754,4303,1249,436,633,40,731,0,193,125,197,216,0,198,285,0,0,0,40713,7318,1800,1524,2335,1762,2305,2069,2526,1338,3073,3312,5074,2374,1247,1723,933,50302,8356,2870,2381,2631,1729,2885,1817,2859,2004,3335,5188,5081,4241,1667,1717,1541,31436,4408,4216,2890,2689,1667,1437,1555,1200,1493,2126,2257,2103,1743,599,519,534,,,,,,,,,,,,,,,,,,,,,,,,,,,,,,,,,,,,,,,,,,,,,,,,,,,,,,,,,,,,,,,,,,,,,,,,,,,,,,,,,,,,,,,,,,,,,,,,,,,,,,,,,,,,,,,,,,,,,,,,,,,,,,,,,,,,,,,,,,
ACSSF,2011e1,dc,000,0087,0000002,126754,4303,1249,436,633,40,731,0,193,125,197,216,0,198,285,0,0,0,40713,7318,1800,1524,2335,1762,2305,2069,2526,1338,3073,3312,5074,2374,1247,1723,933,50302,8356,2870,2381,2631,1729,2885,1817,2859,2004,3335,5188,5081,4241,1667,1717,1541,31436,4408,4216,2890,2689,1667,1437,1555,1200,1493,2126,2257,2103,1743,599,519,534,,,,,,,,,,,,,,,,,,,,,,,,,,,,,,,,,,,,,,,,,,,,,,,,,,,,,,,,,,,,,,,,,,,,,,,,,,,,,,,,,,,,,,,,,,,,,,,,,,,,,,,,,,,,,,,,,,,,,,,,,,,,,,,,,,,,,,,,,,
ACSSF,2011e1,dc,000,0087,0000003,126754,4303,1249,436,633,40,731,0,193,125,197,216,0,198,285,0,0,0,40713,7318,1800,1524,2335,1762,2305,2069,2526,1338,3073,3312,5074,2374,1247,1723,933,50302,8356,2870,2381,2631,1729,2885,1817,2859,2004,3335,5188,5081,4241,1667,1717,1541,31436,4408,4216,2890,2689,1667,1437,1555,1200,1493,2126,2257,2103,1743,599,519,534,,,,,,,,,,,,,,,,,,,,,,,,,,,,,,,,,,,,,,,,,,,,,,,,,,,,,,,,,,,,,,,,,,,,,,,,,,,,,,,,,,,,,,,,,,,,,,,,,,,,,,,,,,,,,,,,,,,,,,,,,,,,,,,,,,,,,,,,,,
ACSSF,2011e1,dc,000,0087,0000004,126754,4303,1249,436,633,40,731,0,193,125,197,216,0,198,285,0,0,0,40713,7318,1800,1524,2335,1762,2305,2069,2526,1338,3073,3312,5074,2374,1247,1723,933,50302,8356,2870,2381,2631,1729,2885,1817,2859,2004,3335,5188,5081,4241,1667,1717,1541,31436,4408,4216,2890,2689,1667,1437,1555,1200,1493,2126,2257,2103,1743,599,519,534,,,,,,,,,,,,,,,,,,,,,,,,,,,,,,,,,,,,,,,,,,,,,,,,,,,,,,,,,,,,,,,,,,,,,,,,,,,,,,,,,,,,,,,,,,,,,,,,,,,,,,,,,,,,,,,,,,,,,,,,,,,,,,,,,,,,,,,,,,
ACSSF,2011e1,dc,000,0087,0000005,126754,4303,1249,436,633,40,731,0,193,125,197,216,0,198,285,0,0,0,40713,7318,1800,1524,2335,1762,2305,2069,2526,1338,3073,3312,5074,2374,1247,1723,933,50302,8356,2870,2381,2631,1729,2885,1817,2859,2004,3335,5188,5081,4241,1667,1717,1541,31436,4408,4216,2890,2689,1667,1437,1555,1200,1493,2126,2257,2103,1743,599,519,534,,,,,,,,,,,,,,,,,,,,,,,,,,,,,,,,,,,,,,,,,,,,,,,,,,,,,,,,,,,,,,,,,,,,,,,,,,,,,,,,,,,,,,,,,,,,,,,,,,,,,,,,,,,,,,,,,,,,,,,,,,,,,,,,,,,,,,,,,,
ACSSF,2011e1,dc,000,0087,0000006,126754,4303,1249,436,633,40,731,0,193,125,197,216,0,198,285,0,0,0,40713,7318,1800,1524,2335,1762,2305,2069,2526,1338,3073,3312,5074,2374,1247,1723,933,50302,8356,2870,2381,2631,1729,2885,1817,2859,2004,3335,5188,5081,4241,1667,1717,1541,31436,4408,4216,2890,2689,1667,1437,1555,1200,1493,2126,2257,2103,1743,599,519,534,,,,,,,,,,,,,,,,,,,,,,,,,,,,,,,,,,,,,,,,,,,,,,,,,,,,,,,,,,,,,,,,,,,,,,,,,,,,,,,,,,,,,,,,,,,,,,,,,,,,,,,,,,,,,,,,,,,,,,,,,,,,,,,,,,,,,,,,,,
ACSSF,2011e1,dc,000,0087,0000007,126754,4303,1249,436,633,40,731,0,193,125,197,216,0,198,285,0,0,0,40713,7318,1800,1524,2335,1762,2305,2069,2526,1338,3073,3312,5074,2374,1247,1723,933,50302,8356,2870,2381,2631,1729,2885,1817,2859,2004,3335,5188,5081,4241,1667,1717,1541,31436,4408,4216,2890,2689,1667,1437,1555,1200,1493,2126,2257,2103,1743,599,519,534,,,,,,,,,,,,,,,,,,,,,,,,,,,,,,,,,,,,,,,,,,,,,,,,,,,,,,,,,,,,,,,,,,,,,,,,,,,,,,,,,,,,,,,,,,,,,,,,,,,,,,,,,,,,,,,,,,,,,,,,,,,,,,,,,,,,,,,,,,
ACSSF,2011e1,dc,000,0087,0000008,126754,4303,1249,436,633,40,731,0,193,125,197,216,0,198,285,0,0,0,40713,7318,1800,1524,2335,1762,2305,2069,2526,1338,3073,3312,5074,2374,1247,1723,933,50302,8356,2870,2381,2631,1729,2885,1817,2859,2004,3335,5188,5081,4241,1667,1717,1541,31436,4408,4216,2890,2689,1667,1437,1555,1200,1493,2126,2257,2103,1743,599,519,534,,,,,,,,,,,,,,,,,,,,,,,,,,,,,,,,,,,,,,,,,,,,,,,,,,,,,,,,,,,,,,,,,,,,,,,,,,,,,,,,,,,,,,,,,,,,,,,,,,,,,,,,,,,,,,,,,,,,,,,,,,,,,,,,,,,,,,,,,,
ACSSF,2011e1,dc,000,0087,0000009,126754,4303,1249,436,633,40,731,0,193,125,197,216,0,198,285,0,0,0,40713,7318,1800,1524,2335,1762,2305,2069,2526,1338,3073,3312,5074,2374,1247,1723,933,50302,8356,2870,2381,2631,1729,2885,1817,2859,2004,3335,5188,5081,4241,1667,1717,1541,31436,4408,4216,2890,2689,1667,1437,1555,1200,1493,2126,2257,2103,1743,599,519,534,,,,,,,,,,,,,,,,,,,,,,,,,,,,,,,,,,,,,,,,,,,,,,,,,,,,,,,,,,,,,,,,,,,,,,,,,,,,,,,,,,,,,,,,,,,,,,,,,,,,,,,,,,,,,,,,,,,,,,,,,,,,,,,,,,,,,,,,,,
ACSSF,2011e1,dc,000,0087,0000010,,,,,,,,,,,,,,,,,,,,,,,,,,,,,,,,,,,,,,,,,,,,,,,,,,,,,,,,,,,,,,,,,,,,,,,,,,,,,,,,,,,,,,,,,,,,,,,,,,,,,,,,,,,,,,,,,,,,,,,,,,,,,,,,,,,,,,,,,,,,,,,,,,,,,,,,,,,,,,,,,,,,,,,,,,,,,,,,,,,,,,,,,,,,,,,,,,,,,,,,,,,,,,,
ACSSF,2011e1,dc,000,0087,0000011,22466,585,87,0,200,40,169,0,0,89,0,0,0,0,0,0,0,0,5584,650,164,202,155,185,120,522,316,164,767,300,763,798,0,155,323,9760,1324,368,291,398,225,634,248,424,225,475,1152,1465,922,757,339,513,6537,949,444,156,464,457,228,404,248,389,263,680,504,640,235,307,169,,,,,,,,,,,,,,,,,,,,,,,,,,,,,,,,,,,,,,,,,,,,,,,,,,,,,,,,,,,,,,,,,,,,,,,,,,,,,,,,,,,,,,,,,,,,,,,,,,,,,,,,,,,,,,,,,,,,,,,,,,,,,,,,,,,,,,,,,,
ACSSF,2011e1,dc,000,0087,0000012,29412,330,0,114,68,0,0,0,0,0,0,75,0,0,73,0,0,0,8137,696,209,299,544,423,195,381,218,50,653,880,2034,473,557,350,175,11853,1423,646,607,579,574,631,550,679,289,1045,1008,1308,1500,499,271,244,9092,1659,1316,610,516,602,346,574,518,379,509,663,783,286,40,185,106,,,,,,,,,,,,,,,,,,,,,,,,,,,,,,,,,,,,,,,,,,,,,,,,,,,,,,,,,,,,,,,,,,,,,,,,,,,,,,,,,,,,,,,,,,,,,,,,,,,,,,,,,,,,,,,,,,,,,,,,,,,,,,,,,,,,,,,,,,
ACSSF,2011e1,dc,000,0087,0000013,57228,2879,1039,225,365,0,412,0,193,36,126,98,0,198,187,0,0,0,21248,4700,1427,993,1414,929,1717,782,1992,803,1322,1558,1918,533,531,629,0,21759,4155,1426,1033,1487,564,1315,859,1338,1490,1623,2046,1819,1053,300,772,479,11342,1093,1656,1488,1486,508,739,367,250,511,1049,835,700,483,25,27,125,,,,,,,,,,,,,,,,,,,,,,,,,,,,,,,,,,,,,,,,,,,,,,,,,,,,,,,,,,,,,,,,,,,,,,,,,,,,,,,,,,,,,,,,,,,,,,,,,,,,,,,,,,,,,,,,,,,,,,,,,,,,,,,,,,,,,,,,,,
ACSSF,2011e1,dc,000,0087,0000014,,,,,,,,,,,,,,,,,,,,,,,,,,,,,,,,,,,,,,,,,,,,,,,,,,,,,,,,,,,,,,,,,,,,,,,,,,,,,,,,,,,,,,,,,,,,,,,,,,,,,,,,,,,,,,,,,,,,,,,,,,,,,,,,,,,,,,,,,,,,,,,,,,,,,,,,,,,,,,,,,,,,,,,,,,,,,,,,,,,,,,,,,,,,,,,,,,,,,,,,,,,,,,,
ACSSF,2011e1,dc,000,0087,0000015,126754,4303,1249,436,633,40,731,0,193,125,197,216,0,198,285,0,0,0,40713,7318,1800,1524,2335,1762,2305,2069,2526,1338,3073,3312,5074,2374,1247,1723,933,50302,8356,2870,2381,2631,1729,2885,1817,2859,2004,3335,5188,5081,4241,1667,1717,1541,31436,4408,4216,2890,2689,1667,1437,1555,1200,1493,2126,2257,2103,1743,599,519,534,,,,,,,,,,,,,,,,,,,,,,,,,,,,,,,,,,,,,,,,,,,,,,,,,,,,,,,,,,,,,,,,,,,,,,,,,,,,,,,,,,,,,,,,,,,,,,,,,,,,,,,,,,,,,,,,,,,,,,,,,,,,,,,,,,,,,,,,,,
