ACSSF,2011e1,dc,000,0103,0000001,46112,50419,66760,13970,43055,60332,9970,60892,66826,81609,17923,53900,68634,11035,32690,33222,46103,10720,32322,47311,8407,,,,,,,,51409,49861,52162,11855,53171,66007,9315,.,.,.,.,.,.,.,33530,35776,36521,30804,27765,38578,15184,46862,47173,61397,16481,46703,59391,12279,63322,70984,91079,20407,56242,70384,11060,31625,34227,44822,11843,24113,41050,10439,46264,24264,14192,0,14192,271,624,2436,4124,2025,4712,10072,5166,4906,1842,1390,707,669,176,122,22000,8929,0,8929,101,920,2064,1885,1942,2017,13071,6040,7031,3441,2085,662,390,225,228
ACSSF,2011e1,dc,000,0103,0000002,46112,50419,66760,13970,43055,60332,9970,60892,66826,81609,17923,53900,68634,11035,32690,33222,46103,10720,32322,47311,8407,,,,,,,,51409,49861,52162,11855,53171,66007,9315,.,.,.,.,.,.,.,33530,35776,36521,30804,27765,38578,15184,46862,47173,61397,16481,46703,59391,12279,63322,70984,91079,20407,56242,70384,11060,31625,34227,44822,11843,24113,41050,10439,46264,24264,14192,0,14192,271,624,2436,4124,2025,4712,10072,5166,4906,1842,1390,707,669,176,122,22000,8929,0,8929,101,920,2064,1885,1942,2017,13071,6040,7031,3441,2085,662,390,225,228
ACSSF,2011e1,dc,000,0103,0000003,46112,50419,66760,13970,43055,60332,9970,60892,66826,81609,17923,53900,68634,11035,32690,33222,46103,10720,32322,47311,8407,,,,,,,,51409,49861,52162,11855,53171,66007,9315,.,.,.,.,.,.,.,33530,35776,36521,30804,27765,38578,15184,46862,47173,61397,16481,46703,59391,12279,63322,70984,91079,20407,56242,70384,11060,31625,34227,44822,11843,24113,41050,10439,46264,24264,14192,0,14192,271,624,2436,4124,2025,4712,10072,5166,4906,1842,1390,707,669,176,122,22000,8929,0,8929,101,920,2064,1885,1942,2017,13071,6040,7031,3441,2085,662,390,225,228
ACSSF,2011e1,dc,000,0103,0000004,46112,50419,66760,13970,43055,60332,9970,60892,66826,81609,17923,53900,68634,11035,32690,33222,46103,10720,32322,47311,8407,,,,,,,,51409,49861,52162,11855,53171,66007,9315,.,.,.,.,.,.,.,33530,35776,36521,30804,27765,38578,15184,46862,47173,61397,16481,46703,59391,12279,63322,70984,91079,20407,56242,70384,11060,31625,34227,44822,11843,24113,41050,10439,46264,24264,14192,0,14192,271,624,2436,4124,2025,4712,10072,5166,4906,1842,1390,707,669,176,122,22000,8929,0,8929,101,920,2064,1885,1942,2017,13071,6040,7031,3441,2085,662,390,225,228
ACSSF,2011e1,dc,000,0103,0000005,46112,50419,66760,13970,43055,60332,9970,60892,66826,81609,17923,53900,68634,11035,32690,33222,46103,10720,32322,47311,8407,,,,,,,,51409,49861,52162,11855,53171,66007,9315,.,.,.,.,.,.,.,33530,35776,36521,30804,27765,38578,15184,46862,47173,61397,16481,46703,59391,12279,63322,70984,91079,20407,56242,70384,11060,31625,34227,44822,11843,24113,41050,10439,46264,24264,14192,0,14192,271,624,2436,4124,2025,4712,10072,5166,4906,1842,1390,707,669,176,122,22000,8929,0,8929,101,920,2064,1885,1942,2017,13071,6040,7031,3441,2085,662,390,225,228
ACSSF,2011e1,dc,000,0103,0000006,46112,50419,66760,13970,43055,60332,9970,60892,66826,81609,17923,53900,68634,11035,32690,33222,46103,10720,32322,47311,8407,,,,,,,,51409,49861,52162,11855,53171,66007,9315,.,.,.,.,.,.,.,33530,35776,36521,30804,27765,38578,15184,46862,47173,61397,16481,46703,59391,12279,63322,70984,91079,20407,56242,70384,11060,31625,34227,44822,11843,24113,41050,10439,46264,24264,14192,0,14192,271,624,2436,4124,2025,4712,10072,5166,4906,1842,1390,707,669,176,122,22000,8929,0,8929,101,920,2064,1885,1942,2017,13071,6040,7031,3441,2085,662,390,225,228
ACSSF,2011e1,dc,000,0103,0000007,46112,50419,66760,13970,43055,60332,9970,60892,66826,81609,17923,53900,68634,11035,32690,33222,46103,10720,32322,47311,8407,,,,,,,,51409,49861,52162,11855,53171,66007,9315,.,.,.,.,.,.,.,33530,35776,36521,30804,27765,38578,15184,46862,47173,61397,16481,46703,59391,12279,63322,70984,91079,20407,56242,70384,11060,31625,34227,44822,11843,24113,41050,10439,46264,24264,14192,0,14192,271,624,2436,4124,2025,4712,10072,5166,4906,1842,1390,707,669,176,122,22000,8929,0,8929,101,920,2064,1885,1942,2017,13071,6040,7031,3441,2085,662,390,225,228
ACSSF,2011e1,dc,000,0103,0000008,46112,50419,66760,13970,43055,60332,9970,60892,66826,81609,17923,53900,68634,11035,32690,33222,46103,10720,32322,47311,8407,,,,,,,,51409,49861,52162,11855,53171,66007,9315,.,.,.,.,.,.,.,33530,35776,36521,30804,27765,38578,15184,46862,47173,61397,16481,46703,59391,12279,63322,70984,91079,20407,56242,70384,11060,31625,34227,44822,11843,24113,41050,10439,46264,24264,14192,0,14192,271,624,2436,4124,2025,4712,10072,5166,4906,1842,1390,707,669,176,122,22000,8929,0,8929,101,920,2064,1885,1942,2017,13071,6040,7031,3441,2085,662,390,225,228
ACSSF,2011e1,dc,000,0103,0000009,46112,50419,66760,13970,43055,60332,9970,60892,66826,81609,17923,53900,68634,11035,32690,33222,46103,10720,32322,47311,8407,,,,,,,,51409,49861,52162,11855,53171,66007,9315,.,.,.,.,.,.,.,33530,35776,36521,30804,27765,38578,15184,46862,47173,61397,16481,46703,59391,12279,63322,70984,91079,20407,56242,70384,11060,31625,34227,44822,11843,24113,41050,10439,46264,24264,14192,0,14192,271,624,2436,4124,2025,4712,10072,5166,4906,1842,1390,707,669,176,122,22000,8929,0,8929,101,920,2064,1885,1942,2017,13071,6040,7031,3441,2085,662,390,225,228
ACSSF,2011e1,dc,000,0103,0000010,60285,73330,115262,11317,52239,77453,11517,61436,76088,121061,11772,52082,80336,11226,57090,62480,75700,6609,56194,62222,4358,.,.,.,.,.,.,.,45424,50489,51504,2499,41138,79286,14024,.,.,.,.,.,.,.,,,,,,,,58723,59038,64805,2499,58561,61611,6630,62211,74743,121179,11834,52820,80162,10440,45754,101221,131084,6709,34355,79898,17173,,,,,,,,,,,,,,,,,,,,,,,,,,,,,,,,,,,,,,,
ACSSF,2011e1,dc,000,0103,0000011,42165,43901,52343,20533,41472,54274,11102,51536,57526,62201,25904,46785,56628,16759,37369,35845,40975,13108,40527,52037,8690,,,,,,,,60244,50947,50080,61165,61369,66618,4831,.,.,.,.,.,.,.,30688,36048,43230,21350,26246,36498,9990,40360,25646,47180,15046,42020,50364,2499,56929,61547,71217,27050,52827,61439,21035,26870,31390,34801,15650,22752,32610,9143,19295,10258,6182,0,6182,239,624,1123,1669,1217,1310,4076,2360,1716,408,687,306,218,0,97,9037,3584,0,3584,0,325,1417,953,507,382,5453,2600,2853,1613,872,299,69,0,0
ACSSF,2011e1,dc,000,0103,0000012,46012,43240,61350,11879,47298,63266,11446,62797,60222,78262,16031,64229,73548,13194,34414,34146,47730,8167,34727,56365,10979,,,,,,,,52703,65049,75804,11861,45000,53410,25194,.,.,.,.,.,.,.,32800,32433,33321,2499,33474,37676,20512,41786,29063,92664,8851,50600,60895,7306,63049,61756,78901,16951,63561,72484,13935,33986,32487,35976,2499,37630,39567,5259,,,,,,,,,,,,,,,,,,,,,,,,,,,,,,,,,,,,,,,
ACSSF,2011e1,dc,000,0103,0000013,30915,32455,43924,13724,29629,41254,7348,43555,43525,44208,6695,50032,41964,50469,30576,31831,43048,13920,28653,41300,7334,4643,.,.,.,.,.,.,46782,46710,46710,.,50091,50091,.,.,.,.,.,.,.,.,,,,,,,,22798,37913,39248,7817,7312,55403,6421,41675,43021,44167,6695,36531,35781,50469,37998,37646,43475,9980,51098,65505,2499,,,,,,,,,,,,,,,,,,,,,,,,,,,,,,,,,,,,,,,
ACSSF,2011e1,dc,000,0103,0000014,58798,64598,75531,16105,51544,65987,7825,64461,71280,80330,21613,55855,67219,7718,31342,31673,61519,5285,31067,57585,6863,,,,,,,,,,,,,,,.,.,.,.,.,.,.,40739,37015,40891,.,96582,98571,.,50910,52227,80384,50223,45177,85993,34432,67461,75376,90015,26441,60711,69778,8135,33798,34825,55240,12014,20398,55154,7645,,,,,,,,,,,,,,,,,,,,,,,,,,,,,,,,,,,,,,,
ACSSF,2011e1,dc,000,0103,0000015,46112,50419,66760,13970,43055,60332,9970,60892,66826,81609,17923,53900,68634,11035,32690,33222,46103,10720,32322,47311,8407,,,,,,,,51409,49861,52162,11855,53171,66007,9315,.,.,.,.,.,.,.,33530,35776,36521,30804,27765,38578,15184,46862,47173,61397,16481,46703,59391,12279,63322,70984,91079,20407,56242,70384,11060,31625,34227,44822,11843,24113,41050,10439,46264,24264,14192,0,14192,271,624,2436,4124,2025,4712,10072,5166,4906,1842,1390,707,669,176,122,22000,8929,0,8929,101,920,2064,1885,1942,2017,13071,6040,7031,3441,2085,662,390,225,228
