ACSSF,2013e1,dc,000,0006,0000001,646449,580889,65560,9675,4623,2445,3942,24741,998,2793,923,1096,869,18062,0,14632,2795,1905,530,4013,1727,433,1870,689,670,0,5502,2308,633,0,2561,646449,580889,230264,310129,857,22222,104,1205,16108,1556,14552,65560,33816,5375,415,741,0,20476,4737,1891,2846,646449,580889,65560,646449,580889,65560,9675,4623,2445,3942,24741,14632,5502,646449,580889,230264,310129,857,22222,104,1205,16108,1556,14552,65560
ACSSF,2013e1,dc,000,0006,0000002,646449,580889,65560,9675,4623,2445,3942,24741,998,2793,923,1096,869,18062,0,14632,2795,1905,530,4013,1727,433,1870,689,670,0,5502,2308,633,0,2561,646449,580889,230264,310129,857,22222,104,1205,16108,1556,14552,65560,33816,5375,415,741,0,20476,4737,1891,2846,646449,580889,65560,646449,580889,65560,9675,4623,2445,3942,24741,14632,5502,646449,580889,230264,310129,857,22222,104,1205,16108,1556,14552,65560
ACSSF,2013e1,dc,000,0006,0000003,646449,580889,65560,9675,4623,2445,3942,24741,998,2793,923,1096,869,18062,0,14632,2795,1905,530,4013,1727,433,1870,689,670,0,5502,2308,633,0,2561,646449,580889,230264,310129,857,22222,104,1205,16108,1556,14552,65560,33816,5375,415,741,0,20476,4737,1891,2846,646449,580889,65560,646449,580889,65560,9675,4623,2445,3942,24741,14632,5502,646449,580889,230264,310129,857,22222,104,1205,16108,1556,14552,65560
ACSSF,2013e1,dc,000,0006,0000004,646449,580889,65560,9675,4623,2445,3942,24741,998,2793,923,1096,869,18062,0,14632,2795,1905,530,4013,1727,433,1870,689,670,0,5502,2308,633,0,2561,646449,580889,230264,310129,857,22222,104,1205,16108,1556,14552,65560,33816,5375,415,741,0,20476,4737,1891,2846,646449,580889,65560,646449,580889,65560,9675,4623,2445,3942,24741,14632,5502,646449,580889,230264,310129,857,22222,104,1205,16108,1556,14552,65560
ACSSF,2013e1,dc,000,0006,0000005,646449,580889,65560,9675,4623,2445,3942,24741,998,2793,923,1096,869,18062,0,14632,2795,1905,530,4013,1727,433,1870,689,670,0,5502,2308,633,0,2561,646449,580889,230264,310129,857,22222,104,1205,16108,1556,14552,65560,33816,5375,415,741,0,20476,4737,1891,2846,646449,580889,65560,646449,580889,65560,9675,4623,2445,3942,24741,14632,5502,646449,580889,230264,310129,857,22222,104,1205,16108,1556,14552,65560
ACSSF,2013e1,dc,000,0006,0000006,646449,580889,65560,9675,4623,2445,3942,24741,998,2793,923,1096,869,18062,0,14632,2795,1905,530,4013,1727,433,1870,689,670,0,5502,2308,633,0,2561,646449,580889,230264,310129,857,22222,104,1205,16108,1556,14552,65560,33816,5375,415,741,0,20476,4737,1891,2846,646449,580889,65560,646449,580889,65560,9675,4623,2445,3942,24741,14632,5502,646449,580889,230264,310129,857,22222,104,1205,16108,1556,14552,65560
ACSSF,2013e1,dc,000,0006,0000007,646449,580889,65560,9675,4623,2445,3942,24741,998,2793,923,1096,869,18062,0,14632,2795,1905,530,4013,1727,433,1870,689,670,0,5502,2308,633,0,2561,646449,580889,230264,310129,857,22222,104,1205,16108,1556,14552,65560,33816,5375,415,741,0,20476,4737,1891,2846,646449,580889,65560,646449,580889,65560,9675,4623,2445,3942,24741,14632,5502,646449,580889,230264,310129,857,22222,104,1205,16108,1556,14552,65560
ACSSF,2013e1,dc,000,0006,0000008,646449,580889,65560,9675,4623,2445,3942,24741,998,2793,923,1096,869,18062,0,14632,2795,1905,530,4013,1727,433,1870,689,670,0,5502,2308,633,0,2561,646449,580889,230264,310129,857,22222,104,1205,16108,1556,14552,65560,33816,5375,415,741,0,20476,4737,1891,2846,646449,580889,65560,646449,580889,65560,9675,4623,2445,3942,24741,14632,5502,646449,580889,230264,310129,857,22222,104,1205,16108,1556,14552,65560
ACSSF,2013e1,dc,000,0006,0000009,646449,580889,65560,9675,4623,2445,3942,24741,998,2793,923,1096,869,18062,0,14632,2795,1905,530,4013,1727,433,1870,689,670,0,5502,2308,633,0,2561,646449,580889,230264,310129,857,22222,104,1205,16108,1556,14552,65560,33816,5375,415,741,0,20476,4737,1891,2846,646449,580889,65560,646449,580889,65560,9675,4623,2445,3942,24741,14632,5502,646449,580889,230264,310129,857,22222,104,1205,16108,1556,14552,65560
ACSSF,2013e1,dc,000,0006,0000010,,,,,,,,,,,,,,,,,,,,,,,,,,,,,,,,,,,,,,,,,,,,,,,,,,,,,105713,93927,11786,105713,93927,11786,2013,803,573,84,1673,4738,1902,105713,93927,75498,7744,0,5746,0,337,4602,640,3962,11786
ACSSF,2013e1,dc,000,0006,0000011,,,,,,,,,,,,,,,,,,,,,,,,,,,,,,,,123126,98574,31117,60374,93,3925,0,403,2662,191,2471,24552,10668,2217,0,92,0,10947,628,205,423,123126,98574,24552,123126,98574,24552,1716,706,714,2504,14270,2701,1941,123126,98574,31117,60374,93,3925,0,403,2662,191,2471,24552
ACSSF,2013e1,dc,000,0006,0000012,,,,,,,,,,,,,,,,,,,,,,,,,,,,,,,,,,,,,,,,,,,,,,,,,,,,,113517,105603,7914,113517,105603,7914,2247,782,687,235,1678,1803,482,113517,105603,38297,63505,217,1377,56,130,2021,140,1881,7914
ACSSF,2013e1,dc,000,0006,0000013,,,,,,,,,,,,,,,,,,,,,,,,,,,,,,,,,,,,,,,,,,,,,,,,,,,,,149179,144485,4694,,,,,,,,,,,,,,,,,,,,,,
ACSSF,2013e1,dc,000,0006,0000014,,,,,,,,,,,,,,,,,,,,,,,,,,,,,,,,154914,138300,81702,39277,259,10920,0,213,5929,585,5344,16614,8671,1549,0,102,0,4134,2158,862,1296,154914,138300,16614,154914,138300,16614,2482,2235,471,1049,5193,4360,824,154914,138300,81702,39277,259,10920,0,213,5929,585,5344,16614
ACSSF,2013e1,dc,000,0006,0000015,646449,580889,65560,9675,4623,2445,3942,24741,998,2793,923,1096,869,18062,0,14632,2795,1905,530,4013,1727,433,1870,689,670,0,5502,2308,633,0,2561,646449,580889,230264,310129,857,22222,104,1205,16108,1556,14552,65560,33816,5375,415,741,0,20476,4737,1891,2846,646449,580889,65560,646449,580889,65560,9675,4623,2445,3942,24741,14632,5502,646449,580889,230264,310129,857,22222,104,1205,16108,1556,14552,65560
