ACSSF,2013e1,dc,000,0085,0000001,,,,,,,,,,,,,,,,,,,,,,,,,,,,,,,,,,,,,,,,,,,,,,,,,,,,,,,,,,,,,,,,,,,,,,,,,,,,,,,,,,,,,,,,,,,,,,,,,,,,,,,,,,,,,,,,,,,,,,,,,,,,,,,,,,,,,,,,,,,110101,5137,1400,71,336,136,82,172,134,317,132,259,689,318,410,371,151,159,60692,1099,714,327,529,645,361,900,1372,1330,3174,5586,9557,9131,7067,7826,11074,28284,902,404,261,452,181,367,198,52,191,830,1779,1855,2507,2836,5507,9962,15988,862,216,596,484,243,537,293,531,224,1108,541,1404,1669,1044,1770,4466
ACSSF,2013e1,dc,000,0085,0000002,,,,,,,,,,,,,,,,,,,,,,,,,,,,,,,,,,,,,,,,,,,,,,,,,,,,,,,,,,,,,,,,,,,,,,,,,,,,,,,,,,,,,,,,,,,,,,,,,,,,,,,,,,,,,,,,,,,,,,,,,,,,,,,,,,,,,,,,,,,110101,5137,1400,71,336,136,82,172,134,317,132,259,689,318,410,371,151,159,60692,1099,714,327,529,645,361,900,1372,1330,3174,5586,9557,9131,7067,7826,11074,28284,902,404,261,452,181,367,198,52,191,830,1779,1855,2507,2836,5507,9962,15988,862,216,596,484,243,537,293,531,224,1108,541,1404,1669,1044,1770,4466
ACSSF,2013e1,dc,000,0085,0000003,,,,,,,,,,,,,,,,,,,,,,,,,,,,,,,,,,,,,,,,,,,,,,,,,,,,,,,,,,,,,,,,,,,,,,,,,,,,,,,,,,,,,,,,,,,,,,,,,,,,,,,,,,,,,,,,,,,,,,,,,,,,,,,,,,,,,,,,,,,110101,5137,1400,71,336,136,82,172,134,317,132,259,689,318,410,371,151,159,60692,1099,714,327,529,645,361,900,1372,1330,3174,5586,9557,9131,7067,7826,11074,28284,902,404,261,452,181,367,198,52,191,830,1779,1855,2507,2836,5507,9962,15988,862,216,596,484,243,537,293,531,224,1108,541,1404,1669,1044,1770,4466
ACSSF,2013e1,dc,000,0085,0000004,,,,,,,,,,,,,,,,,,,,,,,,,,,,,,,,,,,,,,,,,,,,,,,,,,,,,,,,,,,,,,,,,,,,,,,,,,,,,,,,,,,,,,,,,,,,,,,,,,,,,,,,,,,,,,,,,,,,,,,,,,,,,,,,,,,,,,,,,,,110101,5137,1400,71,336,136,82,172,134,317,132,259,689,318,410,371,151,159,60692,1099,714,327,529,645,361,900,1372,1330,3174,5586,9557,9131,7067,7826,11074,28284,902,404,261,452,181,367,198,52,191,830,1779,1855,2507,2836,5507,9962,15988,862,216,596,484,243,537,293,531,224,1108,541,1404,1669,1044,1770,4466
ACSSF,2013e1,dc,000,0085,0000005,,,,,,,,,,,,,,,,,,,,,,,,,,,,,,,,,,,,,,,,,,,,,,,,,,,,,,,,,,,,,,,,,,,,,,,,,,,,,,,,,,,,,,,,,,,,,,,,,,,,,,,,,,,,,,,,,,,,,,,,,,,,,,,,,,,,,,,,,,,110101,5137,1400,71,336,136,82,172,134,317,132,259,689,318,410,371,151,159,60692,1099,714,327,529,645,361,900,1372,1330,3174,5586,9557,9131,7067,7826,11074,28284,902,404,261,452,181,367,198,52,191,830,1779,1855,2507,2836,5507,9962,15988,862,216,596,484,243,537,293,531,224,1108,541,1404,1669,1044,1770,4466
ACSSF,2013e1,dc,000,0085,0000006,,,,,,,,,,,,,,,,,,,,,,,,,,,,,,,,,,,,,,,,,,,,,,,,,,,,,,,,,,,,,,,,,,,,,,,,,,,,,,,,,,,,,,,,,,,,,,,,,,,,,,,,,,,,,,,,,,,,,,,,,,,,,,,,,,,,,,,,,,,110101,5137,1400,71,336,136,82,172,134,317,132,259,689,318,410,371,151,159,60692,1099,714,327,529,645,361,900,1372,1330,3174,5586,9557,9131,7067,7826,11074,28284,902,404,261,452,181,367,198,52,191,830,1779,1855,2507,2836,5507,9962,15988,862,216,596,484,243,537,293,531,224,1108,541,1404,1669,1044,1770,4466
ACSSF,2013e1,dc,000,0085,0000007,,,,,,,,,,,,,,,,,,,,,,,,,,,,,,,,,,,,,,,,,,,,,,,,,,,,,,,,,,,,,,,,,,,,,,,,,,,,,,,,,,,,,,,,,,,,,,,,,,,,,,,,,,,,,,,,,,,,,,,,,,,,,,,,,,,,,,,,,,,110101,5137,1400,71,336,136,82,172,134,317,132,259,689,318,410,371,151,159,60692,1099,714,327,529,645,361,900,1372,1330,3174,5586,9557,9131,7067,7826,11074,28284,902,404,261,452,181,367,198,52,191,830,1779,1855,2507,2836,5507,9962,15988,862,216,596,484,243,537,293,531,224,1108,541,1404,1669,1044,1770,4466
ACSSF,2013e1,dc,000,0085,0000008,,,,,,,,,,,,,,,,,,,,,,,,,,,,,,,,,,,,,,,,,,,,,,,,,,,,,,,,,,,,,,,,,,,,,,,,,,,,,,,,,,,,,,,,,,,,,,,,,,,,,,,,,,,,,,,,,,,,,,,,,,,,,,,,,,,,,,,,,,,110101,5137,1400,71,336,136,82,172,134,317,132,259,689,318,410,371,151,159,60692,1099,714,327,529,645,361,900,1372,1330,3174,5586,9557,9131,7067,7826,11074,28284,902,404,261,452,181,367,198,52,191,830,1779,1855,2507,2836,5507,9962,15988,862,216,596,484,243,537,293,531,224,1108,541,1404,1669,1044,1770,4466
ACSSF,2013e1,dc,000,0085,0000009,,,,,,,,,,,,,,,,,,,,,,,,,,,,,,,,,,,,,,,,,,,,,,,,,,,,,,,,,,,,,,,,,,,,,,,,,,,,,,,,,,,,,,,,,,,,,,,,,,,,,,,,,,,,,,,,,,,,,,,,,,,,,,,,,,,,,,,,,,,110101,5137,1400,71,336,136,82,172,134,317,132,259,689,318,410,371,151,159,60692,1099,714,327,529,645,361,900,1372,1330,3174,5586,9557,9131,7067,7826,11074,28284,902,404,261,452,181,367,198,52,191,830,1779,1855,2507,2836,5507,9962,15988,862,216,596,484,243,537,293,531,224,1108,541,1404,1669,1044,1770,4466
ACSSF,2013e1,dc,000,0085,0000010,,,,,,,,,,,,,,,,,,,,,,,,,,,,,,,,,,,,,,,,,,,,,,,,,,,,,,,,,,,,,,,,,,,,,,,,,,,,,,,,,,,,,,,,,,,,,,,,,,,,,,,,,,,,,,,,,,,,,,,,,,,,,,,,,,,,,,,,,,,,,,,,,,,,,,,,,,,,,,,,,,,,,,,,,,,,,,,,,,,,,,,,,,,,,,,,,,,,,,,,,,,,,,,
ACSSF,2013e1,dc,000,0085,0000011,,,,,,,,,,,,,,,,,,,,,,,,,,,,,,,,,,,,,,,,,,,,,,,,,,,,,,,,,,,,,,,,,,,,,,,,,,,,,,,,,,,,,,,,,,,,,,,,,,,,,,,,,,,,,,,,,,,,,,,,,,,,,,,,,,,,,,,,,,,,,,,,,,,,,,,,,,,,,,,,,,,,,,,,,,,,,,,,,,,,,,,,,,,,,,,,,,,,,,,,,,,,,,,
ACSSF,2013e1,dc,000,0085,0000012,,,,,,,,,,,,,,,,,,,,,,,,,,,,,,,,,,,,,,,,,,,,,,,,,,,,,,,,,,,,,,,,,,,,,,,,,,,,,,,,,,,,,,,,,,,,,,,,,,,,,,,,,,,,,,,,,,,,,,,,,,,,,,,,,,,,,,,,,,,,,,,,,,,,,,,,,,,,,,,,,,,,,,,,,,,,,,,,,,,,,,,,,,,,,,,,,,,,,,,,,,,,,,,
ACSSF,2013e1,dc,000,0085,0000013,,,,,,,,,,,,,,,,,,,,,,,,,,,,,,,,,,,,,,,,,,,,,,,,,,,,,,,,,,,,,,,,,,,,,,,,,,,,,,,,,,,,,,,,,,,,,,,,,,,,,,,,,,,,,,,,,,,,,,,,,,,,,,,,,,,,,,,,,,,,,,,,,,,,,,,,,,,,,,,,,,,,,,,,,,,,,,,,,,,,,,,,,,,,,,,,,,,,,,,,,,,,,,,
ACSSF,2013e1,dc,000,0085,0000014,,,,,,,,,,,,,,,,,,,,,,,,,,,,,,,,,,,,,,,,,,,,,,,,,,,,,,,,,,,,,,,,,,,,,,,,,,,,,,,,,,,,,,,,,,,,,,,,,,,,,,,,,,,,,,,,,,,,,,,,,,,,,,,,,,,,,,,,,,,44823,2370,447,71,93,98,64,113,107,232,45,144,467,207,45,72,98,67,29482,697,311,166,338,605,154,352,517,561,1743,2825,4849,4903,3866,3498,4097,9872,376,137,171,0,0,334,198,52,127,479,551,739,950,835,2614,2309,3099,0,72,499,44,45,189,0,171,97,213,242,191,340,179,195,622
ACSSF,2013e1,dc,000,0085,0000015,,,,,,,,,,,,,,,,,,,,,,,,,,,,,,,,,,,,,,,,,,,,,,,,,,,,,,,,,,,,,,,,,,,,,,,,,,,,,,,,,,,,,,,,,,,,,,,,,,,,,,,,,,,,,,,,,,,,,,,,,,,,,,,,,,,,,,,,,,,110101,5137,1400,71,336,136,82,172,134,317,132,259,689,318,410,371,151,159,60692,1099,714,327,529,645,361,900,1372,1330,3174,5586,9557,9131,7067,7826,11074,28284,902,404,261,452,181,367,198,52,191,830,1779,1855,2507,2836,5507,9962,15988,862,216,596,484,243,537,293,531,224,1108,541,1404,1669,1044,1770,4466
