ACSSF,2013e1,dc,000,0011,0000001,,,,,,,,,,,,,,,,,,,,,,,,,,,,,,,,,,,,,,,,,,,,,,,,,,,,,,,,,,,,,,,,,,,,,,,,,,,,,,,,,,,,,,,,,,,,,,,,,,,,,,,,,,,,,126304,7962,1178,2672,1548,1069,3068,23969,1265,6019,1690,33349,1352,1909,30845,16517,1550,3318,12077,1426,7784,1986,6458,780,3268,3835,1090,1963,2358,3979,53864
ACSSF,2013e1,dc,000,0011,0000002,,,,,,,,,,,,,,,,,,,,,,,,,,,,,,,,,,,,,,,,,,,,,,,,,,,,,,,,,,,,,,,,,,,,,,,,,,,,,,,,,,,,,,,,,,,,,,,,,,,,,,,,,,,,,126304,7962,1178,2672,1548,1069,3068,23969,1265,6019,1690,33349,1352,1909,30845,16517,1550,3318,12077,1426,7784,1986,6458,780,3268,3835,1090,1963,2358,3979,53864
ACSSF,2013e1,dc,000,0011,0000003,,,,,,,,,,,,,,,,,,,,,,,,,,,,,,,,,,,,,,,,,,,,,,,,,,,,,,,,,,,,,,,,,,,,,,,,,,,,,,,,,,,,,,,,,,,,,,,,,,,,,,,,,,,,,126304,7962,1178,2672,1548,1069,3068,23969,1265,6019,1690,33349,1352,1909,30845,16517,1550,3318,12077,1426,7784,1986,6458,780,3268,3835,1090,1963,2358,3979,53864
ACSSF,2013e1,dc,000,0011,0000004,,,,,,,,,,,,,,,,,,,,,,,,,,,,,,,,,,,,,,,,,,,,,,,,,,,,,,,,,,,,,,,,,,,,,,,,,,,,,,,,,,,,,,,,,,,,,,,,,,,,,,,,,,,,,126304,7962,1178,2672,1548,1069,3068,23969,1265,6019,1690,33349,1352,1909,30845,16517,1550,3318,12077,1426,7784,1986,6458,780,3268,3835,1090,1963,2358,3979,53864
ACSSF,2013e1,dc,000,0011,0000005,,,,,,,,,,,,,,,,,,,,,,,,,,,,,,,,,,,,,,,,,,,,,,,,,,,,,,,,,,,,,,,,,,,,,,,,,,,,,,,,,,,,,,,,,,,,,,,,,,,,,,,,,,,,,126304,7962,1178,2672,1548,1069,3068,23969,1265,6019,1690,33349,1352,1909,30845,16517,1550,3318,12077,1426,7784,1986,6458,780,3268,3835,1090,1963,2358,3979,53864
ACSSF,2013e1,dc,000,0011,0000006,,,,,,,,,,,,,,,,,,,,,,,,,,,,,,,,,,,,,,,,,,,,,,,,,,,,,,,,,,,,,,,,,,,,,,,,,,,,,,,,,,,,,,,,,,,,,,,,,,,,,,,,,,,,,126304,7962,1178,2672,1548,1069,3068,23969,1265,6019,1690,33349,1352,1909,30845,16517,1550,3318,12077,1426,7784,1986,6458,780,3268,3835,1090,1963,2358,3979,53864
ACSSF,2013e1,dc,000,0011,0000007,,,,,,,,,,,,,,,,,,,,,,,,,,,,,,,,,,,,,,,,,,,,,,,,,,,,,,,,,,,,,,,,,,,,,,,,,,,,,,,,,,,,,,,,,,,,,,,,,,,,,,,,,,,,,126304,7962,1178,2672,1548,1069,3068,23969,1265,6019,1690,33349,1352,1909,30845,16517,1550,3318,12077,1426,7784,1986,6458,780,3268,3835,1090,1963,2358,3979,53864
ACSSF,2013e1,dc,000,0011,0000008,,,,,,,,,,,,,,,,,,,,,,,,,,,,,,,,,,,,,,,,,,,,,,,,,,,,,,,,,,,,,,,,,,,,,,,,,,,,,,,,,,,,,,,,,,,,,,,,,,,,,,,,,,,,,126304,7962,1178,2672,1548,1069,3068,23969,1265,6019,1690,33349,1352,1909,30845,16517,1550,3318,12077,1426,7784,1986,6458,780,3268,3835,1090,1963,2358,3979,53864
ACSSF,2013e1,dc,000,0011,0000009,,,,,,,,,,,,,,,,,,,,,,,,,,,,,,,,,,,,,,,,,,,,,,,,,,,,,,,,,,,,,,,,,,,,,,,,,,,,,,,,,,,,,,,,,,,,,,,,,,,,,,,,,,,,,126304,7962,1178,2672,1548,1069,3068,23969,1265,6019,1690,33349,1352,1909,30845,16517,1550,3318,12077,1426,7784,1986,6458,780,3268,3835,1090,1963,2358,3979,53864
ACSSF,2013e1,dc,000,0011,0000010,,,,,,,,,,,,,,,,,,,,,,,,,,,,,,,,,,,,,,,,,,,,,,,,,,,,,,,,,,,,,,,,,,,,,,,,,,,,,,,,,,,,,,,,,,,,,,,,,,,,,,,,,,,,,38239,1051,594,741,549,249,494,7604,225,2415,461,10507,369,652,10717,4747,420,1178,4285,646,3139,967,2130,337,505,1559,344,704,441,572,14880
ACSSF,2013e1,dc,000,0011,0000011,,,,,,,,,,,,,,,,,,,,,,,,,,,,,,,,,,,,,,,,,,,,,,,,,,,,,,,,,,,,,,,,,,,,,,,,,,,,,,,,,,,,,,,,,,,,,,,,,,,,,,,,,,,,,19706,1996,172,421,130,176,373,2644,170,804,204,4400,240,416,3663,2027,194,524,1526,130,1109,280,798,77,1198,430,164,353,571,1244,9948
ACSSF,2013e1,dc,000,0011,0000012,,,,,,,,,,,,,,,,,,,,,,,,,,,,,,,,,,,,,,,,,,,,,,,,,,,,,,,,,,,,,,,,,,,,,,,,,,,,,,,,,,,,,,,,,,,,,,,,,,,,,,,,,,,,,20899,1817,93,428,150,263,494,3940,730,1281,441,6668,38,22,5601,2726,161,802,1733,298,313,359,1303,91,195,421,276,274,236,719,8030
ACSSF,2013e1,dc,000,0011,0000013,,,,,,,,,,,,,,,,,,,,,,,,,,,,,,,,,,,,,,,,,,,,,,,,,,,,,,,,,,,,,,,,,,,,,,,,,,,,,,,,,,,,,,,,,,,,,,,,,,,,,,,,,,,,,,,,,,,,,,,,,,,,,,,,,,,,,,,,,,,
ACSSF,2013e1,dc,000,0011,0000014,,,,,,,,,,,,,,,,,,,,,,,,,,,,,,,,,,,,,,,,,,,,,,,,,,,,,,,,,,,,,,,,,,,,,,,,,,,,,,,,,,,,,,,,,,,,,,,,,,,,,,,,,,,,,40815,1467,277,992,672,381,1707,8909,140,1431,316,11157,705,819,10309,6776,775,814,4354,352,3145,322,2111,275,413,1381,306,632,1110,847,16136
ACSSF,2013e1,dc,000,0011,0000015,,,,,,,,,,,,,,,,,,,,,,,,,,,,,,,,,,,,,,,,,,,,,,,,,,,,,,,,,,,,,,,,,,,,,,,,,,,,,,,,,,,,,,,,,,,,,,,,,,,,,,,,,,,,,126304,7962,1178,2672,1548,1069,3068,23969,1265,6019,1690,33349,1352,1909,30845,16517,1550,3318,12077,1426,7784,1986,6458,780,3268,3835,1090,1963,2358,3979,53864
