ACSSF,2013e1,dc,000,0102,0000001,255806,113231,8867,1758,58,1700,650,1050,7109,12557,9366,155,9211,5040,4171,3191,57093,43338,82,43256,34457,8799,13755,18292,11588,0,11588,10311,1277,6704,5734,760,695,65,4974,10688,1347,1271,76,9341,142575,9190,2740,0,2740,1389,1351,6450,14747,9294,0,9294,6937,2357,5453,67888,51245,0,51245,42578,8667,16643,22968,12986,0,12986,11514,1472,9982,8054,1980,1882,98,6074,19728,1143,1102,41,18585,,,,,,,,,,,,,,,,,,,,,,,,,,,,,,,,,,,,,,,,,,,,,,,,,,,,,,,,,,,,,,,,,,,,,,,,,,,,,,,,,,,,,,,,,,,,,,,,,,,,,,,,,,,,,,,,,,,,,,,,,,,,,,,,,,,,,,,,,,,,,,,,,,,,,,,,,,,,,,
ACSSF,2013e1,dc,000,0102,0000002,255806,113231,8867,1758,58,1700,650,1050,7109,12557,9366,155,9211,5040,4171,3191,57093,43338,82,43256,34457,8799,13755,18292,11588,0,11588,10311,1277,6704,5734,760,695,65,4974,10688,1347,1271,76,9341,142575,9190,2740,0,2740,1389,1351,6450,14747,9294,0,9294,6937,2357,5453,67888,51245,0,51245,42578,8667,16643,22968,12986,0,12986,11514,1472,9982,8054,1980,1882,98,6074,19728,1143,1102,41,18585,,,,,,,,,,,,,,,,,,,,,,,,,,,,,,,,,,,,,,,,,,,,,,,,,,,,,,,,,,,,,,,,,,,,,,,,,,,,,,,,,,,,,,,,,,,,,,,,,,,,,,,,,,,,,,,,,,,,,,,,,,,,,,,,,,,,,,,,,,,,,,,,,,,,,,,,,,,,,,
ACSSF,2013e1,dc,000,0102,0000003,255806,113231,8867,1758,58,1700,650,1050,7109,12557,9366,155,9211,5040,4171,3191,57093,43338,82,43256,34457,8799,13755,18292,11588,0,11588,10311,1277,6704,5734,760,695,65,4974,10688,1347,1271,76,9341,142575,9190,2740,0,2740,1389,1351,6450,14747,9294,0,9294,6937,2357,5453,67888,51245,0,51245,42578,8667,16643,22968,12986,0,12986,11514,1472,9982,8054,1980,1882,98,6074,19728,1143,1102,41,18585,,,,,,,,,,,,,,,,,,,,,,,,,,,,,,,,,,,,,,,,,,,,,,,,,,,,,,,,,,,,,,,,,,,,,,,,,,,,,,,,,,,,,,,,,,,,,,,,,,,,,,,,,,,,,,,,,,,,,,,,,,,,,,,,,,,,,,,,,,,,,,,,,,,,,,,,,,,,,,
ACSSF,2013e1,dc,000,0102,0000004,255806,113231,8867,1758,58,1700,650,1050,7109,12557,9366,155,9211,5040,4171,3191,57093,43338,82,43256,34457,8799,13755,18292,11588,0,11588,10311,1277,6704,5734,760,695,65,4974,10688,1347,1271,76,9341,142575,9190,2740,0,2740,1389,1351,6450,14747,9294,0,9294,6937,2357,5453,67888,51245,0,51245,42578,8667,16643,22968,12986,0,12986,11514,1472,9982,8054,1980,1882,98,6074,19728,1143,1102,41,18585,,,,,,,,,,,,,,,,,,,,,,,,,,,,,,,,,,,,,,,,,,,,,,,,,,,,,,,,,,,,,,,,,,,,,,,,,,,,,,,,,,,,,,,,,,,,,,,,,,,,,,,,,,,,,,,,,,,,,,,,,,,,,,,,,,,,,,,,,,,,,,,,,,,,,,,,,,,,,,
ACSSF,2013e1,dc,000,0102,0000005,255806,113231,8867,1758,58,1700,650,1050,7109,12557,9366,155,9211,5040,4171,3191,57093,43338,82,43256,34457,8799,13755,18292,11588,0,11588,10311,1277,6704,5734,760,695,65,4974,10688,1347,1271,76,9341,142575,9190,2740,0,2740,1389,1351,6450,14747,9294,0,9294,6937,2357,5453,67888,51245,0,51245,42578,8667,16643,22968,12986,0,12986,11514,1472,9982,8054,1980,1882,98,6074,19728,1143,1102,41,18585,,,,,,,,,,,,,,,,,,,,,,,,,,,,,,,,,,,,,,,,,,,,,,,,,,,,,,,,,,,,,,,,,,,,,,,,,,,,,,,,,,,,,,,,,,,,,,,,,,,,,,,,,,,,,,,,,,,,,,,,,,,,,,,,,,,,,,,,,,,,,,,,,,,,,,,,,,,,,,
ACSSF,2013e1,dc,000,0102,0000006,255806,113231,8867,1758,58,1700,650,1050,7109,12557,9366,155,9211,5040,4171,3191,57093,43338,82,43256,34457,8799,13755,18292,11588,0,11588,10311,1277,6704,5734,760,695,65,4974,10688,1347,1271,76,9341,142575,9190,2740,0,2740,1389,1351,6450,14747,9294,0,9294,6937,2357,5453,67888,51245,0,51245,42578,8667,16643,22968,12986,0,12986,11514,1472,9982,8054,1980,1882,98,6074,19728,1143,1102,41,18585,,,,,,,,,,,,,,,,,,,,,,,,,,,,,,,,,,,,,,,,,,,,,,,,,,,,,,,,,,,,,,,,,,,,,,,,,,,,,,,,,,,,,,,,,,,,,,,,,,,,,,,,,,,,,,,,,,,,,,,,,,,,,,,,,,,,,,,,,,,,,,,,,,,,,,,,,,,,,,
ACSSF,2013e1,dc,000,0102,0000007,255806,113231,8867,1758,58,1700,650,1050,7109,12557,9366,155,9211,5040,4171,3191,57093,43338,82,43256,34457,8799,13755,18292,11588,0,11588,10311,1277,6704,5734,760,695,65,4974,10688,1347,1271,76,9341,142575,9190,2740,0,2740,1389,1351,6450,14747,9294,0,9294,6937,2357,5453,67888,51245,0,51245,42578,8667,16643,22968,12986,0,12986,11514,1472,9982,8054,1980,1882,98,6074,19728,1143,1102,41,18585,,,,,,,,,,,,,,,,,,,,,,,,,,,,,,,,,,,,,,,,,,,,,,,,,,,,,,,,,,,,,,,,,,,,,,,,,,,,,,,,,,,,,,,,,,,,,,,,,,,,,,,,,,,,,,,,,,,,,,,,,,,,,,,,,,,,,,,,,,,,,,,,,,,,,,,,,,,,,,
ACSSF,2013e1,dc,000,0102,0000008,255806,113231,8867,1758,58,1700,650,1050,7109,12557,9366,155,9211,5040,4171,3191,57093,43338,82,43256,34457,8799,13755,18292,11588,0,11588,10311,1277,6704,5734,760,695,65,4974,10688,1347,1271,76,9341,142575,9190,2740,0,2740,1389,1351,6450,14747,9294,0,9294,6937,2357,5453,67888,51245,0,51245,42578,8667,16643,22968,12986,0,12986,11514,1472,9982,8054,1980,1882,98,6074,19728,1143,1102,41,18585,,,,,,,,,,,,,,,,,,,,,,,,,,,,,,,,,,,,,,,,,,,,,,,,,,,,,,,,,,,,,,,,,,,,,,,,,,,,,,,,,,,,,,,,,,,,,,,,,,,,,,,,,,,,,,,,,,,,,,,,,,,,,,,,,,,,,,,,,,,,,,,,,,,,,,,,,,,,,,
ACSSF,2013e1,dc,000,0102,0000009,255806,113231,8867,1758,58,1700,650,1050,7109,12557,9366,155,9211,5040,4171,3191,57093,43338,82,43256,34457,8799,13755,18292,11588,0,11588,10311,1277,6704,5734,760,695,65,4974,10688,1347,1271,76,9341,142575,9190,2740,0,2740,1389,1351,6450,14747,9294,0,9294,6937,2357,5453,67888,51245,0,51245,42578,8667,16643,22968,12986,0,12986,11514,1472,9982,8054,1980,1882,98,6074,19728,1143,1102,41,18585,,,,,,,,,,,,,,,,,,,,,,,,,,,,,,,,,,,,,,,,,,,,,,,,,,,,,,,,,,,,,,,,,,,,,,,,,,,,,,,,,,,,,,,,,,,,,,,,,,,,,,,,,,,,,,,,,,,,,,,,,,,,,,,,,,,,,,,,,,,,,,,,,,,,,,,,,,,,,,
ACSSF,2013e1,dc,000,0102,0000010,,,,,,,,,,,,,,,,,,,,,,,,,,,,,,,,,,,,,,,,,,,,,,,,,,,,,,,,,,,,,,,,,,,,,,,,,,,,,,,,,,,,,,,,,,,,,,,,,,,,,,,,,,,,,,,,,,,,,,,,,,,,,,,,,,,,,,,,,,,,,,,,,,,,,,,,,,,,,,,,,,,,,,,,,,,,,,,,,,,,,,,,,,,,,,,,,,,,,,,,,,,,,,,,,,,,,,,,,,,,,,,,,,,,,,,,,,,,,
ACSSF,2013e1,dc,000,0102,0000011,52499,24266,1057,269,0,269,239,30,788,1331,1074,0,1074,568,506,257,13876,11643,0,11643,10135,1508,2233,3980,2689,0,2689,2484,205,1291,1127,288,288,0,839,2895,253,219,34,2642,28233,1190,149,0,149,37,112,1041,1696,1346,0,1346,1160,186,350,13405,10955,0,10955,9741,1214,2450,5011,3003,0,3003,2588,415,2008,1549,574,510,64,975,5382,437,396,41,4945,,,,,,,,,,,,,,,,,,,,,,,,,,,,,,,,,,,,,,,,,,,,,,,,,,,,,,,,,,,,,,,,,,,,,,,,,,,,,,,,,,,,,,,,,,,,,,,,,,,,,,,,,,,,,,,,,,,,,,,,,,,,,,,,,,,,,,,,,,,,,,,,,,,,,,,,,,,,,,
ACSSF,2013e1,dc,000,0102,0000012,54133,25935,2176,325,58,267,0,267,1851,2426,1337,78,1259,934,325,1089,12693,9152,33,9119,6608,2511,3541,4705,3052,0,3052,2893,159,1653,954,74,74,0,880,2981,399,357,42,2582,28198,1248,436,0,436,237,199,812,1967,1362,0,1362,968,394,605,13374,10282,0,10282,8192,2090,3092,4733,2530,0,2530,2195,335,2203,2160,388,354,34,1772,4716,161,161,0,4555,,,,,,,,,,,,,,,,,,,,,,,,,,,,,,,,,,,,,,,,,,,,,,,,,,,,,,,,,,,,,,,,,,,,,,,,,,,,,,,,,,,,,,,,,,,,,,,,,,,,,,,,,,,,,,,,,,,,,,,,,,,,,,,,,,,,,,,,,,,,,,,,,,,,,,,,,,,,,,
ACSSF,2013e1,dc,000,0102,0000013,107690,45104,4184,1106,0,1106,353,753,3078,6533,5393,77,5316,2721,2595,1140,22399,15566,0,15566,11505,4061,6833,6299,3612,0,3612,3094,518,2687,2603,190,190,0,2413,3086,412,412,0,2674,62586,4198,1044,0,1044,328,716,3154,7535,4639,0,4639,2912,1727,2896,31273,21617,0,21617,17471,4146,9656,9894,5741,0,5741,5048,693,4153,3290,628,628,0,2662,6396,407,407,0,5989,,,,,,,,,,,,,,,,,,,,,,,,,,,,,,,,,,,,,,,,,,,,,,,,,,,,,,,,,,,,,,,,,,,,,,,,,,,,,,,,,,,,,,,,,,,,,,,,,,,,,,,,,,,,,,,,,,,,,,,,,,,,,,,,,,,,,,,,,,,,,,,,,,,,,,,,,,,,,,
ACSSF,2013e1,dc,000,0102,0000014,34304,14902,1037,58,0,58,58,0,979,1993,1288,0,1288,543,745,705,6620,5696,49,5647,4940,707,924,2885,1939,0,1939,1544,395,946,1050,208,143,65,842,1317,256,256,0,1061,19402,2074,909,0,909,585,324,1165,2851,1732,0,1732,1682,50,1119,7725,6306,0,6306,5355,951,1419,3039,1424,0,1424,1395,29,1615,1034,390,390,0,644,2679,99,99,0,2580,,,,,,,,,,,,,,,,,,,,,,,,,,,,,,,,,,,,,,,,,,,,,,,,,,,,,,,,,,,,,,,,,,,,,,,,,,,,,,,,,,,,,,,,,,,,,,,,,,,,,,,,,,,,,,,,,,,,,,,,,,,,,,,,,,,,,,,,,,,,,,,,,,,,,,,,,,,,,,
ACSSF,2013e1,dc,000,0102,0000015,255806,113231,8867,1758,58,1700,650,1050,7109,12557,9366,155,9211,5040,4171,3191,57093,43338,82,43256,34457,8799,13755,18292,11588,0,11588,10311,1277,6704,5734,760,695,65,4974,10688,1347,1271,76,9341,142575,9190,2740,0,2740,1389,1351,6450,14747,9294,0,9294,6937,2357,5453,67888,51245,0,51245,42578,8667,16643,22968,12986,0,12986,11514,1472,9982,8054,1980,1882,98,6074,19728,1143,1102,41,18585,,,,,,,,,,,,,,,,,,,,,,,,,,,,,,,,,,,,,,,,,,,,,,,,,,,,,,,,,,,,,,,,,,,,,,,,,,,,,,,,,,,,,,,,,,,,,,,,,,,,,,,,,,,,,,,,,,,,,,,,,,,,,,,,,,,,,,,,,,,,,,,,,,,,,,,,,,,,,,
