ACSSF,2013e1,dc,000,0121,0000001,333111,277,8293,4492,1848,18078,7924,10770,16480,79915,67816,30479,29866,56873,205674,194,2056,3142,480,2137,1715,7735,9977,61947,45076,7793,18884,44538,51533,0,192,64,163,693,324,180,914,8910,13470,18349,4914,3360,56549,0,364,699,739,13950,2345,2529,5273,7358,8310,3228,3667,8087,8761,83,5491,0,31,47,290,36,274,371,303,355,1123,357,10594,0,190,587,435,1251,3250,290,42,1329,657,754,1278,531
ACSSF,2013e1,dc,000,0121,0000002,333111,277,8293,4492,1848,18078,7924,10770,16480,79915,67816,30479,29866,56873,205674,194,2056,3142,480,2137,1715,7735,9977,61947,45076,7793,18884,44538,51533,0,192,64,163,693,324,180,914,8910,13470,18349,4914,3360,56549,0,364,699,739,13950,2345,2529,5273,7358,8310,3228,3667,8087,8761,83,5491,0,31,47,290,36,274,371,303,355,1123,357,10594,0,190,587,435,1251,3250,290,42,1329,657,754,1278,531
ACSSF,2013e1,dc,000,0121,0000003,333111,277,8293,4492,1848,18078,7924,10770,16480,79915,67816,30479,29866,56873,205674,194,2056,3142,480,2137,1715,7735,9977,61947,45076,7793,18884,44538,51533,0,192,64,163,693,324,180,914,8910,13470,18349,4914,3360,56549,0,364,699,739,13950,2345,2529,5273,7358,8310,3228,3667,8087,8761,83,5491,0,31,47,290,36,274,371,303,355,1123,357,10594,0,190,587,435,1251,3250,290,42,1329,657,754,1278,531
ACSSF,2013e1,dc,000,0121,0000004,333111,277,8293,4492,1848,18078,7924,10770,16480,79915,67816,30479,29866,56873,205674,194,2056,3142,480,2137,1715,7735,9977,61947,45076,7793,18884,44538,51533,0,192,64,163,693,324,180,914,8910,13470,18349,4914,3360,56549,0,364,699,739,13950,2345,2529,5273,7358,8310,3228,3667,8087,8761,83,5491,0,31,47,290,36,274,371,303,355,1123,357,10594,0,190,587,435,1251,3250,290,42,1329,657,754,1278,531
ACSSF,2013e1,dc,000,0121,0000005,333111,277,8293,4492,1848,18078,7924,10770,16480,79915,67816,30479,29866,56873,205674,194,2056,3142,480,2137,1715,7735,9977,61947,45076,7793,18884,44538,51533,0,192,64,163,693,324,180,914,8910,13470,18349,4914,3360,56549,0,364,699,739,13950,2345,2529,5273,7358,8310,3228,3667,8087,8761,83,5491,0,31,47,290,36,274,371,303,355,1123,357,10594,0,190,587,435,1251,3250,290,42,1329,657,754,1278,531
ACSSF,2013e1,dc,000,0121,0000006,333111,277,8293,4492,1848,18078,7924,10770,16480,79915,67816,30479,29866,56873,205674,194,2056,3142,480,2137,1715,7735,9977,61947,45076,7793,18884,44538,51533,0,192,64,163,693,324,180,914,8910,13470,18349,4914,3360,56549,0,364,699,739,13950,2345,2529,5273,7358,8310,3228,3667,8087,8761,83,5491,0,31,47,290,36,274,371,303,355,1123,357,10594,0,190,587,435,1251,3250,290,42,1329,657,754,1278,531
ACSSF,2013e1,dc,000,0121,0000007,333111,277,8293,4492,1848,18078,7924,10770,16480,79915,67816,30479,29866,56873,205674,194,2056,3142,480,2137,1715,7735,9977,61947,45076,7793,18884,44538,51533,0,192,64,163,693,324,180,914,8910,13470,18349,4914,3360,56549,0,364,699,739,13950,2345,2529,5273,7358,8310,3228,3667,8087,8761,83,5491,0,31,47,290,36,274,371,303,355,1123,357,10594,0,190,587,435,1251,3250,290,42,1329,657,754,1278,531
ACSSF,2013e1,dc,000,0121,0000008,333111,277,8293,4492,1848,18078,7924,10770,16480,79915,67816,30479,29866,56873,205674,194,2056,3142,480,2137,1715,7735,9977,61947,45076,7793,18884,44538,51533,0,192,64,163,693,324,180,914,8910,13470,18349,4914,3360,56549,0,364,699,739,13950,2345,2529,5273,7358,8310,3228,3667,8087,8761,83,5491,0,31,47,290,36,274,371,303,355,1123,357,10594,0,190,587,435,1251,3250,290,42,1329,657,754,1278,531
ACSSF,2013e1,dc,000,0121,0000009,333111,277,8293,4492,1848,18078,7924,10770,16480,79915,67816,30479,29866,56873,205674,194,2056,3142,480,2137,1715,7735,9977,61947,45076,7793,18884,44538,51533,0,192,64,163,693,324,180,914,8910,13470,18349,4914,3360,56549,0,364,699,739,13950,2345,2529,5273,7358,8310,3228,3667,8087,8761,83,5491,0,31,47,290,36,274,371,303,355,1123,357,10594,0,190,587,435,1251,3250,290,42,1329,657,754,1278,531
ACSSF,2013e1,dc,000,0121,0000010,,,,,,,,,,,,,,,,,,,,,,,,,,,,,,,,,,,,,,,,,,,,,,,,,,,,,,,,,,,,,,,,,,,,,,,,,,,,,,,,,,,,
ACSSF,2013e1,dc,000,0121,0000011,,,,,,,,,,,,,,,,,,,,,,,,,,,,,,,,,,,,,,,,,,,,,,,,,,,,,,,,,,,,,,,,,,,,,,,,,,,,,,,,,,,,
ACSSF,2013e1,dc,000,0121,0000012,56345,32,1788,918,475,2529,1501,2504,2717,12327,10890,4309,4791,11564,37264,32,651,470,95,301,423,1858,1630,9782,7203,1504,3558,9757,7053,0,0,0,0,114,51,0,332,1013,2017,2484,491,551,8624,0,99,287,224,1708,462,600,755,1235,1662,192,380,1020,1478,0,1011,0,0,0,130,0,0,0,0,0,169,168,1926,0,27,161,156,406,435,46,0,297,8,129,193,68
ACSSF,2013e1,dc,000,0121,0000013,48111,74,2131,277,134,5802,2312,1010,1539,7270,11638,5186,2994,7744,12509,0,292,104,0,191,45,203,514,2234,4513,458,611,3344,13712,0,0,64,0,114,220,0,326,2851,4844,2793,1186,1314,15564,0,0,109,0,5179,741,657,539,1582,2063,1403,601,2690,2713,74,1676,0,0,47,35,0,160,120,87,303,113,98,3613,0,163,0,134,271,1271,150,0,483,131,229,483,298
ACSSF,2013e1,dc,000,0121,0000014,,,,,,,,,,,,,,,,,,,,,,,,,,,,,,,,,,,,,,,,,,,,,,,,,,,,,,,,,,,,,,,,,,,,,,,,,,,,,,,,,,,,
ACSSF,2013e1,dc,000,0121,0000015,333111,277,8293,4492,1848,18078,7924,10770,16480,79915,67816,30479,29866,56873,205674,194,2056,3142,480,2137,1715,7735,9977,61947,45076,7793,18884,44538,51533,0,192,64,163,693,324,180,914,8910,13470,18349,4914,3360,56549,0,364,699,739,13950,2345,2529,5273,7358,8310,3228,3667,8087,8761,83,5491,0,31,47,290,36,274,371,303,355,1123,357,10594,0,190,587,435,1251,3250,290,42,1329,657,754,1278,531
