ACSSF,2013e1,dc,000,0062,0000001,249606,119864,60669,34421,1140,8047,576,16485,45519,22637,1927,5687,1358,13910,13676,7135,602,1361,741,3837,129742,71662,34216,2620,6632,1732,26462,42754,15783,2070,5235,4134,15532,15326,3997,917,1086,2699,6627,280349,9406,12371,7585,12151,75199,10722,3257,10392,29883,11894,27507,30025,11996,17963,9998,50133,18425,1824,9876,5285,14723,,,,,,,11851,6471,813,1891,341,2335,,,,,,,4367,1974,154,806,327,1106,8291,3543,217,1150,496,2885,160308,79467,5685,13167,4194,57795,21770,11831,864,2354,911,5810
ACSSF,2013e1,dc,000,0062,0000002,249606,119864,60669,34421,1140,8047,576,16485,45519,22637,1927,5687,1358,13910,13676,7135,602,1361,741,3837,129742,71662,34216,2620,6632,1732,26462,42754,15783,2070,5235,4134,15532,15326,3997,917,1086,2699,6627,280349,9406,12371,7585,12151,75199,10722,3257,10392,29883,11894,27507,30025,11996,17963,9998,50133,18425,1824,9876,5285,14723,,,,,,,11851,6471,813,1891,341,2335,,,,,,,4367,1974,154,806,327,1106,8291,3543,217,1150,496,2885,160308,79467,5685,13167,4194,57795,21770,11831,864,2354,911,5810
ACSSF,2013e1,dc,000,0062,0000003,249606,119864,60669,34421,1140,8047,576,16485,45519,22637,1927,5687,1358,13910,13676,7135,602,1361,741,3837,129742,71662,34216,2620,6632,1732,26462,42754,15783,2070,5235,4134,15532,15326,3997,917,1086,2699,6627,280349,9406,12371,7585,12151,75199,10722,3257,10392,29883,11894,27507,30025,11996,17963,9998,50133,18425,1824,9876,5285,14723,,,,,,,11851,6471,813,1891,341,2335,,,,,,,4367,1974,154,806,327,1106,8291,3543,217,1150,496,2885,160308,79467,5685,13167,4194,57795,21770,11831,864,2354,911,5810
ACSSF,2013e1,dc,000,0062,0000004,249606,119864,60669,34421,1140,8047,576,16485,45519,22637,1927,5687,1358,13910,13676,7135,602,1361,741,3837,129742,71662,34216,2620,6632,1732,26462,42754,15783,2070,5235,4134,15532,15326,3997,917,1086,2699,6627,280349,9406,12371,7585,12151,75199,10722,3257,10392,29883,11894,27507,30025,11996,17963,9998,50133,18425,1824,9876,5285,14723,,,,,,,11851,6471,813,1891,341,2335,,,,,,,4367,1974,154,806,327,1106,8291,3543,217,1150,496,2885,160308,79467,5685,13167,4194,57795,21770,11831,864,2354,911,5810
ACSSF,2013e1,dc,000,0062,0000005,249606,119864,60669,34421,1140,8047,576,16485,45519,22637,1927,5687,1358,13910,13676,7135,602,1361,741,3837,129742,71662,34216,2620,6632,1732,26462,42754,15783,2070,5235,4134,15532,15326,3997,917,1086,2699,6627,280349,9406,12371,7585,12151,75199,10722,3257,10392,29883,11894,27507,30025,11996,17963,9998,50133,18425,1824,9876,5285,14723,,,,,,,11851,6471,813,1891,341,2335,,,,,,,4367,1974,154,806,327,1106,8291,3543,217,1150,496,2885,160308,79467,5685,13167,4194,57795,21770,11831,864,2354,911,5810
ACSSF,2013e1,dc,000,0062,0000006,249606,119864,60669,34421,1140,8047,576,16485,45519,22637,1927,5687,1358,13910,13676,7135,602,1361,741,3837,129742,71662,34216,2620,6632,1732,26462,42754,15783,2070,5235,4134,15532,15326,3997,917,1086,2699,6627,280349,9406,12371,7585,12151,75199,10722,3257,10392,29883,11894,27507,30025,11996,17963,9998,50133,18425,1824,9876,5285,14723,,,,,,,11851,6471,813,1891,341,2335,,,,,,,4367,1974,154,806,327,1106,8291,3543,217,1150,496,2885,160308,79467,5685,13167,4194,57795,21770,11831,864,2354,911,5810
ACSSF,2013e1,dc,000,0062,0000007,249606,119864,60669,34421,1140,8047,576,16485,45519,22637,1927,5687,1358,13910,13676,7135,602,1361,741,3837,129742,71662,34216,2620,6632,1732,26462,42754,15783,2070,5235,4134,15532,15326,3997,917,1086,2699,6627,280349,9406,12371,7585,12151,75199,10722,3257,10392,29883,11894,27507,30025,11996,17963,9998,50133,18425,1824,9876,5285,14723,,,,,,,11851,6471,813,1891,341,2335,,,,,,,4367,1974,154,806,327,1106,8291,3543,217,1150,496,2885,160308,79467,5685,13167,4194,57795,21770,11831,864,2354,911,5810
ACSSF,2013e1,dc,000,0062,0000008,249606,119864,60669,34421,1140,8047,576,16485,45519,22637,1927,5687,1358,13910,13676,7135,602,1361,741,3837,129742,71662,34216,2620,6632,1732,26462,42754,15783,2070,5235,4134,15532,15326,3997,917,1086,2699,6627,280349,9406,12371,7585,12151,75199,10722,3257,10392,29883,11894,27507,30025,11996,17963,9998,50133,18425,1824,9876,5285,14723,,,,,,,11851,6471,813,1891,341,2335,,,,,,,4367,1974,154,806,327,1106,8291,3543,217,1150,496,2885,160308,79467,5685,13167,4194,57795,21770,11831,864,2354,911,5810
ACSSF,2013e1,dc,000,0062,0000009,249606,119864,60669,34421,1140,8047,576,16485,45519,22637,1927,5687,1358,13910,13676,7135,602,1361,741,3837,129742,71662,34216,2620,6632,1732,26462,42754,15783,2070,5235,4134,15532,15326,3997,917,1086,2699,6627,280349,9406,12371,7585,12151,75199,10722,3257,10392,29883,11894,27507,30025,11996,17963,9998,50133,18425,1824,9876,5285,14723,,,,,,,11851,6471,813,1891,341,2335,,,,,,,4367,1974,154,806,327,1106,8291,3543,217,1150,496,2885,160308,79467,5685,13167,4194,57795,21770,11831,864,2354,911,5810
ACSSF,2013e1,dc,000,0062,0000010,63842,28033,9046,4612,0,1570,0,2864,12908,6680,549,1425,0,4254,6079,3663,328,591,117,1380,35809,15331,6799,238,1882,403,6009,13703,5336,606,1025,630,6106,6775,1891,315,273,712,3584,71909,1856,3663,1935,3207,18241,2588,989,2151,7370,1931,9734,9731,3159,4197,1157,,,,,,,,,,,,,3161,1313,226,450,123,1049,,,,,,,,,,,,,1752,626,0,349,156,621,49566,21973,1628,4773,1353,19839,6308,3506,182,655,216,1749
ACSSF,2013e1,dc,000,0062,0000011,42201,21374,10710,6676,65,1511,87,2371,8684,4081,485,913,713,2492,1980,890,144,128,325,493,20827,10007,4426,480,893,537,3671,8771,3186,327,1024,1650,2584,2049,324,109,47,700,869,46251,2331,2659,908,1651,11482,1754,373,1855,4611,4176,3291,4233,1902,2797,2228,16452,6632,244,2891,2408,4277,,,,,,,1392,554,330,0,144,364,,,,,,,,,,,,,,,,,,,19982,10359,668,1345,1036,6574,4102,2057,368,381,424,872
ACSSF,2013e1,dc,000,0062,0000012,44031,20012,11005,5562,225,1033,70,4115,6958,3660,347,1363,127,1461,2049,701,74,217,117,940,24019,12821,6583,267,1143,457,4371,8968,2980,699,1507,700,3082,2230,422,250,452,463,643,49110,1094,1819,1494,2477,12267,1807,465,2336,6027,2061,4601,4630,2806,3272,1954,11807,3691,787,3026,920,3383,,,,,,,,,,,,,,,,,,,,,,,,,1103,468,0,88,90,457,27049,13446,981,2113,868,9641,3217,1745,60,400,0,1012
ACSSF,2013e1,dc,000,0062,0000013,11553,4605,1370,596,0,448,0,326,2393,1002,35,493,131,732,842,176,56,194,62,354,6948,2965,1310,140,594,92,829,2829,477,170,715,488,979,1154,291,66,111,416,270,12441,747,505,305,646,1705,430,44,505,2555,1255,801,679,555,624,1085,9129,2823,336,2041,1016,2913,,,,,,,,,,,,,,,,,,,,,,,,,,,,,,,1331,402,96,304,130,399,,,,,,
ACSSF,2013e1,dc,000,0062,0000014,87979,45840,28538,16975,850,3485,419,6809,14576,7214,511,1493,387,4971,2726,1705,0,231,120,670,42139,30538,15098,1495,2120,243,11582,8483,3804,268,964,666,2781,3118,1069,177,203,408,1261,100638,3378,3725,2943,4170,31504,4143,1386,3545,9320,2471,9080,10752,3574,7073,3574,9137,3449,457,1319,927,2985,,,,,,,5951,3615,223,1268,74,771,,,,,,,,,,,,,,,,,,,62380,33287,2312,4632,807,21342,7546,4086,219,918,271,2052
ACSSF,2013e1,dc,000,0062,0000015,249606,119864,60669,34421,1140,8047,576,16485,45519,22637,1927,5687,1358,13910,13676,7135,602,1361,741,3837,129742,71662,34216,2620,6632,1732,26462,42754,15783,2070,5235,4134,15532,15326,3997,917,1086,2699,6627,280349,9406,12371,7585,12151,75199,10722,3257,10392,29883,11894,27507,30025,11996,17963,9998,50133,18425,1824,9876,5285,14723,,,,,,,11851,6471,813,1891,341,2335,,,,,,,4367,1974,154,806,327,1106,8291,3543,217,1150,496,2885,160308,79467,5685,13167,4194,57795,21770,11831,864,2354,911,5810
