ACSSF,2013e1,dc,000,0023,0000001,,,,,,,,,,,,,,,,,,,,,,,,,,,,,,,,,,,,,,,,,,,,,,,,,,,,,,,,,,,,,,,,,,,,,,,,,,,,,,,,,,,,,,,,,,,,,,,,,34.2,37.2,28.1,.,26.3,28.0,,,,,,,636535,301645,334890,509958,241651,268307,68917,33895,35022,0,0,0,46571,21052,25519,11089,5047,6042,,,,,,,,,,,,,,,,,,,260669,193346,30897,0,29350,7076,310978,267122,29691,0,12760,1405,,,,,,,22925,15832,3981,0,1636,1476,,,,,,,20902,16957,2644,0,1116,185,,,,,,,,,,,,,,,,,,,,,,,,,,,,,,,,,,,,,,,,,,,,,,,,,,,,,,,,,,,,
ACSSF,2013e1,dc,000,0023,0000002,,,,,,,,,,,,,,,,,,,,,,,,,,,,,,,,,,,,,,,,,,,,,,,,,,,,,,,,,,,,,,,,,,,,,,,,,,,,,,,,,,,,,,,,,,,,,,,,,34.2,37.2,28.1,.,26.3,28.0,,,,,,,636535,301645,334890,509958,241651,268307,68917,33895,35022,0,0,0,46571,21052,25519,11089,5047,6042,,,,,,,,,,,,,,,,,,,260669,193346,30897,0,29350,7076,310978,267122,29691,0,12760,1405,,,,,,,22925,15832,3981,0,1636,1476,,,,,,,20902,16957,2644,0,1116,185,,,,,,,,,,,,,,,,,,,,,,,,,,,,,,,,,,,,,,,,,,,,,,,,,,,,,,,,,,,,
ACSSF,2013e1,dc,000,0023,0000003,,,,,,,,,,,,,,,,,,,,,,,,,,,,,,,,,,,,,,,,,,,,,,,,,,,,,,,,,,,,,,,,,,,,,,,,,,,,,,,,,,,,,,,,,,,,,,,,,34.2,37.2,28.1,.,26.3,28.0,,,,,,,636535,301645,334890,509958,241651,268307,68917,33895,35022,0,0,0,46571,21052,25519,11089,5047,6042,,,,,,,,,,,,,,,,,,,260669,193346,30897,0,29350,7076,310978,267122,29691,0,12760,1405,,,,,,,22925,15832,3981,0,1636,1476,,,,,,,20902,16957,2644,0,1116,185,,,,,,,,,,,,,,,,,,,,,,,,,,,,,,,,,,,,,,,,,,,,,,,,,,,,,,,,,,,,
ACSSF,2013e1,dc,000,0023,0000004,,,,,,,,,,,,,,,,,,,,,,,,,,,,,,,,,,,,,,,,,,,,,,,,,,,,,,,,,,,,,,,,,,,,,,,,,,,,,,,,,,,,,,,,,,,,,,,,,34.2,37.2,28.1,.,26.3,28.0,,,,,,,636535,301645,334890,509958,241651,268307,68917,33895,35022,0,0,0,46571,21052,25519,11089,5047,6042,,,,,,,,,,,,,,,,,,,260669,193346,30897,0,29350,7076,310978,267122,29691,0,12760,1405,,,,,,,22925,15832,3981,0,1636,1476,,,,,,,20902,16957,2644,0,1116,185,,,,,,,,,,,,,,,,,,,,,,,,,,,,,,,,,,,,,,,,,,,,,,,,,,,,,,,,,,,,
ACSSF,2013e1,dc,000,0023,0000005,,,,,,,,,,,,,,,,,,,,,,,,,,,,,,,,,,,,,,,,,,,,,,,,,,,,,,,,,,,,,,,,,,,,,,,,,,,,,,,,,,,,,,,,,,,,,,,,,34.2,37.2,28.1,.,26.3,28.0,,,,,,,636535,301645,334890,509958,241651,268307,68917,33895,35022,0,0,0,46571,21052,25519,11089,5047,6042,,,,,,,,,,,,,,,,,,,260669,193346,30897,0,29350,7076,310978,267122,29691,0,12760,1405,,,,,,,22925,15832,3981,0,1636,1476,,,,,,,20902,16957,2644,0,1116,185,,,,,,,,,,,,,,,,,,,,,,,,,,,,,,,,,,,,,,,,,,,,,,,,,,,,,,,,,,,,
ACSSF,2013e1,dc,000,0023,0000006,,,,,,,,,,,,,,,,,,,,,,,,,,,,,,,,,,,,,,,,,,,,,,,,,,,,,,,,,,,,,,,,,,,,,,,,,,,,,,,,,,,,,,,,,,,,,,,,,34.2,37.2,28.1,.,26.3,28.0,,,,,,,636535,301645,334890,509958,241651,268307,68917,33895,35022,0,0,0,46571,21052,25519,11089,5047,6042,,,,,,,,,,,,,,,,,,,260669,193346,30897,0,29350,7076,310978,267122,29691,0,12760,1405,,,,,,,22925,15832,3981,0,1636,1476,,,,,,,20902,16957,2644,0,1116,185,,,,,,,,,,,,,,,,,,,,,,,,,,,,,,,,,,,,,,,,,,,,,,,,,,,,,,,,,,,,
ACSSF,2013e1,dc,000,0023,0000007,,,,,,,,,,,,,,,,,,,,,,,,,,,,,,,,,,,,,,,,,,,,,,,,,,,,,,,,,,,,,,,,,,,,,,,,,,,,,,,,,,,,,,,,,,,,,,,,,34.2,37.2,28.1,.,26.3,28.0,,,,,,,636535,301645,334890,509958,241651,268307,68917,33895,35022,0,0,0,46571,21052,25519,11089,5047,6042,,,,,,,,,,,,,,,,,,,260669,193346,30897,0,29350,7076,310978,267122,29691,0,12760,1405,,,,,,,22925,15832,3981,0,1636,1476,,,,,,,20902,16957,2644,0,1116,185,,,,,,,,,,,,,,,,,,,,,,,,,,,,,,,,,,,,,,,,,,,,,,,,,,,,,,,,,,,,
ACSSF,2013e1,dc,000,0023,0000008,,,,,,,,,,,,,,,,,,,,,,,,,,,,,,,,,,,,,,,,,,,,,,,,,,,,,,,,,,,,,,,,,,,,,,,,,,,,,,,,,,,,,,,,,,,,,,,,,34.2,37.2,28.1,.,26.3,28.0,,,,,,,636535,301645,334890,509958,241651,268307,68917,33895,35022,0,0,0,46571,21052,25519,11089,5047,6042,,,,,,,,,,,,,,,,,,,260669,193346,30897,0,29350,7076,310978,267122,29691,0,12760,1405,,,,,,,22925,15832,3981,0,1636,1476,,,,,,,20902,16957,2644,0,1116,185,,,,,,,,,,,,,,,,,,,,,,,,,,,,,,,,,,,,,,,,,,,,,,,,,,,,,,,,,,,,
ACSSF,2013e1,dc,000,0023,0000009,,,,,,,,,,,,,,,,,,,,,,,,,,,,,,,,,,,,,,,,,,,,,,,,,,,,,,,,,,,,,,,,,,,,,,,,,,,,,,,,,,,,,,,,,,,,,,,,,34.2,37.2,28.1,.,26.3,28.0,,,,,,,636535,301645,334890,509958,241651,268307,68917,33895,35022,0,0,0,46571,21052,25519,11089,5047,6042,,,,,,,,,,,,,,,,,,,260669,193346,30897,0,29350,7076,310978,267122,29691,0,12760,1405,,,,,,,22925,15832,3981,0,1636,1476,,,,,,,20902,16957,2644,0,1116,185,,,,,,,,,,,,,,,,,,,,,,,,,,,,,,,,,,,,,,,,,,,,,,,,,,,,,,,,,,,,
ACSSF,2013e1,dc,000,0023,0000010,,,,,,,,,,,,,,,,,,,,,,,,,,,,,,,,,,,,,,,,,,,,,,,,,,,,,,,,,,,,,,,,,,,,,,,,,,,,,,,,,,,,,,,,,,,,,,,,,36.3,43.0,24.6,.,24.8,28.4,,,,,,,104789,47635,57154,78441,36003,42438,12293,5957,6336,0,0,0,9554,4312,5242,4501,1363,3138,,,,,,,,,,,,,,,,,,,83028,62808,9539,0,7974,2707,7868,5733,1075,0,760,300,,,,,,,5953,3321,1267,0,484,881,,,,,,,,,,,,,,,,,,,,,,,,,,,,,,,,,,,,,,,,,,,,,,,,,,,,,,,,,,,,,,,,,,,,,,,,
ACSSF,2013e1,dc,000,0023,0000011,,,,,,,,,,,,,,,,,,,,,,,,,,,,,,,,,,,,,,,,,,,,,,,,,,,,,,,,,,,,,,,,,,,,,,,,,,,,,,,,,,,,,,,,,,,,,,,,,35.1,38.1,29.2,.,27.5,29.4,,,,,,,121114,59565,61549,103233,50375,52858,9535,4640,4895,0,0,0,6606,3570,3036,1740,980,760,,,,,,,,,,,,,,,,,,,41179,32131,4128,0,3839,1081,61635,55492,3763,0,1906,474,,,,,,,,,,,,,,,,,,,,,,,,,,,,,,,,,,,,,,,,,,,,,,,,,,,,,,,,,,,,,,,,,,,,,,,,,,,,,,,,,,,,
ACSSF,2013e1,dc,000,0023,0000012,,,,,,,,,,,,,,,,,,,,,,,,,,,,,,,,,,,,,,,,,,,,,,,,,,,,,,,,,,,,,,,,,,,,,,,,,,,,,,,,,,,,,,,,,,,,,,,,,36.8,40.2,30.4,.,27.5,25.8,,,,,,,111699,54780,56919,89764,44579,45185,12472,6180,6292,0,0,0,8517,3695,4822,946,326,620,,,,,,,,,,,,,,,,,,,41487,31300,4616,0,4736,835,63163,53775,6424,0,2855,109,,,,,,,,,,,,,,,,,,,,,,,,,,,,,,,,,,,,,,,,,,,,,,,,,,,,,,,,,,,,,,,,,,,,,,,,,,,,,,,,,,,,
ACSSF,2013e1,dc,000,0023,0000013,,,,,,,,,,,,,,,,,,,,,,,,,,,,,,,,,,,,,,,,,,,,,,,,,,,,,,,,,,,,,,,,,,,,,,,,,,,,,,,,,,,,,,,,,,,,,,,,,33.3,34.0,29.9,.,26.9,50.4,,,,,,,146917,64629,82288,127524,55796,71728,14185,6834,7351,0,0,0,4939,1887,3052,269,112,157,,,,,,,,,,,,,,,,,,,,,,,,,138251,120281,13498,0,4203,269,,,,,,,,,,,,,,,,,,,,,,,,,,,,,,,,,,,,,,,,,,,,,,,,,,,,,,,,,,,,,,,,,,,,,,,,,,,,,,,,,,,,
ACSSF,2013e1,dc,000,0023,0000014,,,,,,,,,,,,,,,,,,,,,,,,,,,,,,,,,,,,,,,,,,,,,,,,,,,,,,,,,,,,,,,,,,,,,,,,,,,,,,,,,,,,,,,,,,,,,,,,,31.5,34.9,27.2,.,25.7,26.2,,,,,,,152016,75036,76980,110996,54898,56098,20432,10284,10148,0,0,0,16955,7588,9367,3633,2266,1367,,,,,,,,,,,,,,,,,,,89364,62253,12446,0,12212,2453,40061,31841,4931,0,3036,253,,,,,,,11022,8312,1466,0,834,410,,,,,,,,,,,,,,,,,,,,,,,,,,,,,,,,,,,,,,,,,,,,,,,,,,,,,,,,,,,,,,,,,,,,,,,,
ACSSF,2013e1,dc,000,0023,0000015,,,,,,,,,,,,,,,,,,,,,,,,,,,,,,,,,,,,,,,,,,,,,,,,,,,,,,,,,,,,,,,,,,,,,,,,,,,,,,,,,,,,,,,,,,,,,,,,,34.2,37.2,28.1,.,26.3,28.0,,,,,,,636535,301645,334890,509958,241651,268307,68917,33895,35022,0,0,0,46571,21052,25519,11089,5047,6042,,,,,,,,,,,,,,,,,,,260669,193346,30897,0,29350,7076,310978,267122,29691,0,12760,1405,,,,,,,22925,15832,3981,0,1636,1476,,,,,,,20902,16957,2644,0,1116,185,,,,,,,,,,,,,,,,,,,,,,,,,,,,,,,,,,,,,,,,,,,,,,,,,,,,,,,,,,,,
