ACSSF,2013e1,dc,000,0072,0000001,,,,,,,,,,,,,,,,,,,,,,,,,,,,,,,,,,,,,,,,,,,,,,,,,,,,,,,,,,,,,,,,,,,,,,,,,,,,,,,,,,,120467,18901,3481,1279,15420,2054,1749,13366,10786,101566,62324,25575,39242,9715,4516,29527,15294,44098,1716,1049,411,667,0,0,667,667,42382,36824,14390,5558,2439,1302,3119,2287,65950,16555,2044,620,14511,2036,1749,12475,9895,49395,18972,7011,30423,5771,2906,24652,12153,,,,,,,,,,,,,,,,,,,,,,,,,,,,,,,,,,,,,,,,,,,,,,,,,,,,,,,,,,,,,,,,,,,,,,,,,,,,,,,,,,,,,,37865,996,521,255,475,0,0,475,475,36869,33051,12039,3818,1535,1028,2283,1451
ACSSF,2013e1,dc,000,0072,0000002,,,,,,,,,,,,,,,,,,,,,,,,,,,,,,,,,,,,,,,,,,,,,,,,,,,,,,,,,,,,,,,,,,,,,,,,,,,,,,,,,,,120467,18901,3481,1279,15420,2054,1749,13366,10786,101566,62324,25575,39242,9715,4516,29527,15294,44098,1716,1049,411,667,0,0,667,667,42382,36824,14390,5558,2439,1302,3119,2287,65950,16555,2044,620,14511,2036,1749,12475,9895,49395,18972,7011,30423,5771,2906,24652,12153,,,,,,,,,,,,,,,,,,,,,,,,,,,,,,,,,,,,,,,,,,,,,,,,,,,,,,,,,,,,,,,,,,,,,,,,,,,,,,,,,,,,,,37865,996,521,255,475,0,0,475,475,36869,33051,12039,3818,1535,1028,2283,1451
ACSSF,2013e1,dc,000,0072,0000003,,,,,,,,,,,,,,,,,,,,,,,,,,,,,,,,,,,,,,,,,,,,,,,,,,,,,,,,,,,,,,,,,,,,,,,,,,,,,,,,,,,120467,18901,3481,1279,15420,2054,1749,13366,10786,101566,62324,25575,39242,9715,4516,29527,15294,44098,1716,1049,411,667,0,0,667,667,42382,36824,14390,5558,2439,1302,3119,2287,65950,16555,2044,620,14511,2036,1749,12475,9895,49395,18972,7011,30423,5771,2906,24652,12153,,,,,,,,,,,,,,,,,,,,,,,,,,,,,,,,,,,,,,,,,,,,,,,,,,,,,,,,,,,,,,,,,,,,,,,,,,,,,,,,,,,,,,37865,996,521,255,475,0,0,475,475,36869,33051,12039,3818,1535,1028,2283,1451
ACSSF,2013e1,dc,000,0072,0000004,,,,,,,,,,,,,,,,,,,,,,,,,,,,,,,,,,,,,,,,,,,,,,,,,,,,,,,,,,,,,,,,,,,,,,,,,,,,,,,,,,,120467,18901,3481,1279,15420,2054,1749,13366,10786,101566,62324,25575,39242,9715,4516,29527,15294,44098,1716,1049,411,667,0,0,667,667,42382,36824,14390,5558,2439,1302,3119,2287,65950,16555,2044,620,14511,2036,1749,12475,9895,49395,18972,7011,30423,5771,2906,24652,12153,,,,,,,,,,,,,,,,,,,,,,,,,,,,,,,,,,,,,,,,,,,,,,,,,,,,,,,,,,,,,,,,,,,,,,,,,,,,,,,,,,,,,,37865,996,521,255,475,0,0,475,475,36869,33051,12039,3818,1535,1028,2283,1451
ACSSF,2013e1,dc,000,0072,0000005,,,,,,,,,,,,,,,,,,,,,,,,,,,,,,,,,,,,,,,,,,,,,,,,,,,,,,,,,,,,,,,,,,,,,,,,,,,,,,,,,,,120467,18901,3481,1279,15420,2054,1749,13366,10786,101566,62324,25575,39242,9715,4516,29527,15294,44098,1716,1049,411,667,0,0,667,667,42382,36824,14390,5558,2439,1302,3119,2287,65950,16555,2044,620,14511,2036,1749,12475,9895,49395,18972,7011,30423,5771,2906,24652,12153,,,,,,,,,,,,,,,,,,,,,,,,,,,,,,,,,,,,,,,,,,,,,,,,,,,,,,,,,,,,,,,,,,,,,,,,,,,,,,,,,,,,,,37865,996,521,255,475,0,0,475,475,36869,33051,12039,3818,1535,1028,2283,1451
ACSSF,2013e1,dc,000,0072,0000006,,,,,,,,,,,,,,,,,,,,,,,,,,,,,,,,,,,,,,,,,,,,,,,,,,,,,,,,,,,,,,,,,,,,,,,,,,,,,,,,,,,120467,18901,3481,1279,15420,2054,1749,13366,10786,101566,62324,25575,39242,9715,4516,29527,15294,44098,1716,1049,411,667,0,0,667,667,42382,36824,14390,5558,2439,1302,3119,2287,65950,16555,2044,620,14511,2036,1749,12475,9895,49395,18972,7011,30423,5771,2906,24652,12153,,,,,,,,,,,,,,,,,,,,,,,,,,,,,,,,,,,,,,,,,,,,,,,,,,,,,,,,,,,,,,,,,,,,,,,,,,,,,,,,,,,,,,37865,996,521,255,475,0,0,475,475,36869,33051,12039,3818,1535,1028,2283,1451
ACSSF,2013e1,dc,000,0072,0000007,,,,,,,,,,,,,,,,,,,,,,,,,,,,,,,,,,,,,,,,,,,,,,,,,,,,,,,,,,,,,,,,,,,,,,,,,,,,,,,,,,,120467,18901,3481,1279,15420,2054,1749,13366,10786,101566,62324,25575,39242,9715,4516,29527,15294,44098,1716,1049,411,667,0,0,667,667,42382,36824,14390,5558,2439,1302,3119,2287,65950,16555,2044,620,14511,2036,1749,12475,9895,49395,18972,7011,30423,5771,2906,24652,12153,,,,,,,,,,,,,,,,,,,,,,,,,,,,,,,,,,,,,,,,,,,,,,,,,,,,,,,,,,,,,,,,,,,,,,,,,,,,,,,,,,,,,,37865,996,521,255,475,0,0,475,475,36869,33051,12039,3818,1535,1028,2283,1451
ACSSF,2013e1,dc,000,0072,0000008,,,,,,,,,,,,,,,,,,,,,,,,,,,,,,,,,,,,,,,,,,,,,,,,,,,,,,,,,,,,,,,,,,,,,,,,,,,,,,,,,,,120467,18901,3481,1279,15420,2054,1749,13366,10786,101566,62324,25575,39242,9715,4516,29527,15294,44098,1716,1049,411,667,0,0,667,667,42382,36824,14390,5558,2439,1302,3119,2287,65950,16555,2044,620,14511,2036,1749,12475,9895,49395,18972,7011,30423,5771,2906,24652,12153,,,,,,,,,,,,,,,,,,,,,,,,,,,,,,,,,,,,,,,,,,,,,,,,,,,,,,,,,,,,,,,,,,,,,,,,,,,,,,,,,,,,,,37865,996,521,255,475,0,0,475,475,36869,33051,12039,3818,1535,1028,2283,1451
ACSSF,2013e1,dc,000,0072,0000009,,,,,,,,,,,,,,,,,,,,,,,,,,,,,,,,,,,,,,,,,,,,,,,,,,,,,,,,,,,,,,,,,,,,,,,,,,,,,,,,,,,120467,18901,3481,1279,15420,2054,1749,13366,10786,101566,62324,25575,39242,9715,4516,29527,15294,44098,1716,1049,411,667,0,0,667,667,42382,36824,14390,5558,2439,1302,3119,2287,65950,16555,2044,620,14511,2036,1749,12475,9895,49395,18972,7011,30423,5771,2906,24652,12153,,,,,,,,,,,,,,,,,,,,,,,,,,,,,,,,,,,,,,,,,,,,,,,,,,,,,,,,,,,,,,,,,,,,,,,,,,,,,,,,,,,,,,37865,996,521,255,475,0,0,475,475,36869,33051,12039,3818,1535,1028,2283,1451
ACSSF,2013e1,dc,000,0072,0000010,,,,,,,,,,,,,,,,,,,,,,,,,,,,,,,,,,,,,,,,,,,,,,,,,,,,,,,,,,,,,,,,,,,,,,,,,,,,,,,,,,,20168,373,255,255,118,0,0,118,118,19795,16634,6822,3161,1247,706,1914,1277,17459,300,255,255,45,0,0,45,45,17159,15062,6110,2097,869,706,1228,931,,,,,,,,,,,,,,,,,,,,,,,,,,,,,,,,,,,,,,,,,,,,,,,,,,,,,,,,,,,,,,,,,,,,,,,,,,,,,,,,,,,,,,,,,,,,,,,,,,,,,,,16068,300,255,255,45,0,0,45,45,15768,13671,5295,2097,869,706,1228,931
ACSSF,2013e1,dc,000,0072,0000011,,,,,,,,,,,,,,,,,,,,,,,,,,,,,,,,,,,,,,,,,,,,,,,,,,,,,,,,,,,,,,,,,,,,,,,,,,,,,,,,,,,24047,1803,751,320,1052,168,113,884,727,22244,13878,7338,8366,3403,1111,4963,2618,7507,298,106,71,192,0,0,192,192,7209,5731,3181,1478,798,303,680,650,12882,1325,465,209,860,168,113,692,535,11557,6059,2460,5498,1882,808,3616,1631,,,,,,,,,,,,,,,,,,,,,,,,,,,,,,,,,,,,,,,,,,,,,,,,,,,,,,,,,,,,,,,,,,,,,,,,,,,,,,,,,,,,,,,,,,,,,,,,,,,,,,
ACSSF,2013e1,dc,000,0072,0000012,,,,,,,,,,,,,,,,,,,,,,,,,,,,,,,,,,,,,,,,,,,,,,,,,,,,,,,,,,,,,,,,,,,,,,,,,,,,,,,,,,,20457,3272,586,198,2686,350,350,2336,1834,17185,11035,5091,6150,1478,684,4672,1860,,,,,,,,,,,,,,,,,,12146,2988,501,113,2487,350,350,2137,1635,9158,4169,1690,4989,960,391,4029,1597,,,,,,,,,,,,,,,,,,,,,,,,,,,,,,,,,,,,,,,,,,,,,,,,,,,,,,,,,,,,,,,,,,,,,,,,,,,,,,,,,,,,,,,,,,,,,,,,,,,,,,
ACSSF,2013e1,dc,000,0072,0000013,,,,,,,,,,,,,,,,,,,,,,,,,,,,,,,,,,,,,,,,,,,,,,,,,,,,,,,,,,,,,,,,,,,,,,,,,,,,,,,,,,,34950,10559,901,236,9658,1459,1227,8199,6778,24391,7274,3121,17117,2441,1101,14676,7825,,,,,,,,,,,,,,,,,,32999,10460,840,236,9620,1459,1227,8161,6740,22539,6006,2402,16533,2216,994,14317,7509,,,,,,,,,,,,,,,,,,,,,,,,,,,,,,,,,,,,,,,,,,,,,,,,,,,,,,,,,,,,,,,,,,,,,,,,,,,,,,,,,,,,,,,,,,,,,,,,,,,,,,
ACSSF,2013e1,dc,000,0072,0000014,,,,,,,,,,,,,,,,,,,,,,,,,,,,,,,,,,,,,,,,,,,,,,,,,,,,,,,,,,,,,,,,,,,,,,,,,,,,,,,,,,,20845,2894,988,270,1906,77,59,1829,1329,17951,13503,3203,4448,1146,914,3302,1714,10952,886,542,0,344,0,0,344,344,10066,8981,1688,1085,397,201,688,432,6793,1782,238,62,1544,59,59,1485,985,5011,1941,296,3070,713,713,2357,1282,,,,,,,,,,,,,,,,,,,,,,,,,,,,,,,,,,,,,,,,,,,,,,,,,,,,,,,,,,,,,,,,,,,,,,,,,,,,,,,,,,,,,,,,,,,,,,,,,,,,,,
ACSSF,2013e1,dc,000,0072,0000015,,,,,,,,,,,,,,,,,,,,,,,,,,,,,,,,,,,,,,,,,,,,,,,,,,,,,,,,,,,,,,,,,,,,,,,,,,,,,,,,,,,120467,18901,3481,1279,15420,2054,1749,13366,10786,101566,62324,25575,39242,9715,4516,29527,15294,44098,1716,1049,411,667,0,0,667,667,42382,36824,14390,5558,2439,1302,3119,2287,65950,16555,2044,620,14511,2036,1749,12475,9895,49395,18972,7011,30423,5771,2906,24652,12153,,,,,,,,,,,,,,,,,,,,,,,,,,,,,,,,,,,,,,,,,,,,,,,,,,,,,,,,,,,,,,,,,,,,,,,,,,,,,,,,,,,,,,37865,996,521,255,475,0,0,475,475,36869,33051,12039,3818,1535,1028,2283,1451
