ACSSF,2009m1,dc,000,0017,0000001,0,296,95,296,1899,907,296,296,296,507,432,88,73,279,625,467,95,342,484,212,233,211,1053,136,71,830,296,296,246,296,845,168,1091,765,1341,2890,410,1580,618,1087,665,2527,296,636,431,660,296,712,3307,207,2237,163,340,296,239,296,97,472,698,184,1618,658,315,1694,248,867,1121,163,251,177,145,296,3224,161,772,159,122,221,1703,296,73,296,112,296,82,296,2478,923,1004,729,284,542,733,1509,222,286,296,91,573,296,273,1180,584,420,335,296,161,5781,5066,0,1899,907,1053,845,1091,765,2890,1580,1087,665,2527,636,660,3307,2237,340,698,1618,658,1694,867,1121,177,3224,1004,729,542,733,1509,5786,5066
ACSSF,2009m1,dc,000,0017,0000002,0,296,95,296,1899,907,296,296,296,507,432,88,73,279,625,467,95,342,484,212,233,211,1053,136,71,830,296,296,246,296,845,168,1091,765,1341,2890,410,1580,618,1087,665,2527,296,636,431,660,296,712,3307,207,2237,163,340,296,239,296,97,472,698,184,1618,658,315,1694,248,867,1121,163,251,177,145,296,3224,161,772,159,122,221,1703,296,73,296,112,296,82,296,2478,923,1004,729,284,542,733,1509,222,286,296,91,573,296,273,1180,584,420,335,296,161,5781,5066,0,1899,907,1053,845,1091,765,2890,1580,1087,665,2527,636,660,3307,2237,340,698,1618,658,1694,867,1121,177,3224,1004,729,542,733,1509,5786,5066
ACSSF,2009m1,dc,000,0017,0000003,0,296,95,296,1899,907,296,296,296,507,432,88,73,279,625,467,95,342,484,212,233,211,1053,136,71,830,296,296,246,296,845,168,1091,765,1341,2890,410,1580,618,1087,665,2527,296,636,431,660,296,712,3307,207,2237,163,340,296,239,296,97,472,698,184,1618,658,315,1694,248,867,1121,163,251,177,145,296,3224,161,772,159,122,221,1703,296,73,296,112,296,82,296,2478,923,1004,729,284,542,733,1509,222,286,296,91,573,296,273,1180,584,420,335,296,161,5781,5066,0,1899,907,1053,845,1091,765,2890,1580,1087,665,2527,636,660,3307,2237,340,698,1618,658,1694,867,1121,177,3224,1004,729,542,733,1509,5786,5066
ACSSF,2009m1,dc,000,0017,0000004,0,296,95,296,1899,907,296,296,296,507,432,88,73,279,625,467,95,342,484,212,233,211,1053,136,71,830,296,296,246,296,845,168,1091,765,1341,2890,410,1580,618,1087,665,2527,296,636,431,660,296,712,3307,207,2237,163,340,296,239,296,97,472,698,184,1618,658,315,1694,248,867,1121,163,251,177,145,296,3224,161,772,159,122,221,1703,296,73,296,112,296,82,296,2478,923,1004,729,284,542,733,1509,222,286,296,91,573,296,273,1180,584,420,335,296,161,5781,5066,0,1899,907,1053,845,1091,765,2890,1580,1087,665,2527,636,660,3307,2237,340,698,1618,658,1694,867,1121,177,3224,1004,729,542,733,1509,5786,5066
ACSSF,2009m1,dc,000,0017,0000005,0,296,95,296,1899,907,296,296,296,507,432,88,73,279,625,467,95,342,484,212,233,211,1053,136,71,830,296,296,246,296,845,168,1091,765,1341,2890,410,1580,618,1087,665,2527,296,636,431,660,296,712,3307,207,2237,163,340,296,239,296,97,472,698,184,1618,658,315,1694,248,867,1121,163,251,177,145,296,3224,161,772,159,122,221,1703,296,73,296,112,296,82,296,2478,923,1004,729,284,542,733,1509,222,286,296,91,573,296,273,1180,584,420,335,296,161,5781,5066,0,1899,907,1053,845,1091,765,2890,1580,1087,665,2527,636,660,3307,2237,340,698,1618,658,1694,867,1121,177,3224,1004,729,542,733,1509,5786,5066
ACSSF,2009m1,dc,000,0017,0000006,0,296,95,296,1899,907,296,296,296,507,432,88,73,279,625,467,95,342,484,212,233,211,1053,136,71,830,296,296,246,296,845,168,1091,765,1341,2890,410,1580,618,1087,665,2527,296,636,431,660,296,712,3307,207,2237,163,340,296,239,296,97,472,698,184,1618,658,315,1694,248,867,1121,163,251,177,145,296,3224,161,772,159,122,221,1703,296,73,296,112,296,82,296,2478,923,1004,729,284,542,733,1509,222,286,296,91,573,296,273,1180,584,420,335,296,161,5781,5066,0,1899,907,1053,845,1091,765,2890,1580,1087,665,2527,636,660,3307,2237,340,698,1618,658,1694,867,1121,177,3224,1004,729,542,733,1509,5786,5066
ACSSF,2009m1,dc,000,0017,0000007,0,296,95,296,1899,907,296,296,296,507,432,88,73,279,625,467,95,342,484,212,233,211,1053,136,71,830,296,296,246,296,845,168,1091,765,1341,2890,410,1580,618,1087,665,2527,296,636,431,660,296,712,3307,207,2237,163,340,296,239,296,97,472,698,184,1618,658,315,1694,248,867,1121,163,251,177,145,296,3224,161,772,159,122,221,1703,296,73,296,112,296,82,296,2478,923,1004,729,284,542,733,1509,222,286,296,91,573,296,273,1180,584,420,335,296,161,5781,5066,0,1899,907,1053,845,1091,765,2890,1580,1087,665,2527,636,660,3307,2237,340,698,1618,658,1694,867,1121,177,3224,1004,729,542,733,1509,5786,5066
ACSSF,2009m1,dc,000,0017,0000008,0,296,95,296,1899,907,296,296,296,507,432,88,73,279,625,467,95,342,484,212,233,211,1053,136,71,830,296,296,246,296,845,168,1091,765,1341,2890,410,1580,618,1087,665,2527,296,636,431,660,296,712,3307,207,2237,163,340,296,239,296,97,472,698,184,1618,658,315,1694,248,867,1121,163,251,177,145,296,3224,161,772,159,122,221,1703,296,73,296,112,296,82,296,2478,923,1004,729,284,542,733,1509,222,286,296,91,573,296,273,1180,584,420,335,296,161,5781,5066,0,1899,907,1053,845,1091,765,2890,1580,1087,665,2527,636,660,3307,2237,340,698,1618,658,1694,867,1121,177,3224,1004,729,542,733,1509,5786,5066
ACSSF,2009m1,dc,000,0017,0000009,0,296,95,296,1899,907,296,296,296,507,432,88,73,279,625,467,95,342,484,212,233,211,1053,136,71,830,296,296,246,296,845,168,1091,765,1341,2890,410,1580,618,1087,665,2527,296,636,431,660,296,712,3307,207,2237,163,340,296,239,296,97,472,698,184,1618,658,315,1694,248,867,1121,163,251,177,145,296,3224,161,772,159,122,221,1703,296,73,296,112,296,82,296,2478,923,1004,729,284,542,733,1509,222,286,296,91,573,296,273,1180,584,420,335,296,161,5781,5066,0,1899,907,1053,845,1091,765,2890,1580,1087,665,2527,636,660,3307,2237,340,698,1618,658,1694,867,1121,177,3224,1004,729,542,733,1509,5786,5066
ACSSF,2009m1,dc,000,0017,0000010,.,.,.,.,.,.,.,.,.,.,.,.,.,.,.,.,.,.,.,.,.,.,.,.,.,.,.,.,.,.,.,.,.,.,.,.,.,.,.,.,.,.,.,.,.,.,.,.,.,.,.,.,.,.,.,.,.,.,.,.,.,.,.,.,.,.,.,.,.,.,.,.,.,.,.,.,.,.,.,.,.,.,.,.,.,.,.,.,.,.,.,.,.,.,.,.,.,.,.,.,.,.,.,.,.,.,.,.,.,5409,1285,555,354,669,299,343,2335,1150,925,172,1965,497,394,2511,1556,301,358,855,518,1389,727,638,153,397,492,350,355,556,303,3759,2772
ACSSF,2009m1,dc,000,0017,0000011,.,.,.,.,.,.,.,.,.,.,.,.,.,.,.,.,.,.,.,.,.,.,.,.,.,.,.,.,.,.,.,.,.,.,.,.,.,.,.,.,.,.,.,.,.,.,.,.,.,.,.,.,.,.,.,.,.,.,.,.,.,.,.,.,.,.,.,.,.,.,.,.,.,.,.,.,.,.,.,.,.,.,.,.,.,.,.,.,.,.,.,.,.,.,.,.,.,.,.,.,.,.,.,.,.,.,.,.,.,7628,852,120,561,108,172,184,730,330,374,194,1018,241,319,1372,419,38,442,519,111,467,224,219,90,1760,475,101,83,97,1052,7337,2271
ACSSF,2009m1,dc,000,0017,0000012,.,.,.,.,.,.,.,.,.,.,.,.,.,.,.,.,.,.,.,.,.,.,.,.,.,.,.,.,.,.,.,.,.,.,.,.,.,.,.,.,.,.,.,.,.,.,.,.,.,.,.,.,.,.,.,.,.,.,.,.,.,.,.,.,.,.,.,.,.,.,.,.,.,.,.,.,.,.,.,.,.,.,.,.,.,.,.,.,.,.,.,.,.,.,.,.,.,.,.,.,.,.,.,.,.,.,.,.,.,7524,335,296,659,508,112,732,837,602,600,289,1072,280,395,1469,927,74,263,508,443,290,211,379,296,2314,705,500,87,237,443,6181,1801
ACSSF,2009m1,dc,000,0017,0000013,.,.,.,.,.,.,.,.,.,.,.,.,.,.,.,.,.,.,.,.,.,.,.,.,.,.,.,.,.,.,.,.,.,.,.,.,.,.,.,.,.,.,.,.,.,.,.,.,.,.,.,.,.,.,.,.,.,.,.,.,.,.,.,.,.,.,.,.,.,.,.,.,.,.,.,.,.,.,.,.,.,.,.,.,.,.,.,.,.,.,.,.,.,.,.,.,.,.,.,.,.,.,.,.,.,.,.,.,.,.,.,.,.,.,.,.,.,.,.,.,.,.,.,.,.,.,.,.,.,.,.,.,.,.,.,.,.,.,.,.,.
ACSSF,2009m1,dc,000,0017,0000014,.,.,.,.,.,.,.,.,.,.,.,.,.,.,.,.,.,.,.,.,.,.,.,.,.,.,.,.,.,.,.,.,.,.,.,.,.,.,.,.,.,.,.,.,.,.,.,.,.,.,.,.,.,.,.,.,.,.,.,.,.,.,.,.,.,.,.,.,.,.,.,.,.,.,.,.,.,.,.,.,.,.,.,.,.,.,.,.,.,.,.,.,.,.,.,.,.,.,.,.,.,.,.,.,.,.,.,.,.,6679,532,740,614,136,1060,326,1055,794,518,448,1470,217,164,1125,1210,143,304,982,133,608,390,752,107,762,126,340,306,443,477,6433,2739
ACSSF,2009m1,dc,000,0017,0000015,0,296,95,296,1899,907,296,296,296,507,432,88,73,279,625,467,95,342,484,212,233,211,1053,136,71,830,296,296,246,296,845,168,1091,765,1341,2890,410,1580,618,1087,665,2527,296,636,431,660,296,712,3307,207,2237,163,340,296,239,296,97,472,698,184,1618,658,315,1694,248,867,1121,163,251,177,145,296,3224,161,772,159,122,221,1703,296,73,296,112,296,82,296,2478,923,1004,729,284,542,733,1509,222,286,296,91,573,296,273,1180,584,420,335,296,161,5781,5066,0,1899,907,1053,845,1091,765,2890,1580,1087,665,2527,636,660,3307,2237,340,698,1618,658,1694,867,1121,177,3224,1004,729,542,733,1509,5786,5066
