ACSSF,2016e1,dc,000,0020,0000001,,,,,,,,,,,,,,,,,,,,,,,,,,,,,,,,,,,,,,,,,,,,,,,,,,,,,,,,,,,,,,,,,,,,,,,,,,,,,,,,,,,,,,,,,,,,,,,,,34.2,36.7,29.6,.,25.6,29.8,,,,,,,672022,318535,353487,538547,254246,284301,64166,31656,32510,0,0,0,58154,27598,30556,11155,5035,6120,,,,,,,,,,,,,,,,,,,273578,203049,29744,0,34172,6613,317026,274645,23647,0,17133,1601,,,,,,,26242,16290,4300,0,4121,1531,,,,,,,36288,29903,4675,0,899,811,,,,,,,,,,,,,,,,,,,,,,,,,,,,,,,,,,,,,,,,,,,,,,,,,,,,,,,,,,,,
ACSSF,2016e1,dc,000,0020,0000002,,,,,,,,,,,,,,,,,,,,,,,,,,,,,,,,,,,,,,,,,,,,,,,,,,,,,,,,,,,,,,,,,,,,,,,,,,,,,,,,,,,,,,,,,,,,,,,,,34.2,36.7,29.6,.,25.6,29.8,,,,,,,672022,318535,353487,538547,254246,284301,64166,31656,32510,0,0,0,58154,27598,30556,11155,5035,6120,,,,,,,,,,,,,,,,,,,273578,203049,29744,0,34172,6613,317026,274645,23647,0,17133,1601,,,,,,,26242,16290,4300,0,4121,1531,,,,,,,36288,29903,4675,0,899,811,,,,,,,,,,,,,,,,,,,,,,,,,,,,,,,,,,,,,,,,,,,,,,,,,,,,,,,,,,,,
ACSSF,2016e1,dc,000,0020,0000003,,,,,,,,,,,,,,,,,,,,,,,,,,,,,,,,,,,,,,,,,,,,,,,,,,,,,,,,,,,,,,,,,,,,,,,,,,,,,,,,,,,,,,,,,,,,,,,,,34.2,36.7,29.6,.,25.6,29.8,,,,,,,672022,318535,353487,538547,254246,284301,64166,31656,32510,0,0,0,58154,27598,30556,11155,5035,6120,,,,,,,,,,,,,,,,,,,273578,203049,29744,0,34172,6613,317026,274645,23647,0,17133,1601,,,,,,,26242,16290,4300,0,4121,1531,,,,,,,36288,29903,4675,0,899,811,,,,,,,,,,,,,,,,,,,,,,,,,,,,,,,,,,,,,,,,,,,,,,,,,,,,,,,,,,,,
ACSSF,2016e1,dc,000,0020,0000004,,,,,,,,,,,,,,,,,,,,,,,,,,,,,,,,,,,,,,,,,,,,,,,,,,,,,,,,,,,,,,,,,,,,,,,,,,,,,,,,,,,,,,,,,,,,,,,,,34.2,36.7,29.6,.,25.6,29.8,,,,,,,672022,318535,353487,538547,254246,284301,64166,31656,32510,0,0,0,58154,27598,30556,11155,5035,6120,,,,,,,,,,,,,,,,,,,273578,203049,29744,0,34172,6613,317026,274645,23647,0,17133,1601,,,,,,,26242,16290,4300,0,4121,1531,,,,,,,36288,29903,4675,0,899,811,,,,,,,,,,,,,,,,,,,,,,,,,,,,,,,,,,,,,,,,,,,,,,,,,,,,,,,,,,,,
ACSSF,2016e1,dc,000,0020,0000005,,,,,,,,,,,,,,,,,,,,,,,,,,,,,,,,,,,,,,,,,,,,,,,,,,,,,,,,,,,,,,,,,,,,,,,,,,,,,,,,,,,,,,,,,,,,,,,,,34.2,36.7,29.6,.,25.6,29.8,,,,,,,672022,318535,353487,538547,254246,284301,64166,31656,32510,0,0,0,58154,27598,30556,11155,5035,6120,,,,,,,,,,,,,,,,,,,273578,203049,29744,0,34172,6613,317026,274645,23647,0,17133,1601,,,,,,,26242,16290,4300,0,4121,1531,,,,,,,36288,29903,4675,0,899,811,,,,,,,,,,,,,,,,,,,,,,,,,,,,,,,,,,,,,,,,,,,,,,,,,,,,,,,,,,,,
ACSSF,2016e1,dc,000,0020,0000006,,,,,,,,,,,,,,,,,,,,,,,,,,,,,,,,,,,,,,,,,,,,,,,,,,,,,,,,,,,,,,,,,,,,,,,,,,,,,,,,,,,,,,,,,,,,,,,,,34.2,36.7,29.6,.,25.6,29.8,,,,,,,672022,318535,353487,538547,254246,284301,64166,31656,32510,0,0,0,58154,27598,30556,11155,5035,6120,,,,,,,,,,,,,,,,,,,273578,203049,29744,0,34172,6613,317026,274645,23647,0,17133,1601,,,,,,,26242,16290,4300,0,4121,1531,,,,,,,36288,29903,4675,0,899,811,,,,,,,,,,,,,,,,,,,,,,,,,,,,,,,,,,,,,,,,,,,,,,,,,,,,,,,,,,,,
ACSSF,2016e1,dc,000,0020,0000007,,,,,,,,,,,,,,,,,,,,,,,,,,,,,,,,,,,,,,,,,,,,,,,,,,,,,,,,,,,,,,,,,,,,,,,,,,,,,,,,,,,,,,,,,,,,,,,,,34.2,36.7,29.6,.,25.6,29.8,,,,,,,672022,318535,353487,538547,254246,284301,64166,31656,32510,0,0,0,58154,27598,30556,11155,5035,6120,,,,,,,,,,,,,,,,,,,273578,203049,29744,0,34172,6613,317026,274645,23647,0,17133,1601,,,,,,,26242,16290,4300,0,4121,1531,,,,,,,36288,29903,4675,0,899,811,,,,,,,,,,,,,,,,,,,,,,,,,,,,,,,,,,,,,,,,,,,,,,,,,,,,,,,,,,,,
ACSSF,2016e1,dc,000,0020,0000008,,,,,,,,,,,,,,,,,,,,,,,,,,,,,,,,,,,,,,,,,,,,,,,,,,,,,,,,,,,,,,,,,,,,,,,,,,,,,,,,,,,,,,,,,,,,,,,,,34.2,36.7,29.6,.,25.6,29.8,,,,,,,672022,318535,353487,538547,254246,284301,64166,31656,32510,0,0,0,58154,27598,30556,11155,5035,6120,,,,,,,,,,,,,,,,,,,273578,203049,29744,0,34172,6613,317026,274645,23647,0,17133,1601,,,,,,,26242,16290,4300,0,4121,1531,,,,,,,36288,29903,4675,0,899,811,,,,,,,,,,,,,,,,,,,,,,,,,,,,,,,,,,,,,,,,,,,,,,,,,,,,,,,,,,,,
ACSSF,2016e1,dc,000,0020,0000009,,,,,,,,,,,,,,,,,,,,,,,,,,,,,,,,,,,,,,,,,,,,,,,,,,,,,,,,,,,,,,,,,,,,,,,,,,,,,,,,,,,,,,,,,,,,,,,,,34.2,36.7,29.6,.,25.6,29.8,,,,,,,672022,318535,353487,538547,254246,284301,64166,31656,32510,0,0,0,58154,27598,30556,11155,5035,6120,,,,,,,,,,,,,,,,,,,273578,203049,29744,0,34172,6613,317026,274645,23647,0,17133,1601,,,,,,,26242,16290,4300,0,4121,1531,,,,,,,36288,29903,4675,0,899,811,,,,,,,,,,,,,,,,,,,,,,,,,,,,,,,,,,,,,,,,,,,,,,,,,,,,,,,,,,,,
ACSSF,2016e1,dc,000,0020,0000010,,,,,,,,,,,,,,,,,,,,,,,,,,,,,,,,,,,,,,,,,,,,,,,,,,,,,,,,,,,,,,,,,,,,,,,,,,,,,,,,,,,,,,,,,,,,,,,,,35.9,42.4,28.3,.,23.7,28.6,,,,,,,106907,48717,58190,81145,37401,43744,10695,4540,6155,0,0,0,13156,5996,7160,1911,780,1131,,,,,,,,,,,,,,,,,,,87829,67335,8398,0,10511,1585,6719,5326,626,0,767,0,,,,,,,6403,3985,657,0,1512,249,,,,,,,,,,,,,,,,,,,,,,,,,,,,,,,,,,,,,,,,,,,,,,,,,,,,,,,,,,,,,,,,,,,,,,,,
ACSSF,2016e1,dc,000,0020,0000011,,,,,,,,,,,,,,,,,,,,,,,,,,,,,,,,,,,,,,,,,,,,,,,,,,,,,,,,,,,,,,,,,,,,,,,,,,,,,,,,,,,,,,,,,,,,,,,,,36.3,38.3,30.5,.,27.4,29.7,,,,,,,129427,61724,67703,109698,51985,57713,11915,5783,6132,0,0,0,6485,3581,2904,1329,375,954,,,,,,,,,,,,,,,,,,,36945,29390,4063,0,2936,556,61789,54440,4319,0,2422,608,,,,,,,4302,3201,315,0,707,79,,,,,,,,,,,,,,,,,,,,,,,,,,,,,,,,,,,,,,,,,,,,,,,,,,,,,,,,,,,,,,,,,,,,,,,,
ACSSF,2016e1,dc,000,0020,0000012,,,,,,,,,,,,,,,,,,,,,,,,,,,,,,,,,,,,,,,,,,,,,,,,,,,,,,,,,,,,,,,,,,,,,,,,,,,,,,,,,,,,,,,,,,,,,,,,,36.3,38.4,29.8,.,27.4,32.4,,,,,,,116803,57010,59793,97933,47253,50680,8928,4982,3946,0,0,0,8561,4211,4350,1381,564,817,,,,,,,,,,,,,,,,,,,47230,37118,3954,0,5534,624,61323,55383,3290,0,2238,412,,,,,,,3025,1868,762,0,259,136,,,,,,,,,,,,,,,,,,,,,,,,,,,,,,,,,,,,,,,,,,,,,,,,,,,,,,,,,,,,,,,,,,,,,,,,
ACSSF,2016e1,dc,000,0020,0000013,,,,,,,,,,,,,,,,,,,,,,,,,,,,,,,,,,,,,,,,,,,,,,,,,,,,,,,,,,,,,,,,,,,,,,,,,,,,,,,,,,,,,,,,,,,,,,,,,32.3,33.4,28.9,.,27.2,33.5,,,,,,,162927,73856,89071,140805,62251,78554,12892,6375,6517,0,0,0,8430,4774,3656,800,456,344,,,,,,,,,,,,,,,,,,,6365,4134,492,0,1533,206,148017,129974,11527,0,6386,130,,,,,,,,,,,,,,,,,,,,,,,,,,,,,,,,,,,,,,,,,,,,,,,,,,,,,,,,,,,,,,,,,,,,,,,,,,,,,,,,,,,,
ACSSF,2016e1,dc,000,0020,0000014,,,,,,,,,,,,,,,,,,,,,,,,,,,,,,,,,,,,,,,,,,,,,,,,,,,,,,,,,,,,,,,,,,,,,,,,,,,,,,,,,,,,,,,,,,,,,,,,,32.0,35.1,29.7,.,25.1,29.1,,,,,,,155958,77228,78730,108966,55356,53610,19736,9976,9760,0,0,0,21522,9036,12486,5734,2860,2874,,,,,,,,,,,,,,,,,,,95209,65072,12837,0,13658,3642,39178,29522,3885,0,5320,451,,,,,,,11827,6771,2410,0,1579,1067,,,,,,,,,,,,,,,,,,,,,,,,,,,,,,,,,,,,,,,,,,,,,,,,,,,,,,,,,,,,,,,,,,,,,,,,
ACSSF,2016e1,dc,000,0020,0000015,,,,,,,,,,,,,,,,,,,,,,,,,,,,,,,,,,,,,,,,,,,,,,,,,,,,,,,,,,,,,,,,,,,,,,,,,,,,,,,,,,,,,,,,,,,,,,,,,34.2,36.7,29.6,.,25.6,29.8,,,,,,,672022,318535,353487,538547,254246,284301,64166,31656,32510,0,0,0,58154,27598,30556,11155,5035,6120,,,,,,,,,,,,,,,,,,,273578,203049,29744,0,34172,6613,317026,274645,23647,0,17133,1601,,,,,,,26242,16290,4300,0,4121,1531,,,,,,,36288,29903,4675,0,899,811,,,,,,,,,,,,,,,,,,,,,,,,,,,,,,,,,,,,,,,,,,,,,,,,,,,,,,,,,,,,
