ACSSF,2015e1,dc,000,0057,0000001,268345,130296,68736,38272,2396,8954,1272,17842,47170,22299,2449,6526,1103,14793,14390,7147,352,2080,489,4322,138049,75354,33484,3147,10151,2590,25982,46127,18589,2372,4963,3418,16785,16568,5376,1153,881,2804,6354,303294,10961,14123,7591,13957,76033,12919,5273,12895,36167,12375,27781,28931,13599,18525,12164,56276,20145,2993,10574,5934,16630,,,,,,,15427,8496,793,2479,95,3564,,,,,,,6329,3459,43,881,148,1798,7470,3361,253,804,312,2740,169206,83547,6698,17637,4720,56604,20184,10066,1027,2246,662,6183
ACSSF,2015e1,dc,000,0057,0000002,268345,130296,68736,38272,2396,8954,1272,17842,47170,22299,2449,6526,1103,14793,14390,7147,352,2080,489,4322,138049,75354,33484,3147,10151,2590,25982,46127,18589,2372,4963,3418,16785,16568,5376,1153,881,2804,6354,303294,10961,14123,7591,13957,76033,12919,5273,12895,36167,12375,27781,28931,13599,18525,12164,56276,20145,2993,10574,5934,16630,,,,,,,15427,8496,793,2479,95,3564,,,,,,,6329,3459,43,881,148,1798,7470,3361,253,804,312,2740,169206,83547,6698,17637,4720,56604,20184,10066,1027,2246,662,6183
ACSSF,2015e1,dc,000,0057,0000003,268345,130296,68736,38272,2396,8954,1272,17842,47170,22299,2449,6526,1103,14793,14390,7147,352,2080,489,4322,138049,75354,33484,3147,10151,2590,25982,46127,18589,2372,4963,3418,16785,16568,5376,1153,881,2804,6354,303294,10961,14123,7591,13957,76033,12919,5273,12895,36167,12375,27781,28931,13599,18525,12164,56276,20145,2993,10574,5934,16630,,,,,,,15427,8496,793,2479,95,3564,,,,,,,6329,3459,43,881,148,1798,7470,3361,253,804,312,2740,169206,83547,6698,17637,4720,56604,20184,10066,1027,2246,662,6183
ACSSF,2015e1,dc,000,0057,0000004,268345,130296,68736,38272,2396,8954,1272,17842,47170,22299,2449,6526,1103,14793,14390,7147,352,2080,489,4322,138049,75354,33484,3147,10151,2590,25982,46127,18589,2372,4963,3418,16785,16568,5376,1153,881,2804,6354,303294,10961,14123,7591,13957,76033,12919,5273,12895,36167,12375,27781,28931,13599,18525,12164,56276,20145,2993,10574,5934,16630,,,,,,,15427,8496,793,2479,95,3564,,,,,,,6329,3459,43,881,148,1798,7470,3361,253,804,312,2740,169206,83547,6698,17637,4720,56604,20184,10066,1027,2246,662,6183
ACSSF,2015e1,dc,000,0057,0000005,268345,130296,68736,38272,2396,8954,1272,17842,47170,22299,2449,6526,1103,14793,14390,7147,352,2080,489,4322,138049,75354,33484,3147,10151,2590,25982,46127,18589,2372,4963,3418,16785,16568,5376,1153,881,2804,6354,303294,10961,14123,7591,13957,76033,12919,5273,12895,36167,12375,27781,28931,13599,18525,12164,56276,20145,2993,10574,5934,16630,,,,,,,15427,8496,793,2479,95,3564,,,,,,,6329,3459,43,881,148,1798,7470,3361,253,804,312,2740,169206,83547,6698,17637,4720,56604,20184,10066,1027,2246,662,6183
ACSSF,2015e1,dc,000,0057,0000006,268345,130296,68736,38272,2396,8954,1272,17842,47170,22299,2449,6526,1103,14793,14390,7147,352,2080,489,4322,138049,75354,33484,3147,10151,2590,25982,46127,18589,2372,4963,3418,16785,16568,5376,1153,881,2804,6354,303294,10961,14123,7591,13957,76033,12919,5273,12895,36167,12375,27781,28931,13599,18525,12164,56276,20145,2993,10574,5934,16630,,,,,,,15427,8496,793,2479,95,3564,,,,,,,6329,3459,43,881,148,1798,7470,3361,253,804,312,2740,169206,83547,6698,17637,4720,56604,20184,10066,1027,2246,662,6183
ACSSF,2015e1,dc,000,0057,0000007,268345,130296,68736,38272,2396,8954,1272,17842,47170,22299,2449,6526,1103,14793,14390,7147,352,2080,489,4322,138049,75354,33484,3147,10151,2590,25982,46127,18589,2372,4963,3418,16785,16568,5376,1153,881,2804,6354,303294,10961,14123,7591,13957,76033,12919,5273,12895,36167,12375,27781,28931,13599,18525,12164,56276,20145,2993,10574,5934,16630,,,,,,,15427,8496,793,2479,95,3564,,,,,,,6329,3459,43,881,148,1798,7470,3361,253,804,312,2740,169206,83547,6698,17637,4720,56604,20184,10066,1027,2246,662,6183
ACSSF,2015e1,dc,000,0057,0000008,268345,130296,68736,38272,2396,8954,1272,17842,47170,22299,2449,6526,1103,14793,14390,7147,352,2080,489,4322,138049,75354,33484,3147,10151,2590,25982,46127,18589,2372,4963,3418,16785,16568,5376,1153,881,2804,6354,303294,10961,14123,7591,13957,76033,12919,5273,12895,36167,12375,27781,28931,13599,18525,12164,56276,20145,2993,10574,5934,16630,,,,,,,15427,8496,793,2479,95,3564,,,,,,,6329,3459,43,881,148,1798,7470,3361,253,804,312,2740,169206,83547,6698,17637,4720,56604,20184,10066,1027,2246,662,6183
ACSSF,2015e1,dc,000,0057,0000009,268345,130296,68736,38272,2396,8954,1272,17842,47170,22299,2449,6526,1103,14793,14390,7147,352,2080,489,4322,138049,75354,33484,3147,10151,2590,25982,46127,18589,2372,4963,3418,16785,16568,5376,1153,881,2804,6354,303294,10961,14123,7591,13957,76033,12919,5273,12895,36167,12375,27781,28931,13599,18525,12164,56276,20145,2993,10574,5934,16630,,,,,,,15427,8496,793,2479,95,3564,,,,,,,6329,3459,43,881,148,1798,7470,3361,253,804,312,2740,169206,83547,6698,17637,4720,56604,20184,10066,1027,2246,662,6183
ACSSF,2015e1,dc,000,0057,0000010,65743,28798,9259,5365,73,1095,325,2401,13215,6061,278,1194,113,5569,6324,3285,37,886,0,2116,36945,13068,6542,762,1519,63,4182,15538,7162,576,1012,481,6307,8339,3099,456,236,514,4034,74113,1818,3165,2710,4059,19868,3050,1255,2304,6516,1597,9486,9216,4182,2956,1931,5125,1940,0,1002,0,2183,,,,,,,4202,2523,153,461,0,1065,,,,,,,,,,,,,,,,,,,50168,23674,1856,4348,1326,18964,,,,,,
ACSSF,2015e1,dc,000,0057,0000011,44457,22076,11629,6365,215,1074,190,3785,8701,4359,514,1980,268,1580,1746,901,0,286,155,404,22381,12468,5703,619,1051,789,4306,7462,2962,227,889,705,2679,2451,423,74,377,720,857,49410,2008,3215,1223,2260,10877,3100,677,1804,5831,2956,3833,3723,2486,3192,2225,15978,6279,620,2829,1964,4286,,,,,,,,,,,,,,,,,,,2068,776,0,646,43,603,,,,,,,20591,10744,747,1376,613,7111,4349,2094,152,805,148,1150
ACSSF,2015e1,dc,000,0057,0000012,48196,23708,13375,8227,397,1683,437,2631,7753,3710,352,1117,121,2453,2580,1256,100,256,172,796,24488,13144,5959,275,2067,396,4447,9148,2977,486,1124,884,3677,2196,846,83,0,620,647,53351,2182,2376,1028,2412,14148,1910,927,2005,6529,2751,3799,5015,1961,3947,2361,12157,4702,584,2507,1094,3270,,,,,,,1740,790,248,251,0,451,,,,,,,,,,,,,1609,665,0,238,124,582,30047,15445,695,2882,1254,9771,3051,1446,61,434,158,952
ACSSF,2015e1,dc,000,0057,0000013,16308,6590,2145,782,58,463,155,687,3699,1675,177,677,314,856,746,259,0,57,122,308,9718,3324,850,149,1009,209,1107,5231,1562,435,709,1036,1489,1163,86,83,136,577,281,17426,1021,631,402,517,2369,627,271,950,3088,2413,629,895,489,1157,1967,13376,3830,830,2530,2240,3946,,,,,,,,,,,,,,,,,,,,,,,,,,,,,,,2072,963,72,336,173,528,,,,,,
ACSSF,2015e1,dc,000,0057,0000014,93641,49124,32328,17533,1653,4639,165,8338,13802,6494,1128,1558,287,4335,2994,1446,215,595,40,698,44517,33350,14430,1342,4505,1133,11940,8748,3926,648,1229,312,2633,2419,922,457,132,373,535,108994,3932,4736,2228,4709,28771,4232,2143,5832,14203,2658,10034,10082,4481,7273,3680,9640,3394,959,1706,636,2945,,,,,,,7167,3999,262,1462,36,1408,,,,,,,,,,,,,2752,1121,125,154,98,1254,66328,32721,3328,8695,1354,20230,6954,3463,769,641,186,1895
ACSSF,2015e1,dc,000,0057,0000015,268345,130296,68736,38272,2396,8954,1272,17842,47170,22299,2449,6526,1103,14793,14390,7147,352,2080,489,4322,138049,75354,33484,3147,10151,2590,25982,46127,18589,2372,4963,3418,16785,16568,5376,1153,881,2804,6354,303294,10961,14123,7591,13957,76033,12919,5273,12895,36167,12375,27781,28931,13599,18525,12164,56276,20145,2993,10574,5934,16630,,,,,,,15427,8496,793,2479,95,3564,,,,,,,6329,3459,43,881,148,1798,7470,3361,253,804,312,2740,169206,83547,6698,17637,4720,56604,20184,10066,1027,2246,662,6183
