ACSSF,2016e1,dc,000,0107,0000001,,,,,,,,,,,,,,,,,,,,,,,,,,,,,,,,,,,,,,,,,,,,,,,,,,,,,,,,,,,,,,,,,,,,,,,,,,,,,,,,,,,,,,,,,,,,,,,,,,,,,,,,,,,,,,,,,,,,,,,,,,,,,,,,,,,,,,,,,,,,,,,,,,,172475,88097,74489,31802,20083,11719,17247,9463,2973,4811,23222,2138,8920,4681,7483,2218,2079,139,4037,41,1098,749,349,1668,238,992,8210,4746,3464,829,6,651,172,532,297,39,196,84378,65354,29497,18365,11132,8561,4287,453,3821,23947,2734,7563,7406,6244,3349,2856,493,6200,503,721,279,442,1817,177,2982,11648,4806,6842,507,388,43,76,669,480,144,45
ACSSF,2016e1,dc,000,0107,0000002,,,,,,,,,,,,,,,,,,,,,,,,,,,,,,,,,,,,,,,,,,,,,,,,,,,,,,,,,,,,,,,,,,,,,,,,,,,,,,,,,,,,,,,,,,,,,,,,,,,,,,,,,,,,,,,,,,,,,,,,,,,,,,,,,,,,,,,,,,,,,,,,,,,172475,88097,74489,31802,20083,11719,17247,9463,2973,4811,23222,2138,8920,4681,7483,2218,2079,139,4037,41,1098,749,349,1668,238,992,8210,4746,3464,829,6,651,172,532,297,39,196,84378,65354,29497,18365,11132,8561,4287,453,3821,23947,2734,7563,7406,6244,3349,2856,493,6200,503,721,279,442,1817,177,2982,11648,4806,6842,507,388,43,76,669,480,144,45
ACSSF,2016e1,dc,000,0107,0000003,,,,,,,,,,,,,,,,,,,,,,,,,,,,,,,,,,,,,,,,,,,,,,,,,,,,,,,,,,,,,,,,,,,,,,,,,,,,,,,,,,,,,,,,,,,,,,,,,,,,,,,,,,,,,,,,,,,,,,,,,,,,,,,,,,,,,,,,,,,,,,,,,,,172475,88097,74489,31802,20083,11719,17247,9463,2973,4811,23222,2138,8920,4681,7483,2218,2079,139,4037,41,1098,749,349,1668,238,992,8210,4746,3464,829,6,651,172,532,297,39,196,84378,65354,29497,18365,11132,8561,4287,453,3821,23947,2734,7563,7406,6244,3349,2856,493,6200,503,721,279,442,1817,177,2982,11648,4806,6842,507,388,43,76,669,480,144,45
ACSSF,2016e1,dc,000,0107,0000004,,,,,,,,,,,,,,,,,,,,,,,,,,,,,,,,,,,,,,,,,,,,,,,,,,,,,,,,,,,,,,,,,,,,,,,,,,,,,,,,,,,,,,,,,,,,,,,,,,,,,,,,,,,,,,,,,,,,,,,,,,,,,,,,,,,,,,,,,,,,,,,,,,,172475,88097,74489,31802,20083,11719,17247,9463,2973,4811,23222,2138,8920,4681,7483,2218,2079,139,4037,41,1098,749,349,1668,238,992,8210,4746,3464,829,6,651,172,532,297,39,196,84378,65354,29497,18365,11132,8561,4287,453,3821,23947,2734,7563,7406,6244,3349,2856,493,6200,503,721,279,442,1817,177,2982,11648,4806,6842,507,388,43,76,669,480,144,45
ACSSF,2016e1,dc,000,0107,0000005,,,,,,,,,,,,,,,,,,,,,,,,,,,,,,,,,,,,,,,,,,,,,,,,,,,,,,,,,,,,,,,,,,,,,,,,,,,,,,,,,,,,,,,,,,,,,,,,,,,,,,,,,,,,,,,,,,,,,,,,,,,,,,,,,,,,,,,,,,,,,,,,,,,172475,88097,74489,31802,20083,11719,17247,9463,2973,4811,23222,2138,8920,4681,7483,2218,2079,139,4037,41,1098,749,349,1668,238,992,8210,4746,3464,829,6,651,172,532,297,39,196,84378,65354,29497,18365,11132,8561,4287,453,3821,23947,2734,7563,7406,6244,3349,2856,493,6200,503,721,279,442,1817,177,2982,11648,4806,6842,507,388,43,76,669,480,144,45
ACSSF,2016e1,dc,000,0107,0000006,,,,,,,,,,,,,,,,,,,,,,,,,,,,,,,,,,,,,,,,,,,,,,,,,,,,,,,,,,,,,,,,,,,,,,,,,,,,,,,,,,,,,,,,,,,,,,,,,,,,,,,,,,,,,,,,,,,,,,,,,,,,,,,,,,,,,,,,,,,,,,,,,,,172475,88097,74489,31802,20083,11719,17247,9463,2973,4811,23222,2138,8920,4681,7483,2218,2079,139,4037,41,1098,749,349,1668,238,992,8210,4746,3464,829,6,651,172,532,297,39,196,84378,65354,29497,18365,11132,8561,4287,453,3821,23947,2734,7563,7406,6244,3349,2856,493,6200,503,721,279,442,1817,177,2982,11648,4806,6842,507,388,43,76,669,480,144,45
ACSSF,2016e1,dc,000,0107,0000007,,,,,,,,,,,,,,,,,,,,,,,,,,,,,,,,,,,,,,,,,,,,,,,,,,,,,,,,,,,,,,,,,,,,,,,,,,,,,,,,,,,,,,,,,,,,,,,,,,,,,,,,,,,,,,,,,,,,,,,,,,,,,,,,,,,,,,,,,,,,,,,,,,,172475,88097,74489,31802,20083,11719,17247,9463,2973,4811,23222,2138,8920,4681,7483,2218,2079,139,4037,41,1098,749,349,1668,238,992,8210,4746,3464,829,6,651,172,532,297,39,196,84378,65354,29497,18365,11132,8561,4287,453,3821,23947,2734,7563,7406,6244,3349,2856,493,6200,503,721,279,442,1817,177,2982,11648,4806,6842,507,388,43,76,669,480,144,45
ACSSF,2016e1,dc,000,0107,0000008,,,,,,,,,,,,,,,,,,,,,,,,,,,,,,,,,,,,,,,,,,,,,,,,,,,,,,,,,,,,,,,,,,,,,,,,,,,,,,,,,,,,,,,,,,,,,,,,,,,,,,,,,,,,,,,,,,,,,,,,,,,,,,,,,,,,,,,,,,,,,,,,,,,172475,88097,74489,31802,20083,11719,17247,9463,2973,4811,23222,2138,8920,4681,7483,2218,2079,139,4037,41,1098,749,349,1668,238,992,8210,4746,3464,829,6,651,172,532,297,39,196,84378,65354,29497,18365,11132,8561,4287,453,3821,23947,2734,7563,7406,6244,3349,2856,493,6200,503,721,279,442,1817,177,2982,11648,4806,6842,507,388,43,76,669,480,144,45
ACSSF,2016e1,dc,000,0107,0000009,,,,,,,,,,,,,,,,,,,,,,,,,,,,,,,,,,,,,,,,,,,,,,,,,,,,,,,,,,,,,,,,,,,,,,,,,,,,,,,,,,,,,,,,,,,,,,,,,,,,,,,,,,,,,,,,,,,,,,,,,,,,,,,,,,,,,,,,,,,,,,,,,,,172475,88097,74489,31802,20083,11719,17247,9463,2973,4811,23222,2138,8920,4681,7483,2218,2079,139,4037,41,1098,749,349,1668,238,992,8210,4746,3464,829,6,651,172,532,297,39,196,84378,65354,29497,18365,11132,8561,4287,453,3821,23947,2734,7563,7406,6244,3349,2856,493,6200,503,721,279,442,1817,177,2982,11648,4806,6842,507,388,43,76,669,480,144,45
ACSSF,2016e1,dc,000,0107,0000010,,,,,,,,,,,,,,,,,,,,,,,,,,,,,,,,,,,,,,,,,,,,,,,,,,,,,,,,,,,,,,,,,,,,,,,,,,,,,,,,,,,,,,,,,,,,,,,,,,,,,,,,,,,,,,,,,,,,,,,,,,,,,,,,,,,,,,,,,,,,,,,,,,,47356,22752,19401,7488,4592,2896,3438,1636,924,878,7221,511,2837,2139,1734,1254,1193,61,1110,0,417,165,252,314,96,283,1658,871,787,513,0,513,0,70,70,0,0,24604,18265,8298,5657,2641,2300,981,0,1319,6351,765,2078,2026,1482,1316,1208,108,2375,0,173,143,30,650,177,1375,3517,1661,1856,372,335,0,37,75,75,0,0
ACSSF,2016e1,dc,000,0107,0000011,,,,,,,,,,,,,,,,,,,,,,,,,,,,,,,,,,,,,,,,,,,,,,,,,,,,,,,,,,,,,,,,,,,,,,,,,,,,,,,,,,,,,,,,,,,,,,,,,,,,,,,,,,,,,,,,,,,,,,,,,,,,,,,,,,,,,,,,,,,,,,,,,,,24327,12616,10574,5109,2999,2110,2431,1336,337,758,2589,238,1238,358,755,445,445,0,833,0,164,123,41,487,38,144,962,582,380,6,6,0,0,241,45,0,196,11711,9389,4589,2587,2002,1291,638,40,613,3149,486,657,1098,908,360,295,65,598,23,0,0,0,384,0,191,1494,326,1168,53,53,0,0,177,132,0,45
ACSSF,2016e1,dc,000,0107,0000012,,,,,,,,,,,,,,,,,,,,,,,,,,,,,,,,,,,,,,,,,,,,,,,,,,,,,,,,,,,,,,,,,,,,,,,,,,,,,,,,,,,,,,,,,,,,,,,,,,,,,,,,,,,,,,,,,,,,,,,,,,,,,,,,,,,,,,,,,,,,,,,,,,,30317,15288,12562,5388,3809,1579,3566,2479,392,695,3325,540,1071,764,950,283,205,78,847,0,249,249,0,279,32,287,1581,644,937,77,0,77,0,221,182,39,0,15029,11571,4834,3303,1531,1837,839,137,861,4327,436,1427,1178,1286,573,505,68,1102,0,318,136,182,165,0,619,2297,757,1540,0,0,0,0,59,59,0,0
ACSSF,2016e1,dc,000,0107,0000013,,,,,,,,,,,,,,,,,,,,,,,,,,,,,,,,,,,,,,,,,,,,,,,,,,,,,,,,,,,,,,,,,,,,,,,,,,,,,,,,,,,,,,,,,,,,,,,,,,,,,,,,,,,,,,,,,,,,,,,,,,,,,,,,,,,,,,,,,,,,,,,,,,,,,,,,,,,,,,,,,,,,,,,,,,,,,,,,,,,,,,,,,,,,,,,,,,,,,,,,,,,,,,,,,,,,,,,,,,,
ACSSF,2016e1,dc,000,0107,0000014,,,,,,,,,,,,,,,,,,,,,,,,,,,,,,,,,,,,,,,,,,,,,,,,,,,,,,,,,,,,,,,,,,,,,,,,,,,,,,,,,,,,,,,,,,,,,,,,,,,,,,,,,,,,,,,,,,,,,,,,,,,,,,,,,,,,,,,,,,,,,,,,,,,68190,36257,31062,13567,8502,5065,7693,3893,1320,2480,9566,795,3675,1146,3950,236,236,0,984,0,97,97,0,537,72,278,3978,2649,1329,233,0,61,172,0,0,0,0,31933,25490,11507,6582,4925,3087,1829,276,982,9857,979,3375,2997,2506,1039,787,252,2066,480,230,0,230,618,0,738,4124,1947,2177,39,0,0,39,214,214,0,0
ACSSF,2016e1,dc,000,0107,0000015,,,,,,,,,,,,,,,,,,,,,,,,,,,,,,,,,,,,,,,,,,,,,,,,,,,,,,,,,,,,,,,,,,,,,,,,,,,,,,,,,,,,,,,,,,,,,,,,,,,,,,,,,,,,,,,,,,,,,,,,,,,,,,,,,,,,,,,,,,,,,,,,,,,172475,88097,74489,31802,20083,11719,17247,9463,2973,4811,23222,2138,8920,4681,7483,2218,2079,139,4037,41,1098,749,349,1668,238,992,8210,4746,3464,829,6,651,172,532,297,39,196,84378,65354,29497,18365,11132,8561,4287,453,3821,23947,2734,7563,7406,6244,3349,2856,493,6200,503,721,279,442,1817,177,2982,11648,4806,6842,507,388,43,76,669,480,144,45
