ACSSF,2016e1,dc,000,0109,0000001,55969,62558,89591,90258,95318,81129,92175,92719,100375,81647,81250,77457,121841,51738,70797,73493,75989,56474,28750,26306,47443,32189,63678,26609,30346,24360,40805,50022,38770,30760,.,29858,51936,30496,32447,30653,25079,50547,70204,75621,80004,71752,74098,82165,80864,64677,61709,57314,101319,47369,63725,66840,74185,42215,25181,29471,41273,40904,67837,20182,25969,21803,36491,20805,41476,8821,6276,.,20507,27341,34385,26975,26333
ACSSF,2016e1,dc,000,0109,0000002,55969,62558,89591,90258,95318,81129,92175,92719,100375,81647,81250,77457,121841,51738,70797,73493,75989,56474,28750,26306,47443,32189,63678,26609,30346,24360,40805,50022,38770,30760,.,29858,51936,30496,32447,30653,25079,50547,70204,75621,80004,71752,74098,82165,80864,64677,61709,57314,101319,47369,63725,66840,74185,42215,25181,29471,41273,40904,67837,20182,25969,21803,36491,20805,41476,8821,6276,.,20507,27341,34385,26975,26333
ACSSF,2016e1,dc,000,0109,0000003,55969,62558,89591,90258,95318,81129,92175,92719,100375,81647,81250,77457,121841,51738,70797,73493,75989,56474,28750,26306,47443,32189,63678,26609,30346,24360,40805,50022,38770,30760,.,29858,51936,30496,32447,30653,25079,50547,70204,75621,80004,71752,74098,82165,80864,64677,61709,57314,101319,47369,63725,66840,74185,42215,25181,29471,41273,40904,67837,20182,25969,21803,36491,20805,41476,8821,6276,.,20507,27341,34385,26975,26333
ACSSF,2016e1,dc,000,0109,0000004,55969,62558,89591,90258,95318,81129,92175,92719,100375,81647,81250,77457,121841,51738,70797,73493,75989,56474,28750,26306,47443,32189,63678,26609,30346,24360,40805,50022,38770,30760,.,29858,51936,30496,32447,30653,25079,50547,70204,75621,80004,71752,74098,82165,80864,64677,61709,57314,101319,47369,63725,66840,74185,42215,25181,29471,41273,40904,67837,20182,25969,21803,36491,20805,41476,8821,6276,.,20507,27341,34385,26975,26333
ACSSF,2016e1,dc,000,0109,0000005,55969,62558,89591,90258,95318,81129,92175,92719,100375,81647,81250,77457,121841,51738,70797,73493,75989,56474,28750,26306,47443,32189,63678,26609,30346,24360,40805,50022,38770,30760,.,29858,51936,30496,32447,30653,25079,50547,70204,75621,80004,71752,74098,82165,80864,64677,61709,57314,101319,47369,63725,66840,74185,42215,25181,29471,41273,40904,67837,20182,25969,21803,36491,20805,41476,8821,6276,.,20507,27341,34385,26975,26333
ACSSF,2016e1,dc,000,0109,0000006,55969,62558,89591,90258,95318,81129,92175,92719,100375,81647,81250,77457,121841,51738,70797,73493,75989,56474,28750,26306,47443,32189,63678,26609,30346,24360,40805,50022,38770,30760,.,29858,51936,30496,32447,30653,25079,50547,70204,75621,80004,71752,74098,82165,80864,64677,61709,57314,101319,47369,63725,66840,74185,42215,25181,29471,41273,40904,67837,20182,25969,21803,36491,20805,41476,8821,6276,.,20507,27341,34385,26975,26333
ACSSF,2016e1,dc,000,0109,0000007,55969,62558,89591,90258,95318,81129,92175,92719,100375,81647,81250,77457,121841,51738,70797,73493,75989,56474,28750,26306,47443,32189,63678,26609,30346,24360,40805,50022,38770,30760,.,29858,51936,30496,32447,30653,25079,50547,70204,75621,80004,71752,74098,82165,80864,64677,61709,57314,101319,47369,63725,66840,74185,42215,25181,29471,41273,40904,67837,20182,25969,21803,36491,20805,41476,8821,6276,.,20507,27341,34385,26975,26333
ACSSF,2016e1,dc,000,0109,0000008,55969,62558,89591,90258,95318,81129,92175,92719,100375,81647,81250,77457,121841,51738,70797,73493,75989,56474,28750,26306,47443,32189,63678,26609,30346,24360,40805,50022,38770,30760,.,29858,51936,30496,32447,30653,25079,50547,70204,75621,80004,71752,74098,82165,80864,64677,61709,57314,101319,47369,63725,66840,74185,42215,25181,29471,41273,40904,67837,20182,25969,21803,36491,20805,41476,8821,6276,.,20507,27341,34385,26975,26333
ACSSF,2016e1,dc,000,0109,0000009,55969,62558,89591,90258,95318,81129,92175,92719,100375,81647,81250,77457,121841,51738,70797,73493,75989,56474,28750,26306,47443,32189,63678,26609,30346,24360,40805,50022,38770,30760,.,29858,51936,30496,32447,30653,25079,50547,70204,75621,80004,71752,74098,82165,80864,64677,61709,57314,101319,47369,63725,66840,74185,42215,25181,29471,41273,40904,67837,20182,25969,21803,36491,20805,41476,8821,6276,.,20507,27341,34385,26975,26333
ACSSF,2016e1,dc,000,0109,0000010,73049,90729,99164,106054,132271,100900,100474,97048,101879,92123,84253,80223,170092,42205,61158,90067,76932,.,21366,.,150288,9500,.,23694,2499,16936,63906,74115,33763,29776,.,29776,.,65600,.,.,.,62142,73954,92147,96853,87968,66232,90502,.,57018,62630,68313,124055,42315,45125,64250,62550,.,16669,.,43925,4561,.,4523,22225,12331,40238,45157,37070,6510,.,.,9260,91985,91985,.,.
ACSSF,2016e1,dc,000,0109,0000011,50386,51044,81769,82622,85058,82543,65298,62478,87195,61353,93332,81766,94838,57190,100665,60983,61698,.,24664,.,82226,43650,.,24641,20480,23303,36888,33478,41047,30662,.,30434,44650,31761,32065,31109,40052,48624,71412,70908,74257,66552,66655,67214,.,54253,71355,69737,100278,70491,69385,77460,89755,19935,23413,26145,65703,65703,.,17483,26834,21779,40605,23871,46605,41719,.,.,.,24256,35382,.,.
ACSSF,2016e1,dc,000,0109,0000012,61918,65778,91365,95100,100283,81008,96944,100268,100325,90261,74949,51355,104236,53170,78882,56817,57338,.,31700,.,48200,42022,.,22422,21510,57266,53145,52464,55468,39111,.,27563,64932,22525,13550,31094,10129,57432,74858,81458,81139,86510,90936,90939,82775,102000,65918,59899,118125,53589,73859,44887,70313,43684,28426,41297,51250,51149,75098,26655,26677,27922,47141,50622,46862,.,.,.,.,16552,.,15652,.
ACSSF,2016e1,dc,000,0109,0000013,31564,32284,56093,47585,46831,50988,103714,107077,60595,.,51086,46894,90440,32367,50591,74871,74871,.,31147,26586,30844,26465,46821,37779,31212,12080,21930,16129,27302,30699,.,28930,44502,25051,65689,24205,23182,30923,54635,65644,60063,71500,52196,52151,.,.,37177,30135,71161,27266,42097,66377,72090,37203,24250,29253,31097,32021,16943,19169,19619,29770,25980,15232,36561,.,.,.,.,27726,.,28081,.
ACSSF,2016e1,dc,000,0109,0000014,70066,80041,89734,91072,100160,81318,90837,85175,99583,88688,81585,118500,120983,22445,67359,139402,201003,.,30089,.,66042,80708,64880,30857,35607,2499,75897,79299,40923,30020,.,29486,50915,32062,.,40952,10417,57499,66639,71364,72357,70495,80464,85222,80859,69120,60270,51467,98216,45113,64710,72543,90502,41064,22362,32153,68173,.,60000,20928,27903,21591,35000,22179,43018,25093,.,.,25093,26997,32946,.,26344
ACSSF,2016e1,dc,000,0109,0000015,55969,62558,89591,90258,95318,81129,92175,92719,100375,81647,81250,77457,121841,51738,70797,73493,75989,56474,28750,26306,47443,32189,63678,26609,30346,24360,40805,50022,38770,30760,.,29858,51936,30496,32447,30653,25079,50547,70204,75621,80004,71752,74098,82165,80864,64677,61709,57314,101319,47369,63725,66840,74185,42215,25181,29471,41273,40904,67837,20182,25969,21803,36491,20805,41476,8821,6276,.,20507,27341,34385,26975,26333
