ACSSF,2016e1,dc,000,0018,0000001,,,,,,,,,,,,,,,,,,,,,,,,,,,,,,,,,,,,,,,,,,,,,,,,,,,,,,,,42082,25843,57544,64098,35787,,,,,,647654,120308,40338,487008,247247,68260,21911,157076,299447,37295,11860,250292,13202,1363,562,11277,87758,13390,6005,68363,,,,,,,,,,,,,,,,,,,,,,,,,,,,,,,,,,,,,,,,,,,,,,,,,,,,,,,,,,,,,,,,,,,
ACSSF,2016e1,dc,000,0018,0000002,,,,,,,,,,,,,,,,,,,,,,,,,,,,,,,,,,,,,,,,,,,,,,,,,,,,,,,,42082,25843,57544,64098,35787,,,,,,647654,120308,40338,487008,247247,68260,21911,157076,299447,37295,11860,250292,13202,1363,562,11277,87758,13390,6005,68363,,,,,,,,,,,,,,,,,,,,,,,,,,,,,,,,,,,,,,,,,,,,,,,,,,,,,,,,,,,,,,,,,,,
ACSSF,2016e1,dc,000,0018,0000003,,,,,,,,,,,,,,,,,,,,,,,,,,,,,,,,,,,,,,,,,,,,,,,,,,,,,,,,42082,25843,57544,64098,35787,,,,,,647654,120308,40338,487008,247247,68260,21911,157076,299447,37295,11860,250292,13202,1363,562,11277,87758,13390,6005,68363,,,,,,,,,,,,,,,,,,,,,,,,,,,,,,,,,,,,,,,,,,,,,,,,,,,,,,,,,,,,,,,,,,,
ACSSF,2016e1,dc,000,0018,0000004,,,,,,,,,,,,,,,,,,,,,,,,,,,,,,,,,,,,,,,,,,,,,,,,,,,,,,,,42082,25843,57544,64098,35787,,,,,,647654,120308,40338,487008,247247,68260,21911,157076,299447,37295,11860,250292,13202,1363,562,11277,87758,13390,6005,68363,,,,,,,,,,,,,,,,,,,,,,,,,,,,,,,,,,,,,,,,,,,,,,,,,,,,,,,,,,,,,,,,,,,
ACSSF,2016e1,dc,000,0018,0000005,,,,,,,,,,,,,,,,,,,,,,,,,,,,,,,,,,,,,,,,,,,,,,,,,,,,,,,,42082,25843,57544,64098,35787,,,,,,647654,120308,40338,487008,247247,68260,21911,157076,299447,37295,11860,250292,13202,1363,562,11277,87758,13390,6005,68363,,,,,,,,,,,,,,,,,,,,,,,,,,,,,,,,,,,,,,,,,,,,,,,,,,,,,,,,,,,,,,,,,,,
ACSSF,2016e1,dc,000,0018,0000006,,,,,,,,,,,,,,,,,,,,,,,,,,,,,,,,,,,,,,,,,,,,,,,,,,,,,,,,42082,25843,57544,64098,35787,,,,,,647654,120308,40338,487008,247247,68260,21911,157076,299447,37295,11860,250292,13202,1363,562,11277,87758,13390,6005,68363,,,,,,,,,,,,,,,,,,,,,,,,,,,,,,,,,,,,,,,,,,,,,,,,,,,,,,,,,,,,,,,,,,,
ACSSF,2016e1,dc,000,0018,0000007,,,,,,,,,,,,,,,,,,,,,,,,,,,,,,,,,,,,,,,,,,,,,,,,,,,,,,,,42082,25843,57544,64098,35787,,,,,,647654,120308,40338,487008,247247,68260,21911,157076,299447,37295,11860,250292,13202,1363,562,11277,87758,13390,6005,68363,,,,,,,,,,,,,,,,,,,,,,,,,,,,,,,,,,,,,,,,,,,,,,,,,,,,,,,,,,,,,,,,,,,
ACSSF,2016e1,dc,000,0018,0000008,,,,,,,,,,,,,,,,,,,,,,,,,,,,,,,,,,,,,,,,,,,,,,,,,,,,,,,,42082,25843,57544,64098,35787,,,,,,647654,120308,40338,487008,247247,68260,21911,157076,299447,37295,11860,250292,13202,1363,562,11277,87758,13390,6005,68363,,,,,,,,,,,,,,,,,,,,,,,,,,,,,,,,,,,,,,,,,,,,,,,,,,,,,,,,,,,,,,,,,,,
ACSSF,2016e1,dc,000,0018,0000009,,,,,,,,,,,,,,,,,,,,,,,,,,,,,,,,,,,,,,,,,,,,,,,,,,,,,,,,42082,25843,57544,64098,35787,,,,,,647654,120308,40338,487008,247247,68260,21911,157076,299447,37295,11860,250292,13202,1363,562,11277,87758,13390,6005,68363,,,,,,,,,,,,,,,,,,,,,,,,,,,,,,,,,,,,,,,,,,,,,,,,,,,,,,,,,,,,,,,,,,,
ACSSF,2016e1,dc,000,0018,0000010,,,,,,,,,,,,,,,,,,,,,,,,,,,,,,,,,,,,,,,,,,,,,,,,,,,,,,,,65634,69031,68522,43535,60614,,,,,,99185,9467,2482,87236,19933,1188,332,18413,57593,5602,1408,50583,3363,146,97,3120,18296,2531,645,15120,,,,,,,,,,,,,,,,,,,,,,,,,,,,,,,,,,,,,,,,,,,,,,,,,,,,,,,,,,,,,,,,,,,
ACSSF,2016e1,dc,000,0018,0000011,,,,,,,,,,,,,,,,,,,,,,,,,,,,,,,,,,,,,,,,,,,,,,,,,,,,,,,,40465,32803,60312,29077,30095,,,,,,127477,17238,9412,100827,45700,8808,3451,33441,48518,3843,2720,41955,3250,267,263,2720,30009,4320,2978,22711,,,,,,,,,,,,,,,,,,,,,,,,,,,,,,,,,,,,,,,,,,,,,,,,,,,,,,,,,,,,,,,,,,,
ACSSF,2016e1,dc,000,0018,0000012,,,,,,,,,,,,,,,,,,,,,,,,,,,,,,,,,,,,,,,,,,,,,,,,,,,,,,,,50233,30054,60435,90434,40151,,,,,,113686,16780,4669,92237,43578,8830,2552,32196,57351,6478,1486,49387,2721,338,5,2378,10036,1134,626,8276,,,,,,,,,,,,,,,,,,,,,,,,,,,,,,,,,,,,,,,,,,,,,,,,,,,,,,,,,,,,,,,,,,,
ACSSF,2016e1,dc,000,0018,0000013,,,,,,,,,,,,,,,,,,,,,,,,,,,,,,,,,,,,,,,,,,,,,,,,,,,,,,,,22068,21001,25311,81196,25630,,,,,,162573,53109,18541,90923,113048,40886,13967,58195,41935,10950,3653,27332,745,0,128,617,6845,1273,793,4779,,,,,,,,,,,,,,,,,,,,,,,,,,,,,,,,,,,,,,,,,,,,,,,,,,,,,,,,,,,,,,,,,,,
ACSSF,2016e1,dc,000,0018,0000014,,,,,,,,,,,,,,,,,,,,,,,,,,,,,,,,,,,,,,,,,,,,,,,,,,,,,,,,59622,26753,63673,70860,47928,,,,,,144733,23714,5234,115785,24988,8548,1609,14831,94050,10422,2593,81035,3123,612,69,2442,22572,4132,963,17477,,,,,,,,,,,,,,,,,,,,,,,,,,,,,,,,,,,,,,,,,,,,,,,,,,,,,,,,,,,,,,,,,,,
ACSSF,2016e1,dc,000,0018,0000015,,,,,,,,,,,,,,,,,,,,,,,,,,,,,,,,,,,,,,,,,,,,,,,,,,,,,,,,42082,25843,57544,64098,35787,,,,,,647654,120308,40338,487008,247247,68260,21911,157076,299447,37295,11860,250292,13202,1363,562,11277,87758,13390,6005,68363,,,,,,,,,,,,,,,,,,,,,,,,,,,,,,,,,,,,,,,,,,,,,,,,,,,,,,,,,,,,,,,,,,,
