ACSSF,2016e1,dc,000,0012,0000001,,,,,,,,,,,,,,,,,,,,,,,,,,,,,,,,,,,,,,,,,,,,,,,,,,,,,,,,,,,,,,,,,,,,,,,,,,,,,,,,,,,,,,,,,,,,,,,,,,,,,,,,,,,,,,,,,,,,,,,,,,,,,,,,,,,,,,,,,,,,,,,,,,,,,,,,,,,,,,,,,,,90631,15497,4168,3156,1915,1241,722,290,4528,1999,1748,781,2014,744,0,1270,4657,617,1248,2792,130,17508,5263,2977,2810,167,811,1441,34,5667,2670,944,2053,4397,2401,905,1091,2181,249,153,1779,0,13967,7553,1167,3121,1473,653,739,739,0,42920,40863,7518,54,2454,5010,24004,3204,14041,6759,9341,1559,2025,5757,2057,2057,0
ACSSF,2016e1,dc,000,0012,0000002,,,,,,,,,,,,,,,,,,,,,,,,,,,,,,,,,,,,,,,,,,,,,,,,,,,,,,,,,,,,,,,,,,,,,,,,,,,,,,,,,,,,,,,,,,,,,,,,,,,,,,,,,,,,,,,,,,,,,,,,,,,,,,,,,,,,,,,,,,,,,,,,,,,,,,,,,,,,,,,,,,,90631,15497,4168,3156,1915,1241,722,290,4528,1999,1748,781,2014,744,0,1270,4657,617,1248,2792,130,17508,5263,2977,2810,167,811,1441,34,5667,2670,944,2053,4397,2401,905,1091,2181,249,153,1779,0,13967,7553,1167,3121,1473,653,739,739,0,42920,40863,7518,54,2454,5010,24004,3204,14041,6759,9341,1559,2025,5757,2057,2057,0
ACSSF,2016e1,dc,000,0012,0000003,,,,,,,,,,,,,,,,,,,,,,,,,,,,,,,,,,,,,,,,,,,,,,,,,,,,,,,,,,,,,,,,,,,,,,,,,,,,,,,,,,,,,,,,,,,,,,,,,,,,,,,,,,,,,,,,,,,,,,,,,,,,,,,,,,,,,,,,,,,,,,,,,,,,,,,,,,,,,,,,,,,90631,15497,4168,3156,1915,1241,722,290,4528,1999,1748,781,2014,744,0,1270,4657,617,1248,2792,130,17508,5263,2977,2810,167,811,1441,34,5667,2670,944,2053,4397,2401,905,1091,2181,249,153,1779,0,13967,7553,1167,3121,1473,653,739,739,0,42920,40863,7518,54,2454,5010,24004,3204,14041,6759,9341,1559,2025,5757,2057,2057,0
ACSSF,2016e1,dc,000,0012,0000004,,,,,,,,,,,,,,,,,,,,,,,,,,,,,,,,,,,,,,,,,,,,,,,,,,,,,,,,,,,,,,,,,,,,,,,,,,,,,,,,,,,,,,,,,,,,,,,,,,,,,,,,,,,,,,,,,,,,,,,,,,,,,,,,,,,,,,,,,,,,,,,,,,,,,,,,,,,,,,,,,,,90631,15497,4168,3156,1915,1241,722,290,4528,1999,1748,781,2014,744,0,1270,4657,617,1248,2792,130,17508,5263,2977,2810,167,811,1441,34,5667,2670,944,2053,4397,2401,905,1091,2181,249,153,1779,0,13967,7553,1167,3121,1473,653,739,739,0,42920,40863,7518,54,2454,5010,24004,3204,14041,6759,9341,1559,2025,5757,2057,2057,0
ACSSF,2016e1,dc,000,0012,0000005,,,,,,,,,,,,,,,,,,,,,,,,,,,,,,,,,,,,,,,,,,,,,,,,,,,,,,,,,,,,,,,,,,,,,,,,,,,,,,,,,,,,,,,,,,,,,,,,,,,,,,,,,,,,,,,,,,,,,,,,,,,,,,,,,,,,,,,,,,,,,,,,,,,,,,,,,,,,,,,,,,,90631,15497,4168,3156,1915,1241,722,290,4528,1999,1748,781,2014,744,0,1270,4657,617,1248,2792,130,17508,5263,2977,2810,167,811,1441,34,5667,2670,944,2053,4397,2401,905,1091,2181,249,153,1779,0,13967,7553,1167,3121,1473,653,739,739,0,42920,40863,7518,54,2454,5010,24004,3204,14041,6759,9341,1559,2025,5757,2057,2057,0
ACSSF,2016e1,dc,000,0012,0000006,,,,,,,,,,,,,,,,,,,,,,,,,,,,,,,,,,,,,,,,,,,,,,,,,,,,,,,,,,,,,,,,,,,,,,,,,,,,,,,,,,,,,,,,,,,,,,,,,,,,,,,,,,,,,,,,,,,,,,,,,,,,,,,,,,,,,,,,,,,,,,,,,,,,,,,,,,,,,,,,,,,90631,15497,4168,3156,1915,1241,722,290,4528,1999,1748,781,2014,744,0,1270,4657,617,1248,2792,130,17508,5263,2977,2810,167,811,1441,34,5667,2670,944,2053,4397,2401,905,1091,2181,249,153,1779,0,13967,7553,1167,3121,1473,653,739,739,0,42920,40863,7518,54,2454,5010,24004,3204,14041,6759,9341,1559,2025,5757,2057,2057,0
ACSSF,2016e1,dc,000,0012,0000007,,,,,,,,,,,,,,,,,,,,,,,,,,,,,,,,,,,,,,,,,,,,,,,,,,,,,,,,,,,,,,,,,,,,,,,,,,,,,,,,,,,,,,,,,,,,,,,,,,,,,,,,,,,,,,,,,,,,,,,,,,,,,,,,,,,,,,,,,,,,,,,,,,,,,,,,,,,,,,,,,,,90631,15497,4168,3156,1915,1241,722,290,4528,1999,1748,781,2014,744,0,1270,4657,617,1248,2792,130,17508,5263,2977,2810,167,811,1441,34,5667,2670,944,2053,4397,2401,905,1091,2181,249,153,1779,0,13967,7553,1167,3121,1473,653,739,739,0,42920,40863,7518,54,2454,5010,24004,3204,14041,6759,9341,1559,2025,5757,2057,2057,0
ACSSF,2016e1,dc,000,0012,0000008,,,,,,,,,,,,,,,,,,,,,,,,,,,,,,,,,,,,,,,,,,,,,,,,,,,,,,,,,,,,,,,,,,,,,,,,,,,,,,,,,,,,,,,,,,,,,,,,,,,,,,,,,,,,,,,,,,,,,,,,,,,,,,,,,,,,,,,,,,,,,,,,,,,,,,,,,,,,,,,,,,,90631,15497,4168,3156,1915,1241,722,290,4528,1999,1748,781,2014,744,0,1270,4657,617,1248,2792,130,17508,5263,2977,2810,167,811,1441,34,5667,2670,944,2053,4397,2401,905,1091,2181,249,153,1779,0,13967,7553,1167,3121,1473,653,739,739,0,42920,40863,7518,54,2454,5010,24004,3204,14041,6759,9341,1559,2025,5757,2057,2057,0
ACSSF,2016e1,dc,000,0012,0000009,,,,,,,,,,,,,,,,,,,,,,,,,,,,,,,,,,,,,,,,,,,,,,,,,,,,,,,,,,,,,,,,,,,,,,,,,,,,,,,,,,,,,,,,,,,,,,,,,,,,,,,,,,,,,,,,,,,,,,,,,,,,,,,,,,,,,,,,,,,,,,,,,,,,,,,,,,,,,,,,,,,90631,15497,4168,3156,1915,1241,722,290,4528,1999,1748,781,2014,744,0,1270,4657,617,1248,2792,130,17508,5263,2977,2810,167,811,1441,34,5667,2670,944,2053,4397,2401,905,1091,2181,249,153,1779,0,13967,7553,1167,3121,1473,653,739,739,0,42920,40863,7518,54,2454,5010,24004,3204,14041,6759,9341,1559,2025,5757,2057,2057,0
ACSSF,2016e1,dc,000,0012,0000010,,,,,,,,,,,,,,,,,,,,,,,,,,,,,,,,,,,,,,,,,,,,,,,,,,,,,,,,,,,,,,,,,,,,,,,,,,,,,,,,,,,,,,,,,,,,,,,,,,,,,,,,,,,,,,,,,,,,,,,,,,,,,,,,,,,,,,,,,,,,,,,,,,,,,,,,,,,,,,,,,,,19131,6840,1899,1531,1005,526,214,154,1888,889,561,438,934,375,0,559,1989,93,747,1149,130,5092,1243,647,533,114,47,515,34,2083,809,686,588,918,653,64,201,848,75,127,646,0,837,179,213,132,313,0,620,620,0,5742,5430,59,15,0,44,2168,486,1329,353,3203,612,805,1786,312,312,0
ACSSF,2016e1,dc,000,0012,0000011,,,,,,,,,,,,,,,,,,,,,,,,,,,,,,,,,,,,,,,,,,,,,,,,,,,,,,,,,,,,,,,,,,,,,,,,,,,,,,,,,,,,,,,,,,,,,,,,,,,,,,,,,,,,,,,,,,,,,,,,,,,,,,,,,,,,,,,,,,,,,,,,,,,,,,,,,,,,,,,,,,,,,,,,,,,,,,,,,,,,,,,,,,,,,,,,,,,,,,,,,,,,,,,,,,,,,,,,,,,,,,,,,,,,,,
ACSSF,2016e1,dc,000,0012,0000012,,,,,,,,,,,,,,,,,,,,,,,,,,,,,,,,,,,,,,,,,,,,,,,,,,,,,,,,,,,,,,,,,,,,,,,,,,,,,,,,,,,,,,,,,,,,,,,,,,,,,,,,,,,,,,,,,,,,,,,,,,,,,,,,,,,,,,,,,,,,,,,,,,,,,,,,,,,,,,,,,,,,,,,,,,,,,,,,,,,,,,,,,,,,,,,,,,,,,,,,,,,,,,,,,,,,,,,,,,,,,,,,,,,,,,
ACSSF,2016e1,dc,000,0012,0000013,,,,,,,,,,,,,,,,,,,,,,,,,,,,,,,,,,,,,,,,,,,,,,,,,,,,,,,,,,,,,,,,,,,,,,,,,,,,,,,,,,,,,,,,,,,,,,,,,,,,,,,,,,,,,,,,,,,,,,,,,,,,,,,,,,,,,,,,,,,,,,,,,,,,,,,,,,,,,,,,,,,,,,,,,,,,,,,,,,,,,,,,,,,,,,,,,,,,,,,,,,,,,,,,,,,,,,,,,,,,,,,,,,,,,,
ACSSF,2016e1,dc,000,0012,0000014,,,,,,,,,,,,,,,,,,,,,,,,,,,,,,,,,,,,,,,,,,,,,,,,,,,,,,,,,,,,,,,,,,,,,,,,,,,,,,,,,,,,,,,,,,,,,,,,,,,,,,,,,,,,,,,,,,,,,,,,,,,,,,,,,,,,,,,,,,,,,,,,,,,,,,,,,,,,,,,,,,,23987,4388,746,357,288,69,313,76,1504,616,571,317,596,335,0,261,1542,365,176,1001,0,7725,2532,1443,1390,53,540,549,0,2549,1447,148,954,1849,1341,291,217,795,0,26,769,0,3169,1752,712,438,0,267,63,63,0,8642,7565,1509,0,193,1316,3077,629,1125,1323,2979,621,693,1665,1077,1077,0
ACSSF,2016e1,dc,000,0012,0000015,,,,,,,,,,,,,,,,,,,,,,,,,,,,,,,,,,,,,,,,,,,,,,,,,,,,,,,,,,,,,,,,,,,,,,,,,,,,,,,,,,,,,,,,,,,,,,,,,,,,,,,,,,,,,,,,,,,,,,,,,,,,,,,,,,,,,,,,,,,,,,,,,,,,,,,,,,,,,,,,,,,90631,15497,4168,3156,1915,1241,722,290,4528,1999,1748,781,2014,744,0,1270,4657,617,1248,2792,130,17508,5263,2977,2810,167,811,1441,34,5667,2670,944,2053,4397,2401,905,1091,2181,249,153,1779,0,13967,7553,1167,3121,1473,653,739,739,0,42920,40863,7518,54,2454,5010,24004,3204,14041,6759,9341,1559,2025,5757,2057,2057,0
