ACSSF,2015e1,dc,000,0148,0000001,281787,112555,15179,1349,10526,3165,37,102,0,66671,1802,17814,28180,11821,4110,2944,30705,488,2524,3059,5503,6966,12165,169232,67755,14011,46921,6373,48,402,0,80415,6889,43812,19921,6511,1783,1499,21062,862,5909,5568,3384,1720,3619,281787,112555,34503,20544,2118,2820,2607,6414,0,34404,22630,1502,2213,2655,5404,0,17361,14401,526,409,570,1455,0,11178,8692,335,489,621,1041,0,15109,14589,198,40,0,282,0,169232,118404,19481,15845,26957,11445,44300,376,31862,5045,4596,10912,2845,8464,0,9943,672,1654,3024,1126,3467,0,3905,989,321,978,337,1280,0,5118,624,370,943,632,2549,0
ACSSF,2015e1,dc,000,0148,0000002,281787,112555,15179,1349,10526,3165,37,102,0,66671,1802,17814,28180,11821,4110,2944,30705,488,2524,3059,5503,6966,12165,169232,67755,14011,46921,6373,48,402,0,80415,6889,43812,19921,6511,1783,1499,21062,862,5909,5568,3384,1720,3619,281787,112555,34503,20544,2118,2820,2607,6414,0,34404,22630,1502,2213,2655,5404,0,17361,14401,526,409,570,1455,0,11178,8692,335,489,621,1041,0,15109,14589,198,40,0,282,0,169232,118404,19481,15845,26957,11445,44300,376,31862,5045,4596,10912,2845,8464,0,9943,672,1654,3024,1126,3467,0,3905,989,321,978,337,1280,0,5118,624,370,943,632,2549,0
ACSSF,2015e1,dc,000,0148,0000003,281787,112555,15179,1349,10526,3165,37,102,0,66671,1802,17814,28180,11821,4110,2944,30705,488,2524,3059,5503,6966,12165,169232,67755,14011,46921,6373,48,402,0,80415,6889,43812,19921,6511,1783,1499,21062,862,5909,5568,3384,1720,3619,281787,112555,34503,20544,2118,2820,2607,6414,0,34404,22630,1502,2213,2655,5404,0,17361,14401,526,409,570,1455,0,11178,8692,335,489,621,1041,0,15109,14589,198,40,0,282,0,169232,118404,19481,15845,26957,11445,44300,376,31862,5045,4596,10912,2845,8464,0,9943,672,1654,3024,1126,3467,0,3905,989,321,978,337,1280,0,5118,624,370,943,632,2549,0
ACSSF,2015e1,dc,000,0148,0000004,281787,112555,15179,1349,10526,3165,37,102,0,66671,1802,17814,28180,11821,4110,2944,30705,488,2524,3059,5503,6966,12165,169232,67755,14011,46921,6373,48,402,0,80415,6889,43812,19921,6511,1783,1499,21062,862,5909,5568,3384,1720,3619,281787,112555,34503,20544,2118,2820,2607,6414,0,34404,22630,1502,2213,2655,5404,0,17361,14401,526,409,570,1455,0,11178,8692,335,489,621,1041,0,15109,14589,198,40,0,282,0,169232,118404,19481,15845,26957,11445,44300,376,31862,5045,4596,10912,2845,8464,0,9943,672,1654,3024,1126,3467,0,3905,989,321,978,337,1280,0,5118,624,370,943,632,2549,0
ACSSF,2015e1,dc,000,0148,0000005,281787,112555,15179,1349,10526,3165,37,102,0,66671,1802,17814,28180,11821,4110,2944,30705,488,2524,3059,5503,6966,12165,169232,67755,14011,46921,6373,48,402,0,80415,6889,43812,19921,6511,1783,1499,21062,862,5909,5568,3384,1720,3619,281787,112555,34503,20544,2118,2820,2607,6414,0,34404,22630,1502,2213,2655,5404,0,17361,14401,526,409,570,1455,0,11178,8692,335,489,621,1041,0,15109,14589,198,40,0,282,0,169232,118404,19481,15845,26957,11445,44300,376,31862,5045,4596,10912,2845,8464,0,9943,672,1654,3024,1126,3467,0,3905,989,321,978,337,1280,0,5118,624,370,943,632,2549,0
ACSSF,2015e1,dc,000,0148,0000006,281787,112555,15179,1349,10526,3165,37,102,0,66671,1802,17814,28180,11821,4110,2944,30705,488,2524,3059,5503,6966,12165,169232,67755,14011,46921,6373,48,402,0,80415,6889,43812,19921,6511,1783,1499,21062,862,5909,5568,3384,1720,3619,281787,112555,34503,20544,2118,2820,2607,6414,0,34404,22630,1502,2213,2655,5404,0,17361,14401,526,409,570,1455,0,11178,8692,335,489,621,1041,0,15109,14589,198,40,0,282,0,169232,118404,19481,15845,26957,11445,44300,376,31862,5045,4596,10912,2845,8464,0,9943,672,1654,3024,1126,3467,0,3905,989,321,978,337,1280,0,5118,624,370,943,632,2549,0
ACSSF,2015e1,dc,000,0148,0000007,281787,112555,15179,1349,10526,3165,37,102,0,66671,1802,17814,28180,11821,4110,2944,30705,488,2524,3059,5503,6966,12165,169232,67755,14011,46921,6373,48,402,0,80415,6889,43812,19921,6511,1783,1499,21062,862,5909,5568,3384,1720,3619,281787,112555,34503,20544,2118,2820,2607,6414,0,34404,22630,1502,2213,2655,5404,0,17361,14401,526,409,570,1455,0,11178,8692,335,489,621,1041,0,15109,14589,198,40,0,282,0,169232,118404,19481,15845,26957,11445,44300,376,31862,5045,4596,10912,2845,8464,0,9943,672,1654,3024,1126,3467,0,3905,989,321,978,337,1280,0,5118,624,370,943,632,2549,0
ACSSF,2015e1,dc,000,0148,0000008,281787,112555,15179,1349,10526,3165,37,102,0,66671,1802,17814,28180,11821,4110,2944,30705,488,2524,3059,5503,6966,12165,169232,67755,14011,46921,6373,48,402,0,80415,6889,43812,19921,6511,1783,1499,21062,862,5909,5568,3384,1720,3619,281787,112555,34503,20544,2118,2820,2607,6414,0,34404,22630,1502,2213,2655,5404,0,17361,14401,526,409,570,1455,0,11178,8692,335,489,621,1041,0,15109,14589,198,40,0,282,0,169232,118404,19481,15845,26957,11445,44300,376,31862,5045,4596,10912,2845,8464,0,9943,672,1654,3024,1126,3467,0,3905,989,321,978,337,1280,0,5118,624,370,943,632,2549,0
ACSSF,2015e1,dc,000,0148,0000009,281787,112555,15179,1349,10526,3165,37,102,0,66671,1802,17814,28180,11821,4110,2944,30705,488,2524,3059,5503,6966,12165,169232,67755,14011,46921,6373,48,402,0,80415,6889,43812,19921,6511,1783,1499,21062,862,5909,5568,3384,1720,3619,281787,112555,34503,20544,2118,2820,2607,6414,0,34404,22630,1502,2213,2655,5404,0,17361,14401,526,409,570,1455,0,11178,8692,335,489,621,1041,0,15109,14589,198,40,0,282,0,169232,118404,19481,15845,26957,11445,44300,376,31862,5045,4596,10912,2845,8464,0,9943,672,1654,3024,1126,3467,0,3905,989,321,978,337,1280,0,5118,624,370,943,632,2549,0
ACSSF,2015e1,dc,000,0148,0000010,48445,25269,1411,143,1153,83,0,32,0,14806,222,4875,6027,2406,1053,223,9052,405,751,1276,1953,2533,2134,23176,9525,2220,6730,575,0,0,0,11066,885,5671,2782,1418,52,258,2585,202,928,268,323,113,751,,,,,,,,,,,,,,,,,,,,,,,,,,,,,,,,,,,,,,,,,,,,,,,,,,,,,,,,,,,,,,,,,,,,,,,,,
ACSSF,2015e1,dc,000,0148,0000011,47882,21436,2925,452,1935,501,37,0,0,12794,301,2593,5455,2800,1089,556,5717,54,146,640,688,1165,3024,26446,9057,1790,5720,1547,0,0,0,13195,846,7114,3598,506,590,541,4194,76,1254,1055,758,356,695,,,,,,,,,,,,,,,,,,,,,,,,,,,,,,,,,,,,,,,,,,,,,,,,,,,,,,,,,,,,,,,,,,,,,,,,,
ACSSF,2015e1,dc,000,0148,0000012,45682,24150,3713,271,2747,695,0,0,0,13754,375,3827,5326,2776,521,929,6683,29,344,324,1201,1534,3251,21532,8237,1921,5633,683,0,0,0,10204,902,6161,2444,490,55,152,3091,119,914,1292,257,197,312,,,,,,,,,,,,,,,,,,,,,,,,,,,,,,,,,,,,,,,,,,,,,,,,,,,,,,,,,,,,,,,,,,,,,,,,,
ACSSF,2015e1,dc,000,0148,0000013,61571,17710,1382,192,813,377,0,0,0,10900,234,1785,5160,1774,752,1195,5428,0,432,344,857,829,2966,43861,12068,1176,8352,2314,48,178,0,25440,2068,13614,6719,2065,759,215,6353,234,1650,2073,1178,396,822,,,,,,,,,,,,,,,,,,,,,,,,,,,,,,,,,,,,,,,,,,,,,,,,,,,,,,,,,,,,,,,,,,,,,,,,,
ACSSF,2015e1,dc,000,0148,0000014,78207,23990,5748,291,3878,1509,0,70,0,14417,670,4734,6212,2065,695,41,3825,0,851,475,804,905,790,54217,28868,6904,20486,1254,0,224,0,20510,2188,11252,4378,2032,327,333,4839,231,1163,880,868,658,1039,78207,23990,10424,2639,921,1165,1394,4305,0,8196,2377,734,381,1350,3354,0,2869,1489,223,65,305,787,0,1670,826,199,117,220,308,0,831,621,0,40,0,170,0,54217,42224,3777,3934,5300,5186,23827,200,6512,563,846,1507,655,2941,0,2900,254,421,139,661,1425,0,1209,0,37,240,27,905,0,1372,112,41,206,76,937,0
ACSSF,2015e1,dc,000,0148,0000015,281787,112555,15179,1349,10526,3165,37,102,0,66671,1802,17814,28180,11821,4110,2944,30705,488,2524,3059,5503,6966,12165,169232,67755,14011,46921,6373,48,402,0,80415,6889,43812,19921,6511,1783,1499,21062,862,5909,5568,3384,1720,3619,281787,112555,34503,20544,2118,2820,2607,6414,0,34404,22630,1502,2213,2655,5404,0,17361,14401,526,409,570,1455,0,11178,8692,335,489,621,1041,0,15109,14589,198,40,0,282,0,169232,118404,19481,15845,26957,11445,44300,376,31862,5045,4596,10912,2845,8464,0,9943,672,1654,3024,1126,3467,0,3905,989,321,978,337,1280,0,5118,624,370,943,632,2549,0
