ACSSF,2016e1,dc,000,0046,0000001,12971,6672,3904,2395,12971,3103,2227,876,9868,,,,401213,9489,2354,160,282,904,0,1008,7135,391724,9489,2354,456,412,44,1898,715,1183,7135,3572,3563,,,,,,,,7986,1875,1060,815,6111,3074,3037,,,,,,,,,,,,,,,,,,,,,,,,,,,,,,,,,,,,,,,,,,,,,,,,,,9489,2796,1243,560,683,1553,6693,1111,567,544,5582,9489,7915,1791,932,859,6124,1574,563,195,368,1011,,,,,,,,,,,,,,,,,,9489,1983,316,120,196,1667,7506,2038,1007,1031,5468,9489,3337,821,405,416,2516,6152,1533,722,811,4619,9489,4229,698,545,153,3531,5260,1656,582,1074,3604,9489,2263,750,278,472,1513,7226,1604,849,755,5622,281241,7571,1948,454,1494,5623,273670
ACSSF,2016e1,dc,000,0046,0000002,12971,6672,3904,2395,12971,3103,2227,876,9868,,,,401213,9489,2354,160,282,904,0,1008,7135,391724,9489,2354,456,412,44,1898,715,1183,7135,3572,3563,,,,,,,,7986,1875,1060,815,6111,3074,3037,,,,,,,,,,,,,,,,,,,,,,,,,,,,,,,,,,,,,,,,,,,,,,,,,,9489,2796,1243,560,683,1553,6693,1111,567,544,5582,9489,7915,1791,932,859,6124,1574,563,195,368,1011,,,,,,,,,,,,,,,,,,9489,1983,316,120,196,1667,7506,2038,1007,1031,5468,9489,3337,821,405,416,2516,6152,1533,722,811,4619,9489,4229,698,545,153,3531,5260,1656,582,1074,3604,9489,2263,750,278,472,1513,7226,1604,849,755,5622,281241,7571,1948,454,1494,5623,273670
ACSSF,2016e1,dc,000,0046,0000003,12971,6672,3904,2395,12971,3103,2227,876,9868,,,,401213,9489,2354,160,282,904,0,1008,7135,391724,9489,2354,456,412,44,1898,715,1183,7135,3572,3563,,,,,,,,7986,1875,1060,815,6111,3074,3037,,,,,,,,,,,,,,,,,,,,,,,,,,,,,,,,,,,,,,,,,,,,,,,,,,9489,2796,1243,560,683,1553,6693,1111,567,544,5582,9489,7915,1791,932,859,6124,1574,563,195,368,1011,,,,,,,,,,,,,,,,,,9489,1983,316,120,196,1667,7506,2038,1007,1031,5468,9489,3337,821,405,416,2516,6152,1533,722,811,4619,9489,4229,698,545,153,3531,5260,1656,582,1074,3604,9489,2263,750,278,472,1513,7226,1604,849,755,5622,281241,7571,1948,454,1494,5623,273670
ACSSF,2016e1,dc,000,0046,0000004,12971,6672,3904,2395,12971,3103,2227,876,9868,,,,401213,9489,2354,160,282,904,0,1008,7135,391724,9489,2354,456,412,44,1898,715,1183,7135,3572,3563,,,,,,,,7986,1875,1060,815,6111,3074,3037,,,,,,,,,,,,,,,,,,,,,,,,,,,,,,,,,,,,,,,,,,,,,,,,,,9489,2796,1243,560,683,1553,6693,1111,567,544,5582,9489,7915,1791,932,859,6124,1574,563,195,368,1011,,,,,,,,,,,,,,,,,,9489,1983,316,120,196,1667,7506,2038,1007,1031,5468,9489,3337,821,405,416,2516,6152,1533,722,811,4619,9489,4229,698,545,153,3531,5260,1656,582,1074,3604,9489,2263,750,278,472,1513,7226,1604,849,755,5622,281241,7571,1948,454,1494,5623,273670
ACSSF,2016e1,dc,000,0046,0000005,12971,6672,3904,2395,12971,3103,2227,876,9868,,,,401213,9489,2354,160,282,904,0,1008,7135,391724,9489,2354,456,412,44,1898,715,1183,7135,3572,3563,,,,,,,,7986,1875,1060,815,6111,3074,3037,,,,,,,,,,,,,,,,,,,,,,,,,,,,,,,,,,,,,,,,,,,,,,,,,,9489,2796,1243,560,683,1553,6693,1111,567,544,5582,9489,7915,1791,932,859,6124,1574,563,195,368,1011,,,,,,,,,,,,,,,,,,9489,1983,316,120,196,1667,7506,2038,1007,1031,5468,9489,3337,821,405,416,2516,6152,1533,722,811,4619,9489,4229,698,545,153,3531,5260,1656,582,1074,3604,9489,2263,750,278,472,1513,7226,1604,849,755,5622,281241,7571,1948,454,1494,5623,273670
ACSSF,2016e1,dc,000,0046,0000006,12971,6672,3904,2395,12971,3103,2227,876,9868,,,,401213,9489,2354,160,282,904,0,1008,7135,391724,9489,2354,456,412,44,1898,715,1183,7135,3572,3563,,,,,,,,7986,1875,1060,815,6111,3074,3037,,,,,,,,,,,,,,,,,,,,,,,,,,,,,,,,,,,,,,,,,,,,,,,,,,9489,2796,1243,560,683,1553,6693,1111,567,544,5582,9489,7915,1791,932,859,6124,1574,563,195,368,1011,,,,,,,,,,,,,,,,,,9489,1983,316,120,196,1667,7506,2038,1007,1031,5468,9489,3337,821,405,416,2516,6152,1533,722,811,4619,9489,4229,698,545,153,3531,5260,1656,582,1074,3604,9489,2263,750,278,472,1513,7226,1604,849,755,5622,281241,7571,1948,454,1494,5623,273670
ACSSF,2016e1,dc,000,0046,0000007,12971,6672,3904,2395,12971,3103,2227,876,9868,,,,401213,9489,2354,160,282,904,0,1008,7135,391724,9489,2354,456,412,44,1898,715,1183,7135,3572,3563,,,,,,,,7986,1875,1060,815,6111,3074,3037,,,,,,,,,,,,,,,,,,,,,,,,,,,,,,,,,,,,,,,,,,,,,,,,,,9489,2796,1243,560,683,1553,6693,1111,567,544,5582,9489,7915,1791,932,859,6124,1574,563,195,368,1011,,,,,,,,,,,,,,,,,,9489,1983,316,120,196,1667,7506,2038,1007,1031,5468,9489,3337,821,405,416,2516,6152,1533,722,811,4619,9489,4229,698,545,153,3531,5260,1656,582,1074,3604,9489,2263,750,278,472,1513,7226,1604,849,755,5622,281241,7571,1948,454,1494,5623,273670
ACSSF,2016e1,dc,000,0046,0000008,12971,6672,3904,2395,12971,3103,2227,876,9868,,,,401213,9489,2354,160,282,904,0,1008,7135,391724,9489,2354,456,412,44,1898,715,1183,7135,3572,3563,,,,,,,,7986,1875,1060,815,6111,3074,3037,,,,,,,,,,,,,,,,,,,,,,,,,,,,,,,,,,,,,,,,,,,,,,,,,,9489,2796,1243,560,683,1553,6693,1111,567,544,5582,9489,7915,1791,932,859,6124,1574,563,195,368,1011,,,,,,,,,,,,,,,,,,9489,1983,316,120,196,1667,7506,2038,1007,1031,5468,9489,3337,821,405,416,2516,6152,1533,722,811,4619,9489,4229,698,545,153,3531,5260,1656,582,1074,3604,9489,2263,750,278,472,1513,7226,1604,849,755,5622,281241,7571,1948,454,1494,5623,273670
ACSSF,2016e1,dc,000,0046,0000009,12971,6672,3904,2395,12971,3103,2227,876,9868,,,,401213,9489,2354,160,282,904,0,1008,7135,391724,9489,2354,456,412,44,1898,715,1183,7135,3572,3563,,,,,,,,7986,1875,1060,815,6111,3074,3037,,,,,,,,,,,,,,,,,,,,,,,,,,,,,,,,,,,,,,,,,,,,,,,,,,9489,2796,1243,560,683,1553,6693,1111,567,544,5582,9489,7915,1791,932,859,6124,1574,563,195,368,1011,,,,,,,,,,,,,,,,,,9489,1983,316,120,196,1667,7506,2038,1007,1031,5468,9489,3337,821,405,416,2516,6152,1533,722,811,4619,9489,4229,698,545,153,3531,5260,1656,582,1074,3604,9489,2263,750,278,472,1513,7226,1604,849,755,5622,281241,7571,1948,454,1494,5623,273670
ACSSF,2016e1,dc,000,0046,0000010,,,,,,,,,,.,.,.,,,,,,,,,,,,,,,,,,,,,,,,,,,,,,,,,,,,,,,,,,,,,,,,,,,,,,,,,,,,,,,,,,,,,,,,,,,,,,,,,,,,,,,,,,,,,,,,,,,,,,,,,,,,,,,,,,,,,,,,,,,,,,,,,,,,,,,,,,,,,,,,,,,,,,,,,,,,,,,,,,,,,,,,,,,,,,
ACSSF,2016e1,dc,000,0046,0000011,3486,1358,1033,1095,3486,413,413,0,3073,139895,145668,.,,,,,,,,,,,,,,,,,,,,,,,,,,,,,2148,133,73,60,2015,806,1209,,,,,,,,,,,,,,,,,,,,,,,,,,,,,,,,,,,,,,,,,,,,,,,,,,,,,,,,,,,,,,,,,,,,,,,,,,,,,,,,,,,,,,,,,,,,,,,,,,,,,,,,,,,,,,,,,,,,,,,,,,,,,,,,,,,,,48260,2139,365,0,365,1774,46121
ACSSF,2016e1,dc,000,0046,0000012,2351,1312,450,589,,,,,,71222,.,.,,,,,,,,,,,,,,,,,,,,,,,,,,,,,,,,,,,,,,,,,,,,,,,,,,,,,,,,,,,,,,,,,,,,,,,,,,,,,,,,,,,,,,,,,,,,,,,,,,,,,,,,,,,,,,,,,,,,,,,,,,,,,,,,,,,,,,,,,,,,,,,,,,,,,,,,,,,,,,,,,,,,,,,,47330,1362,161,0,161,1201,45968
ACSSF,2016e1,dc,000,0046,0000013,6671,3700,2260,711,6671,2237,1361,876,4434,,,,87610,4419,1496,160,239,362,0,735,2923,83191,4419,1496,456,412,44,1040,402,638,2923,1596,1327,,,,,,,,3979,1452,814,638,2527,1426,1101,,,,,,,,,,,,,,,,,,,,,,,,,,,,,,,,,,,,,,,,,,,,,,,,,,4419,1166,758,375,383,408,3253,738,439,299,2515,4419,4174,1496,814,682,2678,245,0,0,0,245,,,,,,,,,,,,,,,,,,4419,633,157,53,104,476,3786,1339,761,578,2447,4419,1246,491,277,214,755,3173,1005,537,468,2168,4419,1881,405,405,0,1476,2538,1091,409,682,1447,4419,1378,444,160,284,934,3041,1052,654,398,1989,62235,3702,1301,454,847,2401,58533
ACSSF,2016e1,dc,000,0046,0000014,,,,,,,,,,2499,.,.,,,,,,,,,,,,,,,,,,,,,,,,,,,,,,,,,,,,,,,,,,,,,,,,,,,,,,,,,,,,,,,,,,,,,,,,,,,,,,,,,,,,,,,,,,,,,,,,,,,,,,,,,,,,,,,,,,,,,,,,,,,,,,,,,,,,,,,,,,,,,,,,,,,,,,,,,,,,,,,,,,,,,,,,,,,,,,
ACSSF,2016e1,dc,000,0046,0000015,12971,6672,3904,2395,12971,3103,2227,876,9868,,,,401213,9489,2354,160,282,904,0,1008,7135,391724,9489,2354,456,412,44,1898,715,1183,7135,3572,3563,,,,,,,,7986,1875,1060,815,6111,3074,3037,,,,,,,,,,,,,,,,,,,,,,,,,,,,,,,,,,,,,,,,,,,,,,,,,,9489,2796,1243,560,683,1553,6693,1111,567,544,5582,9489,7915,1791,932,859,6124,1574,563,195,368,1011,,,,,,,,,,,,,,,,,,9489,1983,316,120,196,1667,7506,2038,1007,1031,5468,9489,3337,821,405,416,2516,6152,1533,722,811,4619,9489,4229,698,545,153,3531,5260,1656,582,1074,3604,9489,2263,750,278,472,1513,7226,1604,849,755,5622,281241,7571,1948,454,1494,5623,273670
