ACSSF,2015e1,dc,000,0106,0000001,,,,,,,,,,,,,,,,,,,,,,,,,,,,,,,,,,,,,,,,,,,,,,,,,,,,,,,,,,,,,,,,,,,,,,,,,,,,,,,,,,,,,,,,,,,,,,,,,,,,,,,,,,,,,,,,,,,,,,,,,,,,,,,,,,,,,,,,,,,,,,,,,,,165612,84307,69805,30669,20822,9847,12995,7076,1741,4178,23339,1272,11071,3542,7454,2802,2588,214,4226,247,1327,655,672,1491,271,890,8435,4433,4002,606,0,554,52,1235,598,531,106,81305,65731,27876,19083,8793,10716,5008,713,4995,24541,2432,7506,6994,7609,2598,1991,607,3896,519,347,179,168,1359,0,1671,11463,4837,6626,32,0,32,0,183,102,41,40
ACSSF,2015e1,dc,000,0106,0000002,,,,,,,,,,,,,,,,,,,,,,,,,,,,,,,,,,,,,,,,,,,,,,,,,,,,,,,,,,,,,,,,,,,,,,,,,,,,,,,,,,,,,,,,,,,,,,,,,,,,,,,,,,,,,,,,,,,,,,,,,,,,,,,,,,,,,,,,,,,,,,,,,,,165612,84307,69805,30669,20822,9847,12995,7076,1741,4178,23339,1272,11071,3542,7454,2802,2588,214,4226,247,1327,655,672,1491,271,890,8435,4433,4002,606,0,554,52,1235,598,531,106,81305,65731,27876,19083,8793,10716,5008,713,4995,24541,2432,7506,6994,7609,2598,1991,607,3896,519,347,179,168,1359,0,1671,11463,4837,6626,32,0,32,0,183,102,41,40
ACSSF,2015e1,dc,000,0106,0000003,,,,,,,,,,,,,,,,,,,,,,,,,,,,,,,,,,,,,,,,,,,,,,,,,,,,,,,,,,,,,,,,,,,,,,,,,,,,,,,,,,,,,,,,,,,,,,,,,,,,,,,,,,,,,,,,,,,,,,,,,,,,,,,,,,,,,,,,,,,,,,,,,,,165612,84307,69805,30669,20822,9847,12995,7076,1741,4178,23339,1272,11071,3542,7454,2802,2588,214,4226,247,1327,655,672,1491,271,890,8435,4433,4002,606,0,554,52,1235,598,531,106,81305,65731,27876,19083,8793,10716,5008,713,4995,24541,2432,7506,6994,7609,2598,1991,607,3896,519,347,179,168,1359,0,1671,11463,4837,6626,32,0,32,0,183,102,41,40
ACSSF,2015e1,dc,000,0106,0000004,,,,,,,,,,,,,,,,,,,,,,,,,,,,,,,,,,,,,,,,,,,,,,,,,,,,,,,,,,,,,,,,,,,,,,,,,,,,,,,,,,,,,,,,,,,,,,,,,,,,,,,,,,,,,,,,,,,,,,,,,,,,,,,,,,,,,,,,,,,,,,,,,,,165612,84307,69805,30669,20822,9847,12995,7076,1741,4178,23339,1272,11071,3542,7454,2802,2588,214,4226,247,1327,655,672,1491,271,890,8435,4433,4002,606,0,554,52,1235,598,531,106,81305,65731,27876,19083,8793,10716,5008,713,4995,24541,2432,7506,6994,7609,2598,1991,607,3896,519,347,179,168,1359,0,1671,11463,4837,6626,32,0,32,0,183,102,41,40
ACSSF,2015e1,dc,000,0106,0000005,,,,,,,,,,,,,,,,,,,,,,,,,,,,,,,,,,,,,,,,,,,,,,,,,,,,,,,,,,,,,,,,,,,,,,,,,,,,,,,,,,,,,,,,,,,,,,,,,,,,,,,,,,,,,,,,,,,,,,,,,,,,,,,,,,,,,,,,,,,,,,,,,,,165612,84307,69805,30669,20822,9847,12995,7076,1741,4178,23339,1272,11071,3542,7454,2802,2588,214,4226,247,1327,655,672,1491,271,890,8435,4433,4002,606,0,554,52,1235,598,531,106,81305,65731,27876,19083,8793,10716,5008,713,4995,24541,2432,7506,6994,7609,2598,1991,607,3896,519,347,179,168,1359,0,1671,11463,4837,6626,32,0,32,0,183,102,41,40
ACSSF,2015e1,dc,000,0106,0000006,,,,,,,,,,,,,,,,,,,,,,,,,,,,,,,,,,,,,,,,,,,,,,,,,,,,,,,,,,,,,,,,,,,,,,,,,,,,,,,,,,,,,,,,,,,,,,,,,,,,,,,,,,,,,,,,,,,,,,,,,,,,,,,,,,,,,,,,,,,,,,,,,,,165612,84307,69805,30669,20822,9847,12995,7076,1741,4178,23339,1272,11071,3542,7454,2802,2588,214,4226,247,1327,655,672,1491,271,890,8435,4433,4002,606,0,554,52,1235,598,531,106,81305,65731,27876,19083,8793,10716,5008,713,4995,24541,2432,7506,6994,7609,2598,1991,607,3896,519,347,179,168,1359,0,1671,11463,4837,6626,32,0,32,0,183,102,41,40
ACSSF,2015e1,dc,000,0106,0000007,,,,,,,,,,,,,,,,,,,,,,,,,,,,,,,,,,,,,,,,,,,,,,,,,,,,,,,,,,,,,,,,,,,,,,,,,,,,,,,,,,,,,,,,,,,,,,,,,,,,,,,,,,,,,,,,,,,,,,,,,,,,,,,,,,,,,,,,,,,,,,,,,,,165612,84307,69805,30669,20822,9847,12995,7076,1741,4178,23339,1272,11071,3542,7454,2802,2588,214,4226,247,1327,655,672,1491,271,890,8435,4433,4002,606,0,554,52,1235,598,531,106,81305,65731,27876,19083,8793,10716,5008,713,4995,24541,2432,7506,6994,7609,2598,1991,607,3896,519,347,179,168,1359,0,1671,11463,4837,6626,32,0,32,0,183,102,41,40
ACSSF,2015e1,dc,000,0106,0000008,,,,,,,,,,,,,,,,,,,,,,,,,,,,,,,,,,,,,,,,,,,,,,,,,,,,,,,,,,,,,,,,,,,,,,,,,,,,,,,,,,,,,,,,,,,,,,,,,,,,,,,,,,,,,,,,,,,,,,,,,,,,,,,,,,,,,,,,,,,,,,,,,,,165612,84307,69805,30669,20822,9847,12995,7076,1741,4178,23339,1272,11071,3542,7454,2802,2588,214,4226,247,1327,655,672,1491,271,890,8435,4433,4002,606,0,554,52,1235,598,531,106,81305,65731,27876,19083,8793,10716,5008,713,4995,24541,2432,7506,6994,7609,2598,1991,607,3896,519,347,179,168,1359,0,1671,11463,4837,6626,32,0,32,0,183,102,41,40
ACSSF,2015e1,dc,000,0106,0000009,,,,,,,,,,,,,,,,,,,,,,,,,,,,,,,,,,,,,,,,,,,,,,,,,,,,,,,,,,,,,,,,,,,,,,,,,,,,,,,,,,,,,,,,,,,,,,,,,,,,,,,,,,,,,,,,,,,,,,,,,,,,,,,,,,,,,,,,,,,,,,,,,,,165612,84307,69805,30669,20822,9847,12995,7076,1741,4178,23339,1272,11071,3542,7454,2802,2588,214,4226,247,1327,655,672,1491,271,890,8435,4433,4002,606,0,554,52,1235,598,531,106,81305,65731,27876,19083,8793,10716,5008,713,4995,24541,2432,7506,6994,7609,2598,1991,607,3896,519,347,179,168,1359,0,1671,11463,4837,6626,32,0,32,0,183,102,41,40
ACSSF,2015e1,dc,000,0106,0000010,,,,,,,,,,,,,,,,,,,,,,,,,,,,,,,,,,,,,,,,,,,,,,,,,,,,,,,,,,,,,,,,,,,,,,,,,,,,,,,,,,,,,,,,,,,,,,,,,,,,,,,,,,,,,,,,,,,,,,,,,,,,,,,,,,,,,,,,,,,,,,,,,,,45343,20899,16755,7598,5557,2041,1982,733,282,967,6398,237,2742,1583,1836,777,777,0,1118,0,370,352,18,601,0,147,2179,1380,799,332,0,332,0,515,202,241,72,24444,19193,6722,4613,2109,3823,1521,68,2234,7660,435,1985,2956,2284,988,669,319,1170,132,0,0,0,430,0,608,4081,1943,2138,0,0,0,0,0,0,0,0
ACSSF,2015e1,dc,000,0106,0000011,,,,,,,,,,,,,,,,,,,,,,,,,,,,,,,,,,,,,,,,,,,,,,,,,,,,,,,,,,,,,,,,,,,,,,,,,,,,,,,,,,,,,,,,,,,,,,,,,,,,,,,,,,,,,,,,,,,,,,,,,,,,,,,,,,,,,,,,,,,,,,,,,,,20675,10617,9373,3789,2065,1724,2047,900,462,685,2783,60,1313,243,1167,754,540,214,623,67,207,32,175,176,0,173,397,203,194,68,0,68,0,156,0,156,0,10058,8712,3487,2647,840,1493,740,229,524,3425,424,1033,940,1028,307,282,25,396,0,139,139,0,165,0,92,918,423,495,32,0,32,0,0,0,0,0
ACSSF,2015e1,dc,000,0106,0000012,,,,,,,,,,,,,,,,,,,,,,,,,,,,,,,,,,,,,,,,,,,,,,,,,,,,,,,,,,,,,,,,,,,,,,,,,,,,,,,,,,,,,,,,,,,,,,,,,,,,,,,,,,,,,,,,,,,,,,,,,,,,,,,,,,,,,,,,,,,,,,,,,,,28491,14053,11628,4901,3769,1132,2459,1591,238,630,4038,439,1926,319,1354,230,230,0,898,126,306,136,170,133,271,62,1177,538,639,108,0,56,52,242,214,28,0,14438,11700,5170,3157,2013,1396,767,183,446,4685,567,1377,1000,1741,449,382,67,976,142,63,40,23,250,0,521,1677,465,1212,0,0,0,0,85,45,0,40
ACSSF,2015e1,dc,000,0106,0000013,,,,,,,,,,,,,,,,,,,,,,,,,,,,,,,,,,,,,,,,,,,,,,,,,,,,,,,,,,,,,,,,,,,,,,,,,,,,,,,,,,,,,,,,,,,,,,,,,,,,,,,,,,,,,,,,,,,,,,,,,,,,,,,,,,,,,,,,,,,,,,,,,,,,,,,,,,,,,,,,,,,,,,,,,,,,,,,,,,,,,,,,,,,,,,,,,,,,,,,,,,,,,,,,,,,,,,,,,,,
ACSSF,2015e1,dc,000,0106,0000014,,,,,,,,,,,,,,,,,,,,,,,,,,,,,,,,,,,,,,,,,,,,,,,,,,,,,,,,,,,,,,,,,,,,,,,,,,,,,,,,,,,,,,,,,,,,,,,,,,,,,,,,,,,,,,,,,,,,,,,,,,,,,,,,,,,,,,,,,,,,,,,,,,,68710,37222,31149,13897,9164,4733,6305,3711,759,1835,9951,536,5090,1329,2996,996,996,0,1245,26,338,72,266,475,0,406,4612,2312,2300,0,0,0,0,216,182,0,34,31488,25589,12177,8568,3609,3892,1868,233,1791,8702,1006,3111,2098,2487,818,622,196,1275,204,145,0,145,476,0,450,4567,1888,2679,0,0,0,0,57,57,0,0
ACSSF,2015e1,dc,000,0106,0000015,,,,,,,,,,,,,,,,,,,,,,,,,,,,,,,,,,,,,,,,,,,,,,,,,,,,,,,,,,,,,,,,,,,,,,,,,,,,,,,,,,,,,,,,,,,,,,,,,,,,,,,,,,,,,,,,,,,,,,,,,,,,,,,,,,,,,,,,,,,,,,,,,,,165612,84307,69805,30669,20822,9847,12995,7076,1741,4178,23339,1272,11071,3542,7454,2802,2588,214,4226,247,1327,655,672,1491,271,890,8435,4433,4002,606,0,554,52,1235,598,531,106,81305,65731,27876,19083,8793,10716,5008,713,4995,24541,2432,7506,6994,7609,2598,1991,607,3896,519,347,179,168,1359,0,1671,11463,4837,6626,32,0,32,0,183,102,41,40
