ACSSF,2016e1,dc,000,0006,0000001,681170,606748,74422,14887,4658,2598,4112,31734,519,4163,4805,397,1005,20845,0,10816,1492,880,878,2944,679,273,2010,282,1148,230,5617,2885,188,0,2544,681170,606748,247185,315848,1529,25952,41,1929,14264,802,13462,74422,30083,4706,475,484,0,35203,3471,1325,2146,681170,606748,74422,681170,606748,74422,14887,4658,2598,4112,31734,10816,5617,681170,606748,247185,315848,1529,25952,41,1929,14264,802,13462,74422
ACSSF,2016e1,dc,000,0006,0000002,681170,606748,74422,14887,4658,2598,4112,31734,519,4163,4805,397,1005,20845,0,10816,1492,880,878,2944,679,273,2010,282,1148,230,5617,2885,188,0,2544,681170,606748,247185,315848,1529,25952,41,1929,14264,802,13462,74422,30083,4706,475,484,0,35203,3471,1325,2146,681170,606748,74422,681170,606748,74422,14887,4658,2598,4112,31734,10816,5617,681170,606748,247185,315848,1529,25952,41,1929,14264,802,13462,74422
ACSSF,2016e1,dc,000,0006,0000003,681170,606748,74422,14887,4658,2598,4112,31734,519,4163,4805,397,1005,20845,0,10816,1492,880,878,2944,679,273,2010,282,1148,230,5617,2885,188,0,2544,681170,606748,247185,315848,1529,25952,41,1929,14264,802,13462,74422,30083,4706,475,484,0,35203,3471,1325,2146,681170,606748,74422,681170,606748,74422,14887,4658,2598,4112,31734,10816,5617,681170,606748,247185,315848,1529,25952,41,1929,14264,802,13462,74422
ACSSF,2016e1,dc,000,0006,0000004,681170,606748,74422,14887,4658,2598,4112,31734,519,4163,4805,397,1005,20845,0,10816,1492,880,878,2944,679,273,2010,282,1148,230,5617,2885,188,0,2544,681170,606748,247185,315848,1529,25952,41,1929,14264,802,13462,74422,30083,4706,475,484,0,35203,3471,1325,2146,681170,606748,74422,681170,606748,74422,14887,4658,2598,4112,31734,10816,5617,681170,606748,247185,315848,1529,25952,41,1929,14264,802,13462,74422
ACSSF,2016e1,dc,000,0006,0000005,681170,606748,74422,14887,4658,2598,4112,31734,519,4163,4805,397,1005,20845,0,10816,1492,880,878,2944,679,273,2010,282,1148,230,5617,2885,188,0,2544,681170,606748,247185,315848,1529,25952,41,1929,14264,802,13462,74422,30083,4706,475,484,0,35203,3471,1325,2146,681170,606748,74422,681170,606748,74422,14887,4658,2598,4112,31734,10816,5617,681170,606748,247185,315848,1529,25952,41,1929,14264,802,13462,74422
ACSSF,2016e1,dc,000,0006,0000006,681170,606748,74422,14887,4658,2598,4112,31734,519,4163,4805,397,1005,20845,0,10816,1492,880,878,2944,679,273,2010,282,1148,230,5617,2885,188,0,2544,681170,606748,247185,315848,1529,25952,41,1929,14264,802,13462,74422,30083,4706,475,484,0,35203,3471,1325,2146,681170,606748,74422,681170,606748,74422,14887,4658,2598,4112,31734,10816,5617,681170,606748,247185,315848,1529,25952,41,1929,14264,802,13462,74422
ACSSF,2016e1,dc,000,0006,0000007,681170,606748,74422,14887,4658,2598,4112,31734,519,4163,4805,397,1005,20845,0,10816,1492,880,878,2944,679,273,2010,282,1148,230,5617,2885,188,0,2544,681170,606748,247185,315848,1529,25952,41,1929,14264,802,13462,74422,30083,4706,475,484,0,35203,3471,1325,2146,681170,606748,74422,681170,606748,74422,14887,4658,2598,4112,31734,10816,5617,681170,606748,247185,315848,1529,25952,41,1929,14264,802,13462,74422
ACSSF,2016e1,dc,000,0006,0000008,681170,606748,74422,14887,4658,2598,4112,31734,519,4163,4805,397,1005,20845,0,10816,1492,880,878,2944,679,273,2010,282,1148,230,5617,2885,188,0,2544,681170,606748,247185,315848,1529,25952,41,1929,14264,802,13462,74422,30083,4706,475,484,0,35203,3471,1325,2146,681170,606748,74422,681170,606748,74422,14887,4658,2598,4112,31734,10816,5617,681170,606748,247185,315848,1529,25952,41,1929,14264,802,13462,74422
ACSSF,2016e1,dc,000,0006,0000009,681170,606748,74422,14887,4658,2598,4112,31734,519,4163,4805,397,1005,20845,0,10816,1492,880,878,2944,679,273,2010,282,1148,230,5617,2885,188,0,2544,681170,606748,247185,315848,1529,25952,41,1929,14264,802,13462,74422,30083,4706,475,484,0,35203,3471,1325,2146,681170,606748,74422,681170,606748,74422,14887,4658,2598,4112,31734,10816,5617,681170,606748,247185,315848,1529,25952,41,1929,14264,802,13462,74422
ACSSF,2016e1,dc,000,0006,0000010,,,,,,,,,,,,,,,,,,,,,,,,,,,,,,,,,,,,,,,,,,,,,,,,,,,,,108073,96510,11563,108073,96510,11563,1884,815,671,0,2346,4163,1684,108073,96510,78527,6719,538,6358,0,269,4099,58,4041,11563
ACSSF,2016e1,dc,000,0006,0000011,,,,,,,,,,,,,,,,,,,,,,,,,,,,,,,,130852,100706,32609,60706,113,4218,0,902,2158,112,2046,30146,4761,1357,228,84,0,22614,1102,451,651,130852,100706,30146,130852,100706,30146,2476,1116,505,2029,21157,1304,1559,130852,100706,32609,60706,113,4218,0,902,2158,112,2046,30146
ACSSF,2016e1,dc,000,0006,0000012,,,,,,,,,,,,,,,,,,,,,,,,,,,,,,,,119074,110048,43068,60888,105,3164,0,142,2681,146,2535,9026,5328,1401,38,0,0,1886,373,106,267,119074,110048,9026,119074,110048,9026,3189,714,576,59,2855,1102,531,119074,110048,43068,60888,105,3164,0,142,2681,146,2535,9026
ACSSF,2016e1,dc,000,0006,0000013,,,,,,,,,,,,,,,,,,,,,,,,,,,,,,,,,,,,,,,,,,,,,,,,,,,,,166002,157402,8600,166002,157402,8600,3653,0,263,1470,2269,384,561,166002,157402,5287,149384,233,612,41,0,1845,110,1735,8600
ACSSF,2016e1,dc,000,0006,0000014,,,,,,,,,,,,,,,,,,,,,,,,,,,,,,,,157169,142082,87694,38151,540,11600,0,616,3481,376,3105,15087,8444,1027,0,282,0,4096,1238,533,705,157169,142082,15087,157169,142082,15087,3685,2013,583,554,3107,3863,1282,157169,142082,87694,38151,540,11600,0,616,3481,376,3105,15087
ACSSF,2016e1,dc,000,0006,0000015,681170,606748,74422,14887,4658,2598,4112,31734,519,4163,4805,397,1005,20845,0,10816,1492,880,878,2944,679,273,2010,282,1148,230,5617,2885,188,0,2544,681170,606748,247185,315848,1529,25952,41,1929,14264,802,13462,74422,30083,4706,475,484,0,35203,3471,1325,2146,681170,606748,74422,681170,606748,74422,14887,4658,2598,4112,31734,10816,5617,681170,606748,247185,315848,1529,25952,41,1929,14264,802,13462,74422
