ACSSF,2016e1,dc,000,0098,0000001,259582,114046,7066,1568,51,1517,850,667,5498,11764,7029,206,6823,5043,1780,4735,58797,45106,54,45052,40659,4393,13691,19193,8961,0,8961,7803,1158,10232,5893,1641,1446,195,4252,11333,1478,1329,149,9855,145536,9152,2637,0,2637,1379,1258,6515,14189,7670,51,7619,6458,1161,6519,69810,54228,188,54040,46550,7490,15582,23434,12886,0,12886,11323,1563,10548,9639,2632,2554,78,7007,19312,2030,1958,72,17282,,,,,,,,,,,,,,,,,,,,,,,,,,,,,,,,,,,,,,,,,,,,,,,,,,,,,,,,,,,,,,,,,,,,,,,,,,,,,,,,,,,,,,,,,,,,,,,,,,,,,,,,,,,,,,,,,,,,,,,,,,,,,,,,,,,,,,,,,,,,,,,,,,,,,,,,,,,,,,
ACSSF,2016e1,dc,000,0098,0000002,259582,114046,7066,1568,51,1517,850,667,5498,11764,7029,206,6823,5043,1780,4735,58797,45106,54,45052,40659,4393,13691,19193,8961,0,8961,7803,1158,10232,5893,1641,1446,195,4252,11333,1478,1329,149,9855,145536,9152,2637,0,2637,1379,1258,6515,14189,7670,51,7619,6458,1161,6519,69810,54228,188,54040,46550,7490,15582,23434,12886,0,12886,11323,1563,10548,9639,2632,2554,78,7007,19312,2030,1958,72,17282,,,,,,,,,,,,,,,,,,,,,,,,,,,,,,,,,,,,,,,,,,,,,,,,,,,,,,,,,,,,,,,,,,,,,,,,,,,,,,,,,,,,,,,,,,,,,,,,,,,,,,,,,,,,,,,,,,,,,,,,,,,,,,,,,,,,,,,,,,,,,,,,,,,,,,,,,,,,,,
ACSSF,2016e1,dc,000,0098,0000003,259582,114046,7066,1568,51,1517,850,667,5498,11764,7029,206,6823,5043,1780,4735,58797,45106,54,45052,40659,4393,13691,19193,8961,0,8961,7803,1158,10232,5893,1641,1446,195,4252,11333,1478,1329,149,9855,145536,9152,2637,0,2637,1379,1258,6515,14189,7670,51,7619,6458,1161,6519,69810,54228,188,54040,46550,7490,15582,23434,12886,0,12886,11323,1563,10548,9639,2632,2554,78,7007,19312,2030,1958,72,17282,,,,,,,,,,,,,,,,,,,,,,,,,,,,,,,,,,,,,,,,,,,,,,,,,,,,,,,,,,,,,,,,,,,,,,,,,,,,,,,,,,,,,,,,,,,,,,,,,,,,,,,,,,,,,,,,,,,,,,,,,,,,,,,,,,,,,,,,,,,,,,,,,,,,,,,,,,,,,,
ACSSF,2016e1,dc,000,0098,0000004,259582,114046,7066,1568,51,1517,850,667,5498,11764,7029,206,6823,5043,1780,4735,58797,45106,54,45052,40659,4393,13691,19193,8961,0,8961,7803,1158,10232,5893,1641,1446,195,4252,11333,1478,1329,149,9855,145536,9152,2637,0,2637,1379,1258,6515,14189,7670,51,7619,6458,1161,6519,69810,54228,188,54040,46550,7490,15582,23434,12886,0,12886,11323,1563,10548,9639,2632,2554,78,7007,19312,2030,1958,72,17282,,,,,,,,,,,,,,,,,,,,,,,,,,,,,,,,,,,,,,,,,,,,,,,,,,,,,,,,,,,,,,,,,,,,,,,,,,,,,,,,,,,,,,,,,,,,,,,,,,,,,,,,,,,,,,,,,,,,,,,,,,,,,,,,,,,,,,,,,,,,,,,,,,,,,,,,,,,,,,
ACSSF,2016e1,dc,000,0098,0000005,259582,114046,7066,1568,51,1517,850,667,5498,11764,7029,206,6823,5043,1780,4735,58797,45106,54,45052,40659,4393,13691,19193,8961,0,8961,7803,1158,10232,5893,1641,1446,195,4252,11333,1478,1329,149,9855,145536,9152,2637,0,2637,1379,1258,6515,14189,7670,51,7619,6458,1161,6519,69810,54228,188,54040,46550,7490,15582,23434,12886,0,12886,11323,1563,10548,9639,2632,2554,78,7007,19312,2030,1958,72,17282,,,,,,,,,,,,,,,,,,,,,,,,,,,,,,,,,,,,,,,,,,,,,,,,,,,,,,,,,,,,,,,,,,,,,,,,,,,,,,,,,,,,,,,,,,,,,,,,,,,,,,,,,,,,,,,,,,,,,,,,,,,,,,,,,,,,,,,,,,,,,,,,,,,,,,,,,,,,,,
ACSSF,2016e1,dc,000,0098,0000006,259582,114046,7066,1568,51,1517,850,667,5498,11764,7029,206,6823,5043,1780,4735,58797,45106,54,45052,40659,4393,13691,19193,8961,0,8961,7803,1158,10232,5893,1641,1446,195,4252,11333,1478,1329,149,9855,145536,9152,2637,0,2637,1379,1258,6515,14189,7670,51,7619,6458,1161,6519,69810,54228,188,54040,46550,7490,15582,23434,12886,0,12886,11323,1563,10548,9639,2632,2554,78,7007,19312,2030,1958,72,17282,,,,,,,,,,,,,,,,,,,,,,,,,,,,,,,,,,,,,,,,,,,,,,,,,,,,,,,,,,,,,,,,,,,,,,,,,,,,,,,,,,,,,,,,,,,,,,,,,,,,,,,,,,,,,,,,,,,,,,,,,,,,,,,,,,,,,,,,,,,,,,,,,,,,,,,,,,,,,,
ACSSF,2016e1,dc,000,0098,0000007,259582,114046,7066,1568,51,1517,850,667,5498,11764,7029,206,6823,5043,1780,4735,58797,45106,54,45052,40659,4393,13691,19193,8961,0,8961,7803,1158,10232,5893,1641,1446,195,4252,11333,1478,1329,149,9855,145536,9152,2637,0,2637,1379,1258,6515,14189,7670,51,7619,6458,1161,6519,69810,54228,188,54040,46550,7490,15582,23434,12886,0,12886,11323,1563,10548,9639,2632,2554,78,7007,19312,2030,1958,72,17282,,,,,,,,,,,,,,,,,,,,,,,,,,,,,,,,,,,,,,,,,,,,,,,,,,,,,,,,,,,,,,,,,,,,,,,,,,,,,,,,,,,,,,,,,,,,,,,,,,,,,,,,,,,,,,,,,,,,,,,,,,,,,,,,,,,,,,,,,,,,,,,,,,,,,,,,,,,,,,
ACSSF,2016e1,dc,000,0098,0000008,259582,114046,7066,1568,51,1517,850,667,5498,11764,7029,206,6823,5043,1780,4735,58797,45106,54,45052,40659,4393,13691,19193,8961,0,8961,7803,1158,10232,5893,1641,1446,195,4252,11333,1478,1329,149,9855,145536,9152,2637,0,2637,1379,1258,6515,14189,7670,51,7619,6458,1161,6519,69810,54228,188,54040,46550,7490,15582,23434,12886,0,12886,11323,1563,10548,9639,2632,2554,78,7007,19312,2030,1958,72,17282,,,,,,,,,,,,,,,,,,,,,,,,,,,,,,,,,,,,,,,,,,,,,,,,,,,,,,,,,,,,,,,,,,,,,,,,,,,,,,,,,,,,,,,,,,,,,,,,,,,,,,,,,,,,,,,,,,,,,,,,,,,,,,,,,,,,,,,,,,,,,,,,,,,,,,,,,,,,,,
ACSSF,2016e1,dc,000,0098,0000009,259582,114046,7066,1568,51,1517,850,667,5498,11764,7029,206,6823,5043,1780,4735,58797,45106,54,45052,40659,4393,13691,19193,8961,0,8961,7803,1158,10232,5893,1641,1446,195,4252,11333,1478,1329,149,9855,145536,9152,2637,0,2637,1379,1258,6515,14189,7670,51,7619,6458,1161,6519,69810,54228,188,54040,46550,7490,15582,23434,12886,0,12886,11323,1563,10548,9639,2632,2554,78,7007,19312,2030,1958,72,17282,,,,,,,,,,,,,,,,,,,,,,,,,,,,,,,,,,,,,,,,,,,,,,,,,,,,,,,,,,,,,,,,,,,,,,,,,,,,,,,,,,,,,,,,,,,,,,,,,,,,,,,,,,,,,,,,,,,,,,,,,,,,,,,,,,,,,,,,,,,,,,,,,,,,,,,,,,,,,,
ACSSF,2016e1,dc,000,0098,0000010,,,,,,,,,,,,,,,,,,,,,,,,,,,,,,,,,,,,,,,,,,,,,,,,,,,,,,,,,,,,,,,,,,,,,,,,,,,,,,,,,,,,,,,,,,,,,,,,,,,,,,,,,,,,,,,,,,,,,,,,,,,,,,,,,,,,,,,,,,,,,,,,,,,,,,,,,,,,,,,,,,,,,,,,,,,,,,,,,,,,,,,,,,,,,,,,,,,,,,,,,,,,,,,,,,,,,,,,,,,,,,,,,,,,,,,,,,,,,
ACSSF,2016e1,dc,000,0098,0000011,52875,22815,978,257,0,257,162,95,721,1862,1382,0,1382,1041,341,480,12270,9895,0,9895,8826,1069,2375,4141,2578,0,2578,2232,346,1563,1225,551,406,145,674,2339,398,398,0,1941,30060,1330,191,0,191,123,68,1139,1553,1150,0,1150,900,250,403,14047,11964,0,11964,10820,1144,2083,5113,2878,0,2878,2812,66,2235,2670,853,809,44,1817,5347,678,678,0,4669,,,,,,,,,,,,,,,,,,,,,,,,,,,,,,,,,,,,,,,,,,,,,,,,,,,,,,,,,,,,,,,,,,,,,,,,,,,,,,,,,,,,,,,,,,,,,,,,,,,,,,,,,,,,,,,,,,,,,,,,,,,,,,,,,,,,,,,,,,,,,,,,,,,,,,,,,,,,,,
ACSSF,2016e1,dc,000,0098,0000012,53457,24431,1318,168,0,168,0,168,1150,2617,1468,131,1337,826,511,1149,12000,8465,0,8465,7773,692,3535,4621,2346,0,2346,2257,89,2275,1647,234,234,0,1413,2228,173,173,0,2055,29026,1898,627,0,627,363,264,1271,1657,829,0,829,829,0,828,13203,9994,0,9994,8916,1078,3209,4884,2774,0,2774,2592,182,2110,2324,397,397,0,1927,5060,456,456,0,4604,,,,,,,,,,,,,,,,,,,,,,,,,,,,,,,,,,,,,,,,,,,,,,,,,,,,,,,,,,,,,,,,,,,,,,,,,,,,,,,,,,,,,,,,,,,,,,,,,,,,,,,,,,,,,,,,,,,,,,,,,,,,,,,,,,,,,,,,,,,,,,,,,,,,,,,,,,,,,,
ACSSF,2016e1,dc,000,0098,0000013,112902,48674,3656,935,51,884,549,335,2721,4913,2648,75,2573,1965,608,2265,25690,19354,54,19300,17130,2170,6336,7694,2995,0,2995,2380,615,4699,2298,820,770,50,1478,4423,526,461,65,3897,64228,3723,1121,0,1121,390,731,2602,6800,4141,51,4090,3179,911,2659,33399,26016,188,25828,21094,4734,7383,10735,5199,0,5199,4174,1025,5536,3368,1089,1055,34,2279,6203,690,618,72,5513,,,,,,,,,,,,,,,,,,,,,,,,,,,,,,,,,,,,,,,,,,,,,,,,,,,,,,,,,,,,,,,,,,,,,,,,,,,,,,,,,,,,,,,,,,,,,,,,,,,,,,,,,,,,,,,,,,,,,,,,,,,,,,,,,,,,,,,,,,,,,,,,,,,,,,,,,,,,,,
ACSSF,2016e1,dc,000,0098,0000014,34254,15894,973,208,0,208,139,69,765,2077,1284,0,1284,1001,283,793,7538,6253,0,6253,5791,462,1285,2638,995,0,995,887,108,1643,604,36,36,0,568,2064,356,272,84,1708,18360,1933,570,0,570,375,195,1363,3110,1287,0,1287,1287,0,1823,7496,4894,0,4894,4401,493,2602,2259,1592,0,1592,1515,77,667,1224,293,293,0,931,2338,93,93,0,2245,,,,,,,,,,,,,,,,,,,,,,,,,,,,,,,,,,,,,,,,,,,,,,,,,,,,,,,,,,,,,,,,,,,,,,,,,,,,,,,,,,,,,,,,,,,,,,,,,,,,,,,,,,,,,,,,,,,,,,,,,,,,,,,,,,,,,,,,,,,,,,,,,,,,,,,,,,,,,,
ACSSF,2016e1,dc,000,0098,0000015,259582,114046,7066,1568,51,1517,850,667,5498,11764,7029,206,6823,5043,1780,4735,58797,45106,54,45052,40659,4393,13691,19193,8961,0,8961,7803,1158,10232,5893,1641,1446,195,4252,11333,1478,1329,149,9855,145536,9152,2637,0,2637,1379,1258,6515,14189,7670,51,7619,6458,1161,6519,69810,54228,188,54040,46550,7490,15582,23434,12886,0,12886,11323,1563,10548,9639,2632,2554,78,7007,19312,2030,1958,72,17282,,,,,,,,,,,,,,,,,,,,,,,,,,,,,,,,,,,,,,,,,,,,,,,,,,,,,,,,,,,,,,,,,,,,,,,,,,,,,,,,,,,,,,,,,,,,,,,,,,,,,,,,,,,,,,,,,,,,,,,,,,,,,,,,,,,,,,,,,,,,,,,,,,,,,,,,,,,,,,
