ACSSF,2016m1,dc,000,0006,0000001,0,0,0,2988,1279,1225,1655,3935,392,2230,2496,324,638,4397,203,2141,748,551,625,1095,436,300,1093,467,616,357,1630,1711,163,203,987,0,0,552,2121,398,1216,68,1466,1936,479,1862,0,3555,1608,366,322,203,4140,1236,829,929,0,0,0,0,0,0,2988,1279,1225,1655,3935,2141,1630,0,0,552,2121,398,1216,68,1466,1936,479,1862,0
ACSSF,2016m1,dc,000,0006,0000002,0,0,0,2988,1279,1225,1655,3935,392,2230,2496,324,638,4397,203,2141,748,551,625,1095,436,300,1093,467,616,357,1630,1711,163,203,987,0,0,552,2121,398,1216,68,1466,1936,479,1862,0,3555,1608,366,322,203,4140,1236,829,929,0,0,0,0,0,0,2988,1279,1225,1655,3935,2141,1630,0,0,552,2121,398,1216,68,1466,1936,479,1862,0
ACSSF,2016m1,dc,000,0006,0000003,0,0,0,2988,1279,1225,1655,3935,392,2230,2496,324,638,4397,203,2141,748,551,625,1095,436,300,1093,467,616,357,1630,1711,163,203,987,0,0,552,2121,398,1216,68,1466,1936,479,1862,0,3555,1608,366,322,203,4140,1236,829,929,0,0,0,0,0,0,2988,1279,1225,1655,3935,2141,1630,0,0,552,2121,398,1216,68,1466,1936,479,1862,0
ACSSF,2016m1,dc,000,0006,0000004,0,0,0,2988,1279,1225,1655,3935,392,2230,2496,324,638,4397,203,2141,748,551,625,1095,436,300,1093,467,616,357,1630,1711,163,203,987,0,0,552,2121,398,1216,68,1466,1936,479,1862,0,3555,1608,366,322,203,4140,1236,829,929,0,0,0,0,0,0,2988,1279,1225,1655,3935,2141,1630,0,0,552,2121,398,1216,68,1466,1936,479,1862,0
ACSSF,2016m1,dc,000,0006,0000005,0,0,0,2988,1279,1225,1655,3935,392,2230,2496,324,638,4397,203,2141,748,551,625,1095,436,300,1093,467,616,357,1630,1711,163,203,987,0,0,552,2121,398,1216,68,1466,1936,479,1862,0,3555,1608,366,322,203,4140,1236,829,929,0,0,0,0,0,0,2988,1279,1225,1655,3935,2141,1630,0,0,552,2121,398,1216,68,1466,1936,479,1862,0
ACSSF,2016m1,dc,000,0006,0000006,0,0,0,2988,1279,1225,1655,3935,392,2230,2496,324,638,4397,203,2141,748,551,625,1095,436,300,1093,467,616,357,1630,1711,163,203,987,0,0,552,2121,398,1216,68,1466,1936,479,1862,0,3555,1608,366,322,203,4140,1236,829,929,0,0,0,0,0,0,2988,1279,1225,1655,3935,2141,1630,0,0,552,2121,398,1216,68,1466,1936,479,1862,0
ACSSF,2016m1,dc,000,0006,0000007,0,0,0,2988,1279,1225,1655,3935,392,2230,2496,324,638,4397,203,2141,748,551,625,1095,436,300,1093,467,616,357,1630,1711,163,203,987,0,0,552,2121,398,1216,68,1466,1936,479,1862,0,3555,1608,366,322,203,4140,1236,829,929,0,0,0,0,0,0,2988,1279,1225,1655,3935,2141,1630,0,0,552,2121,398,1216,68,1466,1936,479,1862,0
ACSSF,2016m1,dc,000,0006,0000008,0,0,0,2988,1279,1225,1655,3935,392,2230,2496,324,638,4397,203,2141,748,551,625,1095,436,300,1093,467,616,357,1630,1711,163,203,987,0,0,552,2121,398,1216,68,1466,1936,479,1862,0,3555,1608,366,322,203,4140,1236,829,929,0,0,0,0,0,0,2988,1279,1225,1655,3935,2141,1630,0,0,552,2121,398,1216,68,1466,1936,479,1862,0
ACSSF,2016m1,dc,000,0006,0000009,0,0,0,2988,1279,1225,1655,3935,392,2230,2496,324,638,4397,203,2141,748,551,625,1095,436,300,1093,467,616,357,1630,1711,163,203,987,0,0,552,2121,398,1216,68,1466,1936,479,1862,0,3555,1608,366,322,203,4140,1236,829,929,0,0,0,0,0,0,2988,1279,1225,1655,3935,2141,1630,0,0,552,2121,398,1216,68,1466,1936,479,1862,0
ACSSF,2016m1,dc,000,0006,0000010,,,,,,,,,,,,,,,,,,,,,,,,,,,,,,,,,,,,,,,,,,,,,,,,,,,,,6051,5620,2494,6051,5620,2494,862,577,683,203,1702,1193,1591,6051,5620,4515,2455,355,1194,203,282,1285,99,1281,2494
ACSSF,2016m1,dc,000,0006,0000011,,,,,,,,,,,,,,,,,,,,,,,,,,,,,,,,7347,6017,3192,5416,132,1283,203,1369,799,186,763,4186,1942,1040,370,116,203,4434,728,315,649,7347,6017,4186,7347,6017,4186,1438,853,647,1204,4056,788,911,7347,6017,3192,5416,132,1283,203,1369,799,186,763,4186
ACSSF,2016m1,dc,000,0006,0000012,,,,,,,,,,,,,,,,,,,,,,,,,,,,,,,,6296,6116,3294,5883,138,1078,203,136,698,144,693,2171,1472,956,88,203,203,1330,251,102,214,6296,6116,2171,6296,6116,2171,1180,450,356,79,1590,565,390,6296,6116,3294,5883,138,1078,203,136,698,144,693,2171
ACSSF,2016m1,dc,000,0006,0000013,,,,,,,,,,,,,,,,,,,,,,,,,,,,,,,,,,,,,,,,,,,,,,,,,,,,,8224,7662,2966,8224,7662,2966,2442,203,336,1274,1265,397,519,8224,7662,1390,7844,318,438,68,203,893,134,877,2966
ACSSF,2016m1,dc,000,0006,0000014,,,,,,,,,,,,,,,,,,,,,,,,,,,,,,,,8032,7276,4552,5379,402,1405,203,489,895,337,899,3000,1800,833,203,252,203,1687,800,612,519,8032,7276,3000,8032,7276,3000,1858,771,356,782,1257,1187,590,8032,7276,4552,5379,402,1405,203,489,895,337,899,3000
ACSSF,2016m1,dc,000,0006,0000015,0,0,0,2988,1279,1225,1655,3935,392,2230,2496,324,638,4397,203,2141,748,551,625,1095,436,300,1093,467,616,357,1630,1711,163,203,987,0,0,552,2121,398,1216,68,1466,1936,479,1862,0,3555,1608,366,322,203,4140,1236,829,929,0,0,0,0,0,0,2988,1279,1225,1655,3935,2141,1630,0,0,552,2121,398,1216,68,1466,1936,479,1862,0
