ACSSF,2015m1,dc,000,0023,0000001,,,,,,,1602,8692,6322,8834,7464,7860,5712,9246,5568,3071,1743,4426,200,200,200,200,4542,2239,733,4249,2897,1279,137,2179,,,,,,,,,,,,,,,,,,,,,,,,,1528,9274,9369,7445,9651,9181,5615,2364,5202,200,200,200,4513,1732,3980,2891,1115,2538,,,,,,,,,,,,,,,,,,,,,,,,,,,,,,,,,,,,,,,,,,,,,,,,,,,,,,,,,,,,,,,,,,,,,,,,,,,,,,,1528,7553,7227,6399,5938,2145,3420,2941,2446,889,630,649,316,3045,,,,,,,,,,,,,,,,,,,,,,,,,,,,,,,,,,,,,,,,,,,,,,,,1528,7553,7227,6399,5938,2145,3420,2941,2446,889,316,3045,,,,,,,,,,,,,,,,
ACSSF,2015m1,dc,000,0023,0000002,,,,,,,1602,8692,6322,8834,7464,7860,5712,9246,5568,3071,1743,4426,200,200,200,200,4542,2239,733,4249,2897,1279,137,2179,,,,,,,,,,,,,,,,,,,,,,,,,1528,9274,9369,7445,9651,9181,5615,2364,5202,200,200,200,4513,1732,3980,2891,1115,2538,,,,,,,,,,,,,,,,,,,,,,,,,,,,,,,,,,,,,,,,,,,,,,,,,,,,,,,,,,,,,,,,,,,,,,,,,,,,,,,1528,7553,7227,6399,5938,2145,3420,2941,2446,889,630,649,316,3045,,,,,,,,,,,,,,,,,,,,,,,,,,,,,,,,,,,,,,,,,,,,,,,,1528,7553,7227,6399,5938,2145,3420,2941,2446,889,316,3045,,,,,,,,,,,,,,,,
ACSSF,2015m1,dc,000,0023,0000003,,,,,,,1602,8692,6322,8834,7464,7860,5712,9246,5568,3071,1743,4426,200,200,200,200,4542,2239,733,4249,2897,1279,137,2179,,,,,,,,,,,,,,,,,,,,,,,,,1528,9274,9369,7445,9651,9181,5615,2364,5202,200,200,200,4513,1732,3980,2891,1115,2538,,,,,,,,,,,,,,,,,,,,,,,,,,,,,,,,,,,,,,,,,,,,,,,,,,,,,,,,,,,,,,,,,,,,,,,,,,,,,,,1528,7553,7227,6399,5938,2145,3420,2941,2446,889,630,649,316,3045,,,,,,,,,,,,,,,,,,,,,,,,,,,,,,,,,,,,,,,,,,,,,,,,1528,7553,7227,6399,5938,2145,3420,2941,2446,889,316,3045,,,,,,,,,,,,,,,,
ACSSF,2015m1,dc,000,0023,0000004,,,,,,,1602,8692,6322,8834,7464,7860,5712,9246,5568,3071,1743,4426,200,200,200,200,4542,2239,733,4249,2897,1279,137,2179,,,,,,,,,,,,,,,,,,,,,,,,,1528,9274,9369,7445,9651,9181,5615,2364,5202,200,200,200,4513,1732,3980,2891,1115,2538,,,,,,,,,,,,,,,,,,,,,,,,,,,,,,,,,,,,,,,,,,,,,,,,,,,,,,,,,,,,,,,,,,,,,,,,,,,,,,,1528,7553,7227,6399,5938,2145,3420,2941,2446,889,630,649,316,3045,,,,,,,,,,,,,,,,,,,,,,,,,,,,,,,,,,,,,,,,,,,,,,,,1528,7553,7227,6399,5938,2145,3420,2941,2446,889,316,3045,,,,,,,,,,,,,,,,
ACSSF,2015m1,dc,000,0023,0000005,,,,,,,1602,8692,6322,8834,7464,7860,5712,9246,5568,3071,1743,4426,200,200,200,200,4542,2239,733,4249,2897,1279,137,2179,,,,,,,,,,,,,,,,,,,,,,,,,1528,9274,9369,7445,9651,9181,5615,2364,5202,200,200,200,4513,1732,3980,2891,1115,2538,,,,,,,,,,,,,,,,,,,,,,,,,,,,,,,,,,,,,,,,,,,,,,,,,,,,,,,,,,,,,,,,,,,,,,,,,,,,,,,1528,7553,7227,6399,5938,2145,3420,2941,2446,889,630,649,316,3045,,,,,,,,,,,,,,,,,,,,,,,,,,,,,,,,,,,,,,,,,,,,,,,,1528,7553,7227,6399,5938,2145,3420,2941,2446,889,316,3045,,,,,,,,,,,,,,,,
ACSSF,2015m1,dc,000,0023,0000006,,,,,,,1602,8692,6322,8834,7464,7860,5712,9246,5568,3071,1743,4426,200,200,200,200,4542,2239,733,4249,2897,1279,137,2179,,,,,,,,,,,,,,,,,,,,,,,,,1528,9274,9369,7445,9651,9181,5615,2364,5202,200,200,200,4513,1732,3980,2891,1115,2538,,,,,,,,,,,,,,,,,,,,,,,,,,,,,,,,,,,,,,,,,,,,,,,,,,,,,,,,,,,,,,,,,,,,,,,,,,,,,,,1528,7553,7227,6399,5938,2145,3420,2941,2446,889,630,649,316,3045,,,,,,,,,,,,,,,,,,,,,,,,,,,,,,,,,,,,,,,,,,,,,,,,1528,7553,7227,6399,5938,2145,3420,2941,2446,889,316,3045,,,,,,,,,,,,,,,,
ACSSF,2015m1,dc,000,0023,0000007,,,,,,,1602,8692,6322,8834,7464,7860,5712,9246,5568,3071,1743,4426,200,200,200,200,4542,2239,733,4249,2897,1279,137,2179,,,,,,,,,,,,,,,,,,,,,,,,,1528,9274,9369,7445,9651,9181,5615,2364,5202,200,200,200,4513,1732,3980,2891,1115,2538,,,,,,,,,,,,,,,,,,,,,,,,,,,,,,,,,,,,,,,,,,,,,,,,,,,,,,,,,,,,,,,,,,,,,,,,,,,,,,,1528,7553,7227,6399,5938,2145,3420,2941,2446,889,630,649,316,3045,,,,,,,,,,,,,,,,,,,,,,,,,,,,,,,,,,,,,,,,,,,,,,,,1528,7553,7227,6399,5938,2145,3420,2941,2446,889,316,3045,,,,,,,,,,,,,,,,
ACSSF,2015m1,dc,000,0023,0000008,,,,,,,1602,8692,6322,8834,7464,7860,5712,9246,5568,3071,1743,4426,200,200,200,200,4542,2239,733,4249,2897,1279,137,2179,,,,,,,,,,,,,,,,,,,,,,,,,1528,9274,9369,7445,9651,9181,5615,2364,5202,200,200,200,4513,1732,3980,2891,1115,2538,,,,,,,,,,,,,,,,,,,,,,,,,,,,,,,,,,,,,,,,,,,,,,,,,,,,,,,,,,,,,,,,,,,,,,,,,,,,,,,1528,7553,7227,6399,5938,2145,3420,2941,2446,889,630,649,316,3045,,,,,,,,,,,,,,,,,,,,,,,,,,,,,,,,,,,,,,,,,,,,,,,,1528,7553,7227,6399,5938,2145,3420,2941,2446,889,316,3045,,,,,,,,,,,,,,,,
ACSSF,2015m1,dc,000,0023,0000009,,,,,,,1602,8692,6322,8834,7464,7860,5712,9246,5568,3071,1743,4426,200,200,200,200,4542,2239,733,4249,2897,1279,137,2179,,,,,,,,,,,,,,,,,,,,,,,,,1528,9274,9369,7445,9651,9181,5615,2364,5202,200,200,200,4513,1732,3980,2891,1115,2538,,,,,,,,,,,,,,,,,,,,,,,,,,,,,,,,,,,,,,,,,,,,,,,,,,,,,,,,,,,,,,,,,,,,,,,,,,,,,,,1528,7553,7227,6399,5938,2145,3420,2941,2446,889,630,649,316,3045,,,,,,,,,,,,,,,,,,,,,,,,,,,,,,,,,,,,,,,,,,,,,,,,1528,7553,7227,6399,5938,2145,3420,2941,2446,889,316,3045,,,,,,,,,,,,,,,,
ACSSF,2015m1,dc,000,0023,0000010,,,,,,,5733,2985,1060,5528,5405,1872,904,5314,2811,1569,524,1738,200,200,200,200,2299,1749,200,1636,1054,281,200,915,,,,,,,,,,,,,,,,,,,,,,,,,5752,4685,5132,5388,4430,4188,2814,1205,2550,200,200,200,2306,605,2255,1054,712,663,,,,,,,,,,,,,,,,,,,,,,,,,,,,,,,,,,,,,,,,,,,,,,,,,,,,,,,,,,,,,,,,,,,,,,,,,,,,,,,5589,5433,4054,3018,2935,587,2234,1623,1332,590,531,261,110,1134,,,,,,,,,,,,,,,,,,,,,,,,,,,,,,,,,,,,,,,,,,,,,,,,5589,5433,4054,3018,2935,587,2234,1623,1332,590,110,1134,,,,,,,,,,,,,,,,
ACSSF,2015m1,dc,000,0023,0000011,,,,,,,6906,3051,2897,6778,7266,3091,2857,6618,1945,1193,496,1639,200,200,200,200,1455,553,49,1180,508,446,200,224,,,,,,,,,,,,,,,,,,,,,,,,,6960,5374,5191,7258,5188,5122,1929,1153,1611,200,200,200,1417,668,1372,508,245,395,,,,,,,,,,,,,,,,,,,,,,,,,,,,,,,,,,,,,,,,,,,,,,,,,,,,,,,,,,,,,,,,,,,,,,,,,,,,,,,7099,7385,2594,2171,2115,827,1127,929,548,190,170,81,200,521,,,,,,,,,,,,,,,,,,,,,,,,,,,,,,,,,,,,,,,,,,,,,,,,7099,7385,2594,2171,2115,827,1127,929,548,190,200,521,,,,,,,,,,,,,,,,
ACSSF,2015m1,dc,000,0023,0000012,,,,,,,6334,2686,1841,6283,5942,2271,1774,5762,2123,874,270,1984,200,200,200,200,1517,547,186,1339,600,203,82,546,,,,,,,,,,,,,,,,,,,,,,,,,6537,5135,4594,6022,4898,3924,2064,1529,1559,200,200,200,1517,974,1154,600,485,336,,,,,,,,,,,,,,,,,,,,,,,,,,,,,,,,,,,,,,,,,,,,,,,,,,,,,,,,,,,,,,,,,,,,,,,,,,,,,,,6441,6044,2696,2459,2377,890,1090,836,763,244,237,119,82,673,,,,,,,,,,,,,,,,,,,,,,,,,,,,,,,,,,,,,,,,,,,,,,,,6441,6044,2696,2459,2377,890,1090,836,763,244,82,673,,,,,,,,,,,,,,,,
ACSSF,2015m1,dc,000,0023,0000013,,,,,,,7511,6588,4510,6504,8230,6093,4362,6862,2808,1448,1199,1848,200,200,200,200,2229,1031,460,1885,547,126,200,551,,,,,,,,,,,,,,,,,,,,,,,,,7640,5403,7353,8349,5297,7333,2819,884,2644,200,200,200,2232,508,2212,547,306,365,,,,,,,,,,,,,,,,,,,,,,,,,,,,,,,,,,,,,,,,,,,,,,,,,,,,,,,,,,,,,,,,,,,,,,,,,,,,,,,7771,8276,3983,3198,2809,1537,1697,1517,721,196,98,158,195,547,,,,,,,,,,,,,,,,,,,,,,,,,,,,,,,,,,,,,,,,,,,,,,,,7771,8276,3983,3198,2809,1537,1697,1517,721,196,195,547,,,,,,,,,,,,,,,,
ACSSF,2015m1,dc,000,0023,0000014,,,,,,,7477,3097,3123,5484,6430,2425,2655,5098,3712,1971,922,2392,200,200,200,200,3021,1268,544,2775,2461,1013,108,1776,,,,,,,,,,,,,,,,,,,,,,,,,7407,3683,6989,6407,3740,5721,3721,996,3352,200,200,200,3049,979,2799,2458,602,2389,,,,,,,,,,,,,,,,,,,,,,,,,,,,,,,,,,,,,,,,,,,,,,,,,,,,,,,,,,,,,,,,,,,,,,,,,,,,,,,7637,6613,5216,4249,4100,972,2825,1937,1872,597,208,566,200,2512,,,,,,,,,,,,,,,,,,,,,,,,,,,,,,,,,,,,,,,,,,,,,,,,7637,6613,5216,4249,4100,972,2825,1937,1872,597,200,2512,,,,,,,,,,,,,,,,
ACSSF,2015m1,dc,000,0023,0000015,,,,,,,1602,8692,6322,8834,7464,7860,5712,9246,5568,3071,1743,4426,200,200,200,200,4542,2239,733,4249,2897,1279,137,2179,,,,,,,,,,,,,,,,,,,,,,,,,1528,9274,9369,7445,9651,9181,5615,2364,5202,200,200,200,4513,1732,3980,2891,1115,2538,,,,,,,,,,,,,,,,,,,,,,,,,,,,,,,,,,,,,,,,,,,,,,,,,,,,,,,,,,,,,,,,,,,,,,,,,,,,,,,1528,7553,7227,6399,5938,2145,3420,2941,2446,889,630,649,316,3045,,,,,,,,,,,,,,,,,,,,,,,,,,,,,,,,,,,,,,,,,,,,,,,,1528,7553,7227,6399,5938,2145,3420,2941,2446,889,316,3045,,,,,,,,,,,,,,,,
