ACSSF,2016m1,dc,000,0023,0000001,,,,,,,1827,8937,5153,9400,7106,8825,4475,9819,6155,2424,1565,5022,203,203,203,203,4223,2295,978,3398,1794,1019,396,1382,,,,,,,,,,,,,,,,,,,,,,,,,1765,8678,8536,7274,8025,10858,6045,2564,5699,203,203,203,4070,1555,3866,1794,1094,1361,,,,,,,,,,,,,,,,,,,,,,,,,,,,,,,,,,,,,,,,,,,,,,,,,,,,,,,,,,,,,,,,,,,,,,,,,,,,,,,1765,7335,7010,6598,6436,2369,3263,2736,2366,416,265,348,500,1804,,,,,,,,,,,,,,,,,,,,,,,,,,,,,,,,,,,,,,,,,,,,,,,,1765,7335,7010,6598,6436,2369,3263,2736,2366,416,500,1804,,,,,,,,,,,,,,,,
ACSSF,2016m1,dc,000,0023,0000002,,,,,,,1827,8937,5153,9400,7106,8825,4475,9819,6155,2424,1565,5022,203,203,203,203,4223,2295,978,3398,1794,1019,396,1382,,,,,,,,,,,,,,,,,,,,,,,,,1765,8678,8536,7274,8025,10858,6045,2564,5699,203,203,203,4070,1555,3866,1794,1094,1361,,,,,,,,,,,,,,,,,,,,,,,,,,,,,,,,,,,,,,,,,,,,,,,,,,,,,,,,,,,,,,,,,,,,,,,,,,,,,,,1765,7335,7010,6598,6436,2369,3263,2736,2366,416,265,348,500,1804,,,,,,,,,,,,,,,,,,,,,,,,,,,,,,,,,,,,,,,,,,,,,,,,1765,7335,7010,6598,6436,2369,3263,2736,2366,416,500,1804,,,,,,,,,,,,,,,,
ACSSF,2016m1,dc,000,0023,0000003,,,,,,,1827,8937,5153,9400,7106,8825,4475,9819,6155,2424,1565,5022,203,203,203,203,4223,2295,978,3398,1794,1019,396,1382,,,,,,,,,,,,,,,,,,,,,,,,,1765,8678,8536,7274,8025,10858,6045,2564,5699,203,203,203,4070,1555,3866,1794,1094,1361,,,,,,,,,,,,,,,,,,,,,,,,,,,,,,,,,,,,,,,,,,,,,,,,,,,,,,,,,,,,,,,,,,,,,,,,,,,,,,,1765,7335,7010,6598,6436,2369,3263,2736,2366,416,265,348,500,1804,,,,,,,,,,,,,,,,,,,,,,,,,,,,,,,,,,,,,,,,,,,,,,,,1765,7335,7010,6598,6436,2369,3263,2736,2366,416,500,1804,,,,,,,,,,,,,,,,
ACSSF,2016m1,dc,000,0023,0000004,,,,,,,1827,8937,5153,9400,7106,8825,4475,9819,6155,2424,1565,5022,203,203,203,203,4223,2295,978,3398,1794,1019,396,1382,,,,,,,,,,,,,,,,,,,,,,,,,1765,8678,8536,7274,8025,10858,6045,2564,5699,203,203,203,4070,1555,3866,1794,1094,1361,,,,,,,,,,,,,,,,,,,,,,,,,,,,,,,,,,,,,,,,,,,,,,,,,,,,,,,,,,,,,,,,,,,,,,,,,,,,,,,1765,7335,7010,6598,6436,2369,3263,2736,2366,416,265,348,500,1804,,,,,,,,,,,,,,,,,,,,,,,,,,,,,,,,,,,,,,,,,,,,,,,,1765,7335,7010,6598,6436,2369,3263,2736,2366,416,500,1804,,,,,,,,,,,,,,,,
ACSSF,2016m1,dc,000,0023,0000005,,,,,,,1827,8937,5153,9400,7106,8825,4475,9819,6155,2424,1565,5022,203,203,203,203,4223,2295,978,3398,1794,1019,396,1382,,,,,,,,,,,,,,,,,,,,,,,,,1765,8678,8536,7274,8025,10858,6045,2564,5699,203,203,203,4070,1555,3866,1794,1094,1361,,,,,,,,,,,,,,,,,,,,,,,,,,,,,,,,,,,,,,,,,,,,,,,,,,,,,,,,,,,,,,,,,,,,,,,,,,,,,,,1765,7335,7010,6598,6436,2369,3263,2736,2366,416,265,348,500,1804,,,,,,,,,,,,,,,,,,,,,,,,,,,,,,,,,,,,,,,,,,,,,,,,1765,7335,7010,6598,6436,2369,3263,2736,2366,416,500,1804,,,,,,,,,,,,,,,,
ACSSF,2016m1,dc,000,0023,0000006,,,,,,,1827,8937,5153,9400,7106,8825,4475,9819,6155,2424,1565,5022,203,203,203,203,4223,2295,978,3398,1794,1019,396,1382,,,,,,,,,,,,,,,,,,,,,,,,,1765,8678,8536,7274,8025,10858,6045,2564,5699,203,203,203,4070,1555,3866,1794,1094,1361,,,,,,,,,,,,,,,,,,,,,,,,,,,,,,,,,,,,,,,,,,,,,,,,,,,,,,,,,,,,,,,,,,,,,,,,,,,,,,,1765,7335,7010,6598,6436,2369,3263,2736,2366,416,265,348,500,1804,,,,,,,,,,,,,,,,,,,,,,,,,,,,,,,,,,,,,,,,,,,,,,,,1765,7335,7010,6598,6436,2369,3263,2736,2366,416,500,1804,,,,,,,,,,,,,,,,
ACSSF,2016m1,dc,000,0023,0000007,,,,,,,1827,8937,5153,9400,7106,8825,4475,9819,6155,2424,1565,5022,203,203,203,203,4223,2295,978,3398,1794,1019,396,1382,,,,,,,,,,,,,,,,,,,,,,,,,1765,8678,8536,7274,8025,10858,6045,2564,5699,203,203,203,4070,1555,3866,1794,1094,1361,,,,,,,,,,,,,,,,,,,,,,,,,,,,,,,,,,,,,,,,,,,,,,,,,,,,,,,,,,,,,,,,,,,,,,,,,,,,,,,1765,7335,7010,6598,6436,2369,3263,2736,2366,416,265,348,500,1804,,,,,,,,,,,,,,,,,,,,,,,,,,,,,,,,,,,,,,,,,,,,,,,,1765,7335,7010,6598,6436,2369,3263,2736,2366,416,500,1804,,,,,,,,,,,,,,,,
ACSSF,2016m1,dc,000,0023,0000008,,,,,,,1827,8937,5153,9400,7106,8825,4475,9819,6155,2424,1565,5022,203,203,203,203,4223,2295,978,3398,1794,1019,396,1382,,,,,,,,,,,,,,,,,,,,,,,,,1765,8678,8536,7274,8025,10858,6045,2564,5699,203,203,203,4070,1555,3866,1794,1094,1361,,,,,,,,,,,,,,,,,,,,,,,,,,,,,,,,,,,,,,,,,,,,,,,,,,,,,,,,,,,,,,,,,,,,,,,,,,,,,,,1765,7335,7010,6598,6436,2369,3263,2736,2366,416,265,348,500,1804,,,,,,,,,,,,,,,,,,,,,,,,,,,,,,,,,,,,,,,,,,,,,,,,1765,7335,7010,6598,6436,2369,3263,2736,2366,416,500,1804,,,,,,,,,,,,,,,,
ACSSF,2016m1,dc,000,0023,0000009,,,,,,,1827,8937,5153,9400,7106,8825,4475,9819,6155,2424,1565,5022,203,203,203,203,4223,2295,978,3398,1794,1019,396,1382,,,,,,,,,,,,,,,,,,,,,,,,,1765,8678,8536,7274,8025,10858,6045,2564,5699,203,203,203,4070,1555,3866,1794,1094,1361,,,,,,,,,,,,,,,,,,,,,,,,,,,,,,,,,,,,,,,,,,,,,,,,,,,,,,,,,,,,,,,,,,,,,,,,,,,,,,,1765,7335,7010,6598,6436,2369,3263,2736,2366,416,265,348,500,1804,,,,,,,,,,,,,,,,,,,,,,,,,,,,,,,,,,,,,,,,,,,,,,,,1765,7335,7010,6598,6436,2369,3263,2736,2366,416,500,1804,,,,,,,,,,,,,,,,
ACSSF,2016m1,dc,000,0023,0000010,,,,,,,5474,2399,1120,4725,4950,1984,985,4425,2106,629,203,2135,203,203,203,203,2128,874,431,1764,919,283,203,837,,,,,,,,,,,,,,,,,,,,,,,,,5470,4532,5258,4921,3997,4349,2107,1607,1515,203,203,203,2132,1043,1979,921,832,392,,,,,,,,,,,,,,,,,,,,,,,,,,,,,,,,,,,,,,,,,,,,,,,,,,,,,,,,,,,,,,,,,,,,,,,,,,,,,,,5972,4952,3409,2474,2352,766,2194,1522,1431,247,171,194,203,920,,,,,,,,,,,,,,,,,,,,,,,,,,,,,,,,,,,,,,,,,,,,,,,,5972,4952,3409,2474,2352,766,2194,1522,1431,247,203,920,,,,,,,,,,,,,,,,
ACSSF,2016m1,dc,000,0023,0000011,,,,,,,7279,3503,2967,7287,7144,3146,2888,6813,2999,873,588,2864,203,203,203,203,1610,432,302,1457,531,337,96,357,,,,,,,,,,,,,,,,,,,,,,,,,7369,5238,6090,7175,5020,5895,3012,990,2925,203,203,203,1592,790,1225,531,357,388,,,,,,,,,,,,,,,,,,,,,,,,,,,,,,,,,,,,,,,,,,,,,,,,,,,,,,,,,,,,,,,,,,,,,,,,,,,,,,,7450,7330,3776,3285,3017,1027,1139,832,615,85,85,203,173,553,,,,,,,,,,,,,,,,,,,,,,,,,,,,,,,,,,,,,,,,,,,,,,,,7450,7330,3776,3285,3017,1027,1139,832,615,85,173,553,,,,,,,,,,,,,,,,
ACSSF,2016m1,dc,000,0023,0000012,,,,,,,5710,2666,2011,5106,5465,2532,1512,4826,1739,520,953,1245,203,203,203,203,1498,914,205,1095,755,169,265,647,,,,,,,,,,,,,,,,,,,,,,,,,5855,4530,5562,5505,4242,5320,1575,876,1307,203,203,203,1348,498,1252,755,403,480,,,,,,,,,,,,,,,,,,,,,,,,,,,,,,,,,,,,,,,,,,,,,,,,,,,,,,,,,,,,,,,,,,,,,,,,,,,,,,,6069,5667,2519,2085,1923,652,1136,995,682,173,30,177,138,764,,,,,,,,,,,,,,,,,,,,,,,,,,,,,,,,,,,,,,,,,,,,,,,,6069,5667,2519,2085,1923,652,1136,995,682,173,138,764,,,,,,,,,,,,,,,,
ACSSF,2016m1,dc,000,0023,0000013,,,,,,,7769,6463,3979,7373,7629,6403,3430,7412,2894,1767,1115,1890,203,203,203,203,1867,1515,803,1112,542,295,163,322,,,,,,,,,,,,,,,,,,,,,,,,,7743,4782,8780,7819,4562,8548,2867,726,2795,203,203,203,1880,559,1733,542,150,529,,,,,,,,,,,,,,,,,,,,,,,,,,,,,,,,,,,,,,,,,,,,,,,,,,,,,,,,,,,,,,,,,,,,,,,,,,,,,,,8252,7902,3875,3423,3334,1280,1311,465,1185,244,99,218,318,542,,,,,,,,,,,,,,,,,,,,,,,,,,,,,,,,,,,,,,,,,,,,,,,,8252,7902,3875,3423,3334,1280,1311,465,1185,244,318,542,,,,,,,,,,,,,,,,
ACSSF,2016m1,dc,000,0023,0000014,,,,,,,7848,4702,1526,6584,6970,4488,1478,5908,2684,837,214,2556,203,203,203,203,2537,909,205,2308,1295,864,247,942,,,,,,,,,,,,,,,,,,,,,,,,,7757,4677,7025,6942,4101,6421,2688,944,2523,203,203,203,2476,662,2377,1295,597,1143,,,,,,,,,,,,,,,,,,,,,,,,,,,,,,,,,,,,,,,,,,,,,,,,,,,,,,,,,,,,,,,,,,,,,,,,,,,,,,,8009,7126,3726,3123,2995,1029,2253,1791,1409,231,87,197,262,1333,,,,,,,,,,,,,,,,,,,,,,,,,,,,,,,,,,,,,,,,,,,,,,,,8009,7126,3726,3123,2995,1029,2253,1791,1409,231,262,1333,,,,,,,,,,,,,,,,
ACSSF,2016m1,dc,000,0023,0000015,,,,,,,1827,8937,5153,9400,7106,8825,4475,9819,6155,2424,1565,5022,203,203,203,203,4223,2295,978,3398,1794,1019,396,1382,,,,,,,,,,,,,,,,,,,,,,,,,1765,8678,8536,7274,8025,10858,6045,2564,5699,203,203,203,4070,1555,3866,1794,1094,1361,,,,,,,,,,,,,,,,,,,,,,,,,,,,,,,,,,,,,,,,,,,,,,,,,,,,,,,,,,,,,,,,,,,,,,,,,,,,,,,1765,7335,7010,6598,6436,2369,3263,2736,2366,416,265,348,500,1804,,,,,,,,,,,,,,,,,,,,,,,,,,,,,,,,,,,,,,,,,,,,,,,,1765,7335,7010,6598,6436,2369,3263,2736,2366,416,500,1804,,,,,,,,,,,,,,,,
