ACSSF,2016m1,dc,000,0157,0000001,738,6136,3902,3666,1814,3699,1013,868,556,3832,3829,2470,3681,904,759,632,5972,3121,2857,1855,2541,915,921,72,4474,4317,2366,3550,981,968,262,5550,3759,3604,2999,1984,1246,1238,375,3365,3389,2653,2324,1195,1371,609,594,8907,8795,3164,8192,2050,8156,7906,4381,6660,1789,7881,7586,5885,4755,2151,5726,5571,4555,3221,915,9710,9590,8687,4859,1742,738,6136,5797,3394,5495,1470,1254,828,5972,5564,2907,4325,1471,1453,261,5550,5356,4520,3101,1844,1903,784
ACSSF,2016m1,dc,000,0157,0000002,738,6136,3902,3666,1814,3699,1013,868,556,3832,3829,2470,3681,904,759,632,5972,3121,2857,1855,2541,915,921,72,4474,4317,2366,3550,981,968,262,5550,3759,3604,2999,1984,1246,1238,375,3365,3389,2653,2324,1195,1371,609,594,8907,8795,3164,8192,2050,8156,7906,4381,6660,1789,7881,7586,5885,4755,2151,5726,5571,4555,3221,915,9710,9590,8687,4859,1742,738,6136,5797,3394,5495,1470,1254,828,5972,5564,2907,4325,1471,1453,261,5550,5356,4520,3101,1844,1903,784
ACSSF,2016m1,dc,000,0157,0000003,738,6136,3902,3666,1814,3699,1013,868,556,3832,3829,2470,3681,904,759,632,5972,3121,2857,1855,2541,915,921,72,4474,4317,2366,3550,981,968,262,5550,3759,3604,2999,1984,1246,1238,375,3365,3389,2653,2324,1195,1371,609,594,8907,8795,3164,8192,2050,8156,7906,4381,6660,1789,7881,7586,5885,4755,2151,5726,5571,4555,3221,915,9710,9590,8687,4859,1742,738,6136,5797,3394,5495,1470,1254,828,5972,5564,2907,4325,1471,1453,261,5550,5356,4520,3101,1844,1903,784
ACSSF,2016m1,dc,000,0157,0000004,738,6136,3902,3666,1814,3699,1013,868,556,3832,3829,2470,3681,904,759,632,5972,3121,2857,1855,2541,915,921,72,4474,4317,2366,3550,981,968,262,5550,3759,3604,2999,1984,1246,1238,375,3365,3389,2653,2324,1195,1371,609,594,8907,8795,3164,8192,2050,8156,7906,4381,6660,1789,7881,7586,5885,4755,2151,5726,5571,4555,3221,915,9710,9590,8687,4859,1742,738,6136,5797,3394,5495,1470,1254,828,5972,5564,2907,4325,1471,1453,261,5550,5356,4520,3101,1844,1903,784
ACSSF,2016m1,dc,000,0157,0000005,738,6136,3902,3666,1814,3699,1013,868,556,3832,3829,2470,3681,904,759,632,5972,3121,2857,1855,2541,915,921,72,4474,4317,2366,3550,981,968,262,5550,3759,3604,2999,1984,1246,1238,375,3365,3389,2653,2324,1195,1371,609,594,8907,8795,3164,8192,2050,8156,7906,4381,6660,1789,7881,7586,5885,4755,2151,5726,5571,4555,3221,915,9710,9590,8687,4859,1742,738,6136,5797,3394,5495,1470,1254,828,5972,5564,2907,4325,1471,1453,261,5550,5356,4520,3101,1844,1903,784
ACSSF,2016m1,dc,000,0157,0000006,738,6136,3902,3666,1814,3699,1013,868,556,3832,3829,2470,3681,904,759,632,5972,3121,2857,1855,2541,915,921,72,4474,4317,2366,3550,981,968,262,5550,3759,3604,2999,1984,1246,1238,375,3365,3389,2653,2324,1195,1371,609,594,8907,8795,3164,8192,2050,8156,7906,4381,6660,1789,7881,7586,5885,4755,2151,5726,5571,4555,3221,915,9710,9590,8687,4859,1742,738,6136,5797,3394,5495,1470,1254,828,5972,5564,2907,4325,1471,1453,261,5550,5356,4520,3101,1844,1903,784
ACSSF,2016m1,dc,000,0157,0000007,738,6136,3902,3666,1814,3699,1013,868,556,3832,3829,2470,3681,904,759,632,5972,3121,2857,1855,2541,915,921,72,4474,4317,2366,3550,981,968,262,5550,3759,3604,2999,1984,1246,1238,375,3365,3389,2653,2324,1195,1371,609,594,8907,8795,3164,8192,2050,8156,7906,4381,6660,1789,7881,7586,5885,4755,2151,5726,5571,4555,3221,915,9710,9590,8687,4859,1742,738,6136,5797,3394,5495,1470,1254,828,5972,5564,2907,4325,1471,1453,261,5550,5356,4520,3101,1844,1903,784
ACSSF,2016m1,dc,000,0157,0000008,738,6136,3902,3666,1814,3699,1013,868,556,3832,3829,2470,3681,904,759,632,5972,3121,2857,1855,2541,915,921,72,4474,4317,2366,3550,981,968,262,5550,3759,3604,2999,1984,1246,1238,375,3365,3389,2653,2324,1195,1371,609,594,8907,8795,3164,8192,2050,8156,7906,4381,6660,1789,7881,7586,5885,4755,2151,5726,5571,4555,3221,915,9710,9590,8687,4859,1742,738,6136,5797,3394,5495,1470,1254,828,5972,5564,2907,4325,1471,1453,261,5550,5356,4520,3101,1844,1903,784
ACSSF,2016m1,dc,000,0157,0000009,738,6136,3902,3666,1814,3699,1013,868,556,3832,3829,2470,3681,904,759,632,5972,3121,2857,1855,2541,915,921,72,4474,4317,2366,3550,981,968,262,5550,3759,3604,2999,1984,1246,1238,375,3365,3389,2653,2324,1195,1371,609,594,8907,8795,3164,8192,2050,8156,7906,4381,6660,1789,7881,7586,5885,4755,2151,5726,5571,4555,3221,915,9710,9590,8687,4859,1742,738,6136,5797,3394,5495,1470,1254,828,5972,5564,2907,4325,1471,1453,261,5550,5356,4520,3101,1844,1903,784
ACSSF,2016m1,dc,000,0157,0000010,4683,3029,1994,1863,59,1870,610,555,303,2007,1902,470,1836,467,403,288,3791,2045,1985,438,1910,468,464,39,2810,2827,469,2750,493,485,104,2149,1206,1003,261,954,638,633,52,1570,978,317,939,1064,1069,159,5555,1690,1499,1261,904,494,2888,2872,2371,1397,263,1840,1760,1748,594,313,2168,2162,2016,750,82,5224,5057,5020,1524,562,4683,3029,2814,466,2788,765,652,397,3791,3752,693,3583,741,727,111,2149,1532,375,1445,1286,1273,166
ACSSF,2016m1,dc,000,0157,0000011,5111,3920,3067,3059,944,3028,258,118,224,2237,2241,950,1979,379,369,168,2610,1530,1387,694,1213,513,513,203,1989,1960,1106,1595,481,465,123,2846,1894,1631,1407,873,737,680,228,1728,1499,1387,819,1038,1036,393,7293,4115,3854,2009,3207,967,3516,3341,1776,2835,596,3404,3353,2554,2555,878,2907,2560,2440,869,820,6389,6136,5631,2703,1297,5111,3920,3942,1493,3719,457,406,259,2610,2457,1317,1979,762,742,123,2846,2413,2294,1239,1413,1327,548
ACSSF,2016m1,dc,000,0157,0000012,4681,3381,2475,2470,767,2396,525,322,409,2221,2209,734,2112,294,275,105,2005,1262,1295,830,1057,289,278,60,1608,1491,746,1176,369,344,187,2897,1627,1500,1286,805,949,943,272,1987,1744,1373,889,1089,1029,267,6057,2180,2103,1256,2128,784,2677,2186,1442,1714,1133,2728,2309,2139,1251,1438,2881,2891,2410,1586,109,4644,4620,4454,1921,336,4681,3381,3431,1150,3242,588,432,422,2005,1853,1113,1503,512,486,197,2897,2573,2090,1180,1561,1430,369
ACSSF,2016m1,dc,000,0157,0000013,5512,4184,2183,2175,1242,1847,458,463,92,2839,2812,2091,2021,391,307,293,3376,1915,1896,1461,1160,309,309,203,2291,2307,1817,1245,337,335,55,3862,2524,2302,2275,621,1008,987,121,2784,2438,2429,776,1061,1085,157,7727,7144,7040,1484,6871,1252,5855,5791,2277,5454,920,4937,4790,2727,3653,633,3915,3739,1949,3014,426,5113,4915,4084,2704,596,5512,4184,4145,2644,2923,618,562,309,3376,3384,2288,1869,456,454,55,3862,3517,3651,996,1557,1551,210
ACSSF,2016m1,dc,000,0157,0000014,6688,4979,3372,3305,648,3126,508,457,208,2652,2699,1196,2454,451,388,409,3148,1735,1727,782,1698,550,550,203,2302,2280,672,2185,503,503,203,3350,2027,1967,1487,1221,870,870,203,2212,2126,1487,1558,855,859,220,7812,3508,3496,1570,3060,819,3966,3948,1729,3635,351,2444,2447,2208,1140,578,3405,3420,3068,997,370,6477,6401,6095,1270,1032,6688,4979,4999,1470,4581,717,626,449,3148,3108,1126,2993,733,733,203,3350,3206,2423,1993,1296,1286,220
ACSSF,2016m1,dc,000,0157,0000015,738,6136,3902,3666,1814,3699,1013,868,556,3832,3829,2470,3681,904,759,632,5972,3121,2857,1855,2541,915,921,72,4474,4317,2366,3550,981,968,262,5550,3759,3604,2999,1984,1246,1238,375,3365,3389,2653,2324,1195,1371,609,594,8907,8795,3164,8192,2050,8156,7906,4381,6660,1789,7881,7586,5885,4755,2151,5726,5571,4555,3221,915,9710,9590,8687,4859,1742,738,6136,5797,3394,5495,1470,1254,828,5972,5564,2907,4325,1471,1453,261,5550,5356,4520,3101,1844,1903,784
