ACSSF,2010e1,dc,000,0090,0000001,,,,,,,,,,,,,,,,,,,,,,,,,,,,,,,,,,,,,,,,,,,,,,,,,,,,,,,,,,,,,,,,,,,,,,,,,,,,,,,,,,,,,,,,,,,,,,,,251224,111231,37070,0,37070,728,3031,6569,12247,7069,7426,74161,48413,25748,11882,6604,2379,2939,1311,633,139993,48526,0,48526,473,3579,6716,15487,12360,9911,91467,63626,27841,15389,6631,2272,2570,406,573,,,,,,,,,,,,,,,,,,,,,,,,,,,,,,,,,,,,,,,
ACSSF,2010e1,dc,000,0090,0000002,,,,,,,,,,,,,,,,,,,,,,,,,,,,,,,,,,,,,,,,,,,,,,,,,,,,,,,,,,,,,,,,,,,,,,,,,,,,,,,,,,,,,,,,,,,,,,,,251224,111231,37070,0,37070,728,3031,6569,12247,7069,7426,74161,48413,25748,11882,6604,2379,2939,1311,633,139993,48526,0,48526,473,3579,6716,15487,12360,9911,91467,63626,27841,15389,6631,2272,2570,406,573,,,,,,,,,,,,,,,,,,,,,,,,,,,,,,,,,,,,,,,
ACSSF,2010e1,dc,000,0090,0000003,,,,,,,,,,,,,,,,,,,,,,,,,,,,,,,,,,,,,,,,,,,,,,,,,,,,,,,,,,,,,,,,,,,,,,,,,,,,,,,,,,,,,,,,,,,,,,,,251224,111231,37070,0,37070,728,3031,6569,12247,7069,7426,74161,48413,25748,11882,6604,2379,2939,1311,633,139993,48526,0,48526,473,3579,6716,15487,12360,9911,91467,63626,27841,15389,6631,2272,2570,406,573,,,,,,,,,,,,,,,,,,,,,,,,,,,,,,,,,,,,,,,
ACSSF,2010e1,dc,000,0090,0000004,,,,,,,,,,,,,,,,,,,,,,,,,,,,,,,,,,,,,,,,,,,,,,,,,,,,,,,,,,,,,,,,,,,,,,,,,,,,,,,,,,,,,,,,,,,,,,,,251224,111231,37070,0,37070,728,3031,6569,12247,7069,7426,74161,48413,25748,11882,6604,2379,2939,1311,633,139993,48526,0,48526,473,3579,6716,15487,12360,9911,91467,63626,27841,15389,6631,2272,2570,406,573,,,,,,,,,,,,,,,,,,,,,,,,,,,,,,,,,,,,,,,
ACSSF,2010e1,dc,000,0090,0000005,,,,,,,,,,,,,,,,,,,,,,,,,,,,,,,,,,,,,,,,,,,,,,,,,,,,,,,,,,,,,,,,,,,,,,,,,,,,,,,,,,,,,,,,,,,,,,,,251224,111231,37070,0,37070,728,3031,6569,12247,7069,7426,74161,48413,25748,11882,6604,2379,2939,1311,633,139993,48526,0,48526,473,3579,6716,15487,12360,9911,91467,63626,27841,15389,6631,2272,2570,406,573,,,,,,,,,,,,,,,,,,,,,,,,,,,,,,,,,,,,,,,
ACSSF,2010e1,dc,000,0090,0000006,,,,,,,,,,,,,,,,,,,,,,,,,,,,,,,,,,,,,,,,,,,,,,,,,,,,,,,,,,,,,,,,,,,,,,,,,,,,,,,,,,,,,,,,,,,,,,,,251224,111231,37070,0,37070,728,3031,6569,12247,7069,7426,74161,48413,25748,11882,6604,2379,2939,1311,633,139993,48526,0,48526,473,3579,6716,15487,12360,9911,91467,63626,27841,15389,6631,2272,2570,406,573,,,,,,,,,,,,,,,,,,,,,,,,,,,,,,,,,,,,,,,
ACSSF,2010e1,dc,000,0090,0000007,,,,,,,,,,,,,,,,,,,,,,,,,,,,,,,,,,,,,,,,,,,,,,,,,,,,,,,,,,,,,,,,,,,,,,,,,,,,,,,,,,,,,,,,,,,,,,,,251224,111231,37070,0,37070,728,3031,6569,12247,7069,7426,74161,48413,25748,11882,6604,2379,2939,1311,633,139993,48526,0,48526,473,3579,6716,15487,12360,9911,91467,63626,27841,15389,6631,2272,2570,406,573,,,,,,,,,,,,,,,,,,,,,,,,,,,,,,,,,,,,,,,
ACSSF,2010e1,dc,000,0090,0000008,,,,,,,,,,,,,,,,,,,,,,,,,,,,,,,,,,,,,,,,,,,,,,,,,,,,,,,,,,,,,,,,,,,,,,,,,,,,,,,,,,,,,,,,,,,,,,,,251224,111231,37070,0,37070,728,3031,6569,12247,7069,7426,74161,48413,25748,11882,6604,2379,2939,1311,633,139993,48526,0,48526,473,3579,6716,15487,12360,9911,91467,63626,27841,15389,6631,2272,2570,406,573,,,,,,,,,,,,,,,,,,,,,,,,,,,,,,,,,,,,,,,
ACSSF,2010e1,dc,000,0090,0000009,,,,,,,,,,,,,,,,,,,,,,,,,,,,,,,,,,,,,,,,,,,,,,,,,,,,,,,,,,,,,,,,,,,,,,,,,,,,,,,,,,,,,,,,,,,,,,,,251224,111231,37070,0,37070,728,3031,6569,12247,7069,7426,74161,48413,25748,11882,6604,2379,2939,1311,633,139993,48526,0,48526,473,3579,6716,15487,12360,9911,91467,63626,27841,15389,6631,2272,2570,406,573,,,,,,,,,,,,,,,,,,,,,,,,,,,,,,,,,,,,,,,
ACSSF,2010e1,dc,000,0090,0000010,,,,,,,,,,,,,,,,,,,,,,,,,,,,,,,,,,,,,,,,,,,,,,,,,,,,,,,,,,,,,,,,,,,,,,,,,,,,,,,,,,,,,,,,,,,,,,,,,,,,,,,,,,,,,,,,,,,,,,,,,,,,,,,,,,,,,,,,,,,,,,,,,,,,,,,,,,,,,,,,,,,,,,,,,,,,,
ACSSF,2010e1,dc,000,0090,0000011,,,,,,,,,,,,,,,,,,,,,,,,,,,,,,,,,,,,,,,,,,,,,,,,,,,,,,,,,,,,,,,,,,,,,,,,,,,,,,,,,,,,,,,,,,,,,,,,53285,23290,8402,0,8402,59,1165,1642,2706,794,2036,14888,9389,5499,2160,1779,747,509,72,232,29995,11080,0,11080,130,987,1357,3355,2802,2449,18915,13160,5755,2579,1933,310,499,42,392,,,,,,,,,,,,,,,,,,,,,,,,,,,,,,,,,,,,,,,
ACSSF,2010e1,dc,000,0090,0000012,,,,,,,,,,,,,,,,,,,,,,,,,,,,,,,,,,,,,,,,,,,,,,,,,,,,,,,,,,,,,,,,,,,,,,,,,,,,,,,,,,,,,,,,,,,,,,,,70902,34002,10978,0,10978,253,881,1621,3500,2575,2148,23024,14398,8626,4172,2204,563,646,943,98,36900,12696,0,12696,0,655,1597,4127,3609,2708,24204,17479,6725,3442,2212,335,494,242,0,,,,,,,,,,,,,,,,,,,,,,,,,,,,,,,,,,,,,,,
ACSSF,2010e1,dc,000,0090,0000013,,,,,,,,,,,,,,,,,,,,,,,,,,,,,,,,,,,,,,,,,,,,,,,,,,,,,,,,,,,,,,,,,,,,,,,,,,,,,,,,,,,,,,,,,,,,,,,,90941,38304,11617,0,11617,303,751,2604,4457,2120,1382,26687,17972,8715,4401,2001,705,1351,170,87,52637,17323,0,17323,141,1570,2722,6366,4522,2002,35314,24121,11193,6545,2026,1293,1026,122,181,,,,,,,,,,,,,,,,,,,,,,,,,,,,,,,,,,,,,,,
ACSSF,2010e1,dc,000,0090,0000014,,,,,,,,,,,,,,,,,,,,,,,,,,,,,,,,,,,,,,,,,,,,,,,,,,,,,,,,,,,,,,,,,,,,,,,,,,,,,,,,,,,,,,,,,,,,,,,,31207,13622,5470,0,5470,113,234,702,1584,1520,1317,8152,5514,2638,970,529,364,433,126,216,17585,6432,0,6432,202,314,826,1639,1297,2154,11153,7260,3893,2548,460,334,551,0,0,,,,,,,,,,,,,,,,,,,,,,,,,,,,,,,,,,,,,,,
ACSSF,2010e1,dc,000,0090,0000015,,,,,,,,,,,,,,,,,,,,,,,,,,,,,,,,,,,,,,,,,,,,,,,,,,,,,,,,,,,,,,,,,,,,,,,,,,,,,,,,,,,,,,,,,,,,,,,,251224,111231,37070,0,37070,728,3031,6569,12247,7069,7426,74161,48413,25748,11882,6604,2379,2939,1311,633,139993,48526,0,48526,473,3579,6716,15487,12360,9911,91467,63626,27841,15389,6631,2272,2570,406,573,,,,,,,,,,,,,,,,,,,,,,,,,,,,,,,,,,,,,,,
