ACSSF,2010e1,dc,000,0032,0000001,556726,244419,312307,449194,220473,228721,58190,12774,45416,0,0,0,43320,8770,34550,6022,2402,3620,,,,,,,,,,,,,,,,,,,,,,,,,,,,,,,,,,,,,,,,,,,,,,,,,,,,,,,,,,,,,596747,474676,115010,80137,69441,10696,32673,20168,12505,1235,699,536,965,7061,,,,,,,,,,,,,,,,,,,,,,,,,,596747,474676,115010,63766,63766,0,51244,0,51244,0,51244,11117,3435,29632,7060,7061,0,62,6999,596747,474676,115010,80137,69441,10696,32673,20168,12505,1235,965,7061,,,,,,,,,,,,,,,,,,,,,,596747,474676,115010,63766,51244,0,51244,0,51244,7061,0,7061
ACSSF,2010e1,dc,000,0032,0000002,556726,244419,312307,449194,220473,228721,58190,12774,45416,0,0,0,43320,8770,34550,6022,2402,3620,,,,,,,,,,,,,,,,,,,,,,,,,,,,,,,,,,,,,,,,,,,,,,,,,,,,,,,,,,,,,596747,474676,115010,80137,69441,10696,32673,20168,12505,1235,699,536,965,7061,,,,,,,,,,,,,,,,,,,,,,,,,,596747,474676,115010,63766,63766,0,51244,0,51244,0,51244,11117,3435,29632,7060,7061,0,62,6999,596747,474676,115010,80137,69441,10696,32673,20168,12505,1235,965,7061,,,,,,,,,,,,,,,,,,,,,,596747,474676,115010,63766,51244,0,51244,0,51244,7061,0,7061
ACSSF,2010e1,dc,000,0032,0000003,556726,244419,312307,449194,220473,228721,58190,12774,45416,0,0,0,43320,8770,34550,6022,2402,3620,,,,,,,,,,,,,,,,,,,,,,,,,,,,,,,,,,,,,,,,,,,,,,,,,,,,,,,,,,,,,596747,474676,115010,80137,69441,10696,32673,20168,12505,1235,699,536,965,7061,,,,,,,,,,,,,,,,,,,,,,,,,,596747,474676,115010,63766,63766,0,51244,0,51244,0,51244,11117,3435,29632,7060,7061,0,62,6999,596747,474676,115010,80137,69441,10696,32673,20168,12505,1235,965,7061,,,,,,,,,,,,,,,,,,,,,,596747,474676,115010,63766,51244,0,51244,0,51244,7061,0,7061
ACSSF,2010e1,dc,000,0032,0000004,556726,244419,312307,449194,220473,228721,58190,12774,45416,0,0,0,43320,8770,34550,6022,2402,3620,,,,,,,,,,,,,,,,,,,,,,,,,,,,,,,,,,,,,,,,,,,,,,,,,,,,,,,,,,,,,596747,474676,115010,80137,69441,10696,32673,20168,12505,1235,699,536,965,7061,,,,,,,,,,,,,,,,,,,,,,,,,,596747,474676,115010,63766,63766,0,51244,0,51244,0,51244,11117,3435,29632,7060,7061,0,62,6999,596747,474676,115010,80137,69441,10696,32673,20168,12505,1235,965,7061,,,,,,,,,,,,,,,,,,,,,,596747,474676,115010,63766,51244,0,51244,0,51244,7061,0,7061
ACSSF,2010e1,dc,000,0032,0000005,556726,244419,312307,449194,220473,228721,58190,12774,45416,0,0,0,43320,8770,34550,6022,2402,3620,,,,,,,,,,,,,,,,,,,,,,,,,,,,,,,,,,,,,,,,,,,,,,,,,,,,,,,,,,,,,596747,474676,115010,80137,69441,10696,32673,20168,12505,1235,699,536,965,7061,,,,,,,,,,,,,,,,,,,,,,,,,,596747,474676,115010,63766,63766,0,51244,0,51244,0,51244,11117,3435,29632,7060,7061,0,62,6999,596747,474676,115010,80137,69441,10696,32673,20168,12505,1235,965,7061,,,,,,,,,,,,,,,,,,,,,,596747,474676,115010,63766,51244,0,51244,0,51244,7061,0,7061
ACSSF,2010e1,dc,000,0032,0000006,556726,244419,312307,449194,220473,228721,58190,12774,45416,0,0,0,43320,8770,34550,6022,2402,3620,,,,,,,,,,,,,,,,,,,,,,,,,,,,,,,,,,,,,,,,,,,,,,,,,,,,,,,,,,,,,596747,474676,115010,80137,69441,10696,32673,20168,12505,1235,699,536,965,7061,,,,,,,,,,,,,,,,,,,,,,,,,,596747,474676,115010,63766,63766,0,51244,0,51244,0,51244,11117,3435,29632,7060,7061,0,62,6999,596747,474676,115010,80137,69441,10696,32673,20168,12505,1235,965,7061,,,,,,,,,,,,,,,,,,,,,,596747,474676,115010,63766,51244,0,51244,0,51244,7061,0,7061
ACSSF,2010e1,dc,000,0032,0000007,556726,244419,312307,449194,220473,228721,58190,12774,45416,0,0,0,43320,8770,34550,6022,2402,3620,,,,,,,,,,,,,,,,,,,,,,,,,,,,,,,,,,,,,,,,,,,,,,,,,,,,,,,,,,,,,596747,474676,115010,80137,69441,10696,32673,20168,12505,1235,699,536,965,7061,,,,,,,,,,,,,,,,,,,,,,,,,,596747,474676,115010,63766,63766,0,51244,0,51244,0,51244,11117,3435,29632,7060,7061,0,62,6999,596747,474676,115010,80137,69441,10696,32673,20168,12505,1235,965,7061,,,,,,,,,,,,,,,,,,,,,,596747,474676,115010,63766,51244,0,51244,0,51244,7061,0,7061
ACSSF,2010e1,dc,000,0032,0000008,556726,244419,312307,449194,220473,228721,58190,12774,45416,0,0,0,43320,8770,34550,6022,2402,3620,,,,,,,,,,,,,,,,,,,,,,,,,,,,,,,,,,,,,,,,,,,,,,,,,,,,,,,,,,,,,596747,474676,115010,80137,69441,10696,32673,20168,12505,1235,699,536,965,7061,,,,,,,,,,,,,,,,,,,,,,,,,,596747,474676,115010,63766,63766,0,51244,0,51244,0,51244,11117,3435,29632,7060,7061,0,62,6999,596747,474676,115010,80137,69441,10696,32673,20168,12505,1235,965,7061,,,,,,,,,,,,,,,,,,,,,,596747,474676,115010,63766,51244,0,51244,0,51244,7061,0,7061
ACSSF,2010e1,dc,000,0032,0000009,556726,244419,312307,449194,220473,228721,58190,12774,45416,0,0,0,43320,8770,34550,6022,2402,3620,,,,,,,,,,,,,,,,,,,,,,,,,,,,,,,,,,,,,,,,,,,,,,,,,,,,,,,,,,,,,596747,474676,115010,80137,69441,10696,32673,20168,12505,1235,699,536,965,7061,,,,,,,,,,,,,,,,,,,,,,,,,,596747,474676,115010,63766,63766,0,51244,0,51244,0,51244,11117,3435,29632,7060,7061,0,62,6999,596747,474676,115010,80137,69441,10696,32673,20168,12505,1235,965,7061,,,,,,,,,,,,,,,,,,,,,,596747,474676,115010,63766,51244,0,51244,0,51244,7061,0,7061
ACSSF,2010e1,dc,000,0032,0000010,96945,61155,35790,78511,54651,23860,8571,2782,5789,0,0,0,8092,3009,5083,1771,713,1058,,,,,,,,,,,,,,,,,,,,,,,,,,,,,,,,,,,,,,,,,,,,,,,,,,,,,,,,,,,,,108591,86418,19787,11491,10619,872,7696,4519,3177,462,208,254,138,2386,,,,,,,,,,,,,,,,,,,,,,,,,,108591,86418,19787,9646,9646,0,10141,0,10141,0,10141,3138,1286,4197,1520,2386,0,0,2386,108591,86418,19787,11491,10619,872,7696,4519,3177,462,138,2386,,,,,,,,,,,,,,,,,,,,,,108591,86418,19787,9646,10141,0,10141,0,10141,2386,0,2386
ACSSF,2010e1,dc,000,0032,0000011,112389,48121,64268,93361,43732,49629,10840,2830,8010,0,0,0,7288,1392,5896,900,167,733,,,,,,,,,,,,,,,,,,,,,,,,,,,,,,,,,,,,,,,,,,,,,,,,,,,,,,,,,,,,,115868,96558,18410,13912,11493,2419,4182,2352,1830,215,215,0,101,900,,,,,,,,,,,,,,,,,,,,,,,,,,115868,96558,18410,11008,11008,0,7402,0,7402,0,7402,1181,537,4669,1015,900,0,0,900,115868,96558,18410,13912,11493,2419,4182,2352,1830,215,101,900,,,,,,,,,,,,,,,,,,,,,,115868,96558,18410,11008,7402,0,7402,0,7402,900,0,900
ACSSF,2010e1,dc,000,0032,0000012,125260,66568,58692,102998,60639,42359,10517,2833,7684,0,0,0,10285,2401,7884,1460,695,765,,,,,,,,,,,,,,,,,,,,,,,,,,,,,,,,,,,,,,,,,,,,,,,,,,,,,,,,,,,,,134025,106694,25801,17336,14594,2742,8153,5551,2602,145,30,115,167,1530,,,,,,,,,,,,,,,,,,,,,,,,,,134025,106694,25801,13521,13521,0,12280,0,12280,0,12280,2661,703,6555,2361,1530,0,0,1530,134025,106694,25801,17336,14594,2742,8153,5551,2602,145,167,1530,,,,,,,,,,,,,,,,,,,,,,134025,106694,25801,13521,12280,0,12280,0,12280,1530,0,1530
ACSSF,2010e1,dc,000,0032,0000013,118713,34295,84418,97961,31128,66833,15387,2196,13191,0,0,0,4814,634,4180,551,337,214,,,,,,,,,,,,,,,,,,,,,,,,,,,,,,,,,,,,,,,,,,,,,,,,,,,,,,,,,,,,,122619,100128,21896,18675,16502,2173,2518,1076,1442,205,86,119,498,595,,,,,,,,,,,,,,,,,,,,,,,,,,,,,,,,,,,,,,,,,,,,,122619,100128,21896,18675,16502,2173,2518,1076,1442,205,498,595,,,,,,,,,,,,,,,,,,,,,,122619,100128,21896,16126,5770,0,5770,0,5770,595,0,595
ACSSF,2010e1,dc,000,0032,0000014,103419,34280,69139,76363,30323,46040,12875,2133,10742,0,0,0,12841,1334,11507,1340,490,850,,,,,,,,,,,,,,,,,,,,,,,,,,,,,,,,,,,,,,,,,,,,,,,,,,,,,,,,,,,,,115644,84878,29116,18723,16233,2490,10124,6670,3454,208,160,48,61,1650,,,,,,,,,,,,,,,,,,,,,,,,,,115644,84878,29116,13465,13465,0,15651,0,15651,0,15651,3814,722,9204,1911,1650,0,62,1588,115644,84878,29116,18723,16233,2490,10124,6670,3454,208,61,1650,,,,,,,,,,,,,,,,,,,,,,115644,84878,29116,13465,15651,0,15651,0,15651,1650,0,1650
ACSSF,2010e1,dc,000,0032,0000015,556726,244419,312307,449194,220473,228721,58190,12774,45416,0,0,0,43320,8770,34550,6022,2402,3620,,,,,,,,,,,,,,,,,,,,,,,,,,,,,,,,,,,,,,,,,,,,,,,,,,,,,,,,,,,,,596747,474676,115010,80137,69441,10696,32673,20168,12505,1235,699,536,965,7061,,,,,,,,,,,,,,,,,,,,,,,,,,596747,474676,115010,63766,63766,0,51244,0,51244,0,51244,11117,3435,29632,7060,7061,0,62,6999,596747,474676,115010,80137,69441,10696,32673,20168,12505,1235,965,7061,,,,,,,,,,,,,,,,,,,,,,596747,474676,115010,63766,51244,0,51244,0,51244,7061,0,7061
