ACSSF,2010e1,dc,000,0068,0000001,,,,,,,,,,,,,,,,,,,,,,,,,,,,,,,,,,,,,,,,,,,,,,,,,,,,,,,,,,,,,,,,,,,,,,,,,,,,,,,,,,,,,,,,,,,,,,,,,,,,,,,,,,,,,,,,,,,,,,,,,,,,149334100,17954800,131379300,12751900,118627400,101519,14285,1765,918,460,387,0,12520,1209,397,433,182,197,11311,2074,6054,2342,841,87234,55510,33997,18702,2694,117,31724,7531,4065,3035,431,0,24193,11591,10506,1882,214,,,,,,,,,,,,,,,,,,,,,,,,,,,,,,,,,,,31930,476,325,57,151,0,0,151,41,31454,28763,11199,2691,1032,680,1659,701,8758,1268,456,407,812,227,90,585,525,7490,5246,2595,2244,638,358,1606,854,101519,14285,3389,6947,2911,1038,87234,49653,32243,5007,331
ACSSF,2010e1,dc,000,0068,0000002,,,,,,,,,,,,,,,,,,,,,,,,,,,,,,,,,,,,,,,,,,,,,,,,,,,,,,,,,,,,,,,,,,,,,,,,,,,,,,,,,,,,,,,,,,,,,,,,,,,,,,,,,,,,,,,,,,,,,,,,,,,,149334100,17954800,131379300,12751900,118627400,101519,14285,1765,918,460,387,0,12520,1209,397,433,182,197,11311,2074,6054,2342,841,87234,55510,33997,18702,2694,117,31724,7531,4065,3035,431,0,24193,11591,10506,1882,214,,,,,,,,,,,,,,,,,,,,,,,,,,,,,,,,,,,31930,476,325,57,151,0,0,151,41,31454,28763,11199,2691,1032,680,1659,701,8758,1268,456,407,812,227,90,585,525,7490,5246,2595,2244,638,358,1606,854,101519,14285,3389,6947,2911,1038,87234,49653,32243,5007,331
ACSSF,2010e1,dc,000,0068,0000003,,,,,,,,,,,,,,,,,,,,,,,,,,,,,,,,,,,,,,,,,,,,,,,,,,,,,,,,,,,,,,,,,,,,,,,,,,,,,,,,,,,,,,,,,,,,,,,,,,,,,,,,,,,,,,,,,,,,,,,,,,,,149334100,17954800,131379300,12751900,118627400,101519,14285,1765,918,460,387,0,12520,1209,397,433,182,197,11311,2074,6054,2342,841,87234,55510,33997,18702,2694,117,31724,7531,4065,3035,431,0,24193,11591,10506,1882,214,,,,,,,,,,,,,,,,,,,,,,,,,,,,,,,,,,,31930,476,325,57,151,0,0,151,41,31454,28763,11199,2691,1032,680,1659,701,8758,1268,456,407,812,227,90,585,525,7490,5246,2595,2244,638,358,1606,854,101519,14285,3389,6947,2911,1038,87234,49653,32243,5007,331
ACSSF,2010e1,dc,000,0068,0000004,,,,,,,,,,,,,,,,,,,,,,,,,,,,,,,,,,,,,,,,,,,,,,,,,,,,,,,,,,,,,,,,,,,,,,,,,,,,,,,,,,,,,,,,,,,,,,,,,,,,,,,,,,,,,,,,,,,,,,,,,,,,149334100,17954800,131379300,12751900,118627400,101519,14285,1765,918,460,387,0,12520,1209,397,433,182,197,11311,2074,6054,2342,841,87234,55510,33997,18702,2694,117,31724,7531,4065,3035,431,0,24193,11591,10506,1882,214,,,,,,,,,,,,,,,,,,,,,,,,,,,,,,,,,,,31930,476,325,57,151,0,0,151,41,31454,28763,11199,2691,1032,680,1659,701,8758,1268,456,407,812,227,90,585,525,7490,5246,2595,2244,638,358,1606,854,101519,14285,3389,6947,2911,1038,87234,49653,32243,5007,331
ACSSF,2010e1,dc,000,0068,0000005,,,,,,,,,,,,,,,,,,,,,,,,,,,,,,,,,,,,,,,,,,,,,,,,,,,,,,,,,,,,,,,,,,,,,,,,,,,,,,,,,,,,,,,,,,,,,,,,,,,,,,,,,,,,,,,,,,,,,,,,,,,,149334100,17954800,131379300,12751900,118627400,101519,14285,1765,918,460,387,0,12520,1209,397,433,182,197,11311,2074,6054,2342,841,87234,55510,33997,18702,2694,117,31724,7531,4065,3035,431,0,24193,11591,10506,1882,214,,,,,,,,,,,,,,,,,,,,,,,,,,,,,,,,,,,31930,476,325,57,151,0,0,151,41,31454,28763,11199,2691,1032,680,1659,701,8758,1268,456,407,812,227,90,585,525,7490,5246,2595,2244,638,358,1606,854,101519,14285,3389,6947,2911,1038,87234,49653,32243,5007,331
ACSSF,2010e1,dc,000,0068,0000006,,,,,,,,,,,,,,,,,,,,,,,,,,,,,,,,,,,,,,,,,,,,,,,,,,,,,,,,,,,,,,,,,,,,,,,,,,,,,,,,,,,,,,,,,,,,,,,,,,,,,,,,,,,,,,,,,,,,,,,,,,,,149334100,17954800,131379300,12751900,118627400,101519,14285,1765,918,460,387,0,12520,1209,397,433,182,197,11311,2074,6054,2342,841,87234,55510,33997,18702,2694,117,31724,7531,4065,3035,431,0,24193,11591,10506,1882,214,,,,,,,,,,,,,,,,,,,,,,,,,,,,,,,,,,,31930,476,325,57,151,0,0,151,41,31454,28763,11199,2691,1032,680,1659,701,8758,1268,456,407,812,227,90,585,525,7490,5246,2595,2244,638,358,1606,854,101519,14285,3389,6947,2911,1038,87234,49653,32243,5007,331
ACSSF,2010e1,dc,000,0068,0000007,,,,,,,,,,,,,,,,,,,,,,,,,,,,,,,,,,,,,,,,,,,,,,,,,,,,,,,,,,,,,,,,,,,,,,,,,,,,,,,,,,,,,,,,,,,,,,,,,,,,,,,,,,,,,,,,,,,,,,,,,,,,149334100,17954800,131379300,12751900,118627400,101519,14285,1765,918,460,387,0,12520,1209,397,433,182,197,11311,2074,6054,2342,841,87234,55510,33997,18702,2694,117,31724,7531,4065,3035,431,0,24193,11591,10506,1882,214,,,,,,,,,,,,,,,,,,,,,,,,,,,,,,,,,,,31930,476,325,57,151,0,0,151,41,31454,28763,11199,2691,1032,680,1659,701,8758,1268,456,407,812,227,90,585,525,7490,5246,2595,2244,638,358,1606,854,101519,14285,3389,6947,2911,1038,87234,49653,32243,5007,331
ACSSF,2010e1,dc,000,0068,0000008,,,,,,,,,,,,,,,,,,,,,,,,,,,,,,,,,,,,,,,,,,,,,,,,,,,,,,,,,,,,,,,,,,,,,,,,,,,,,,,,,,,,,,,,,,,,,,,,,,,,,,,,,,,,,,,,,,,,,,,,,,,,149334100,17954800,131379300,12751900,118627400,101519,14285,1765,918,460,387,0,12520,1209,397,433,182,197,11311,2074,6054,2342,841,87234,55510,33997,18702,2694,117,31724,7531,4065,3035,431,0,24193,11591,10506,1882,214,,,,,,,,,,,,,,,,,,,,,,,,,,,,,,,,,,,31930,476,325,57,151,0,0,151,41,31454,28763,11199,2691,1032,680,1659,701,8758,1268,456,407,812,227,90,585,525,7490,5246,2595,2244,638,358,1606,854,101519,14285,3389,6947,2911,1038,87234,49653,32243,5007,331
ACSSF,2010e1,dc,000,0068,0000009,,,,,,,,,,,,,,,,,,,,,,,,,,,,,,,,,,,,,,,,,,,,,,,,,,,,,,,,,,,,,,,,,,,,,,,,,,,,,,,,,,,,,,,,,,,,,,,,,,,,,,,,,,,,,,,,,,,,,,,,,,,,149334100,17954800,131379300,12751900,118627400,101519,14285,1765,918,460,387,0,12520,1209,397,433,182,197,11311,2074,6054,2342,841,87234,55510,33997,18702,2694,117,31724,7531,4065,3035,431,0,24193,11591,10506,1882,214,,,,,,,,,,,,,,,,,,,,,,,,,,,,,,,,,,,31930,476,325,57,151,0,0,151,41,31454,28763,11199,2691,1032,680,1659,701,8758,1268,456,407,812,227,90,585,525,7490,5246,2595,2244,638,358,1606,854,101519,14285,3389,6947,2911,1038,87234,49653,32243,5007,331
ACSSF,2010e1,dc,000,0068,0000010,,,,,,,,,,,,,,,,,,,,,,,,,,,,,,,,,,,,,,,,,,,,,,,,,,,,,,,,,,,,,,,,,,,,,,,,,,,,,,,,,,,,,,,,,,,,,,,,,,,,,,,,,,,,,,,,,,,,,,,,,,,,,,,,,,,,,,,,,,,,,,,,,,,,,,,,,,,,,,,,,,,,,,,,,,,,,,,,,,,,,,,,,,,,,,,,,,,,,,16404,248,182,57,66,0,0,66,0,16156,14546,6212,1610,533,461,1077,473,,,,,,,,,,,,,,,,,,20216,371,240,131,0,0,19845,11657,7440,748,0
ACSSF,2010e1,dc,000,0068,0000011,,,,,,,,,,,,,,,,,,,,,,,,,,,,,,,,,,,,,,,,,,,,,,,,,,,,,,,,,,,,,,,,,,,,,,,,,,,,,,,,,,,,,,,,,,,,,,,,,,,,,,,,,,,,,,,,,,,,,,,,,,,,,,,,,,,,,,,,,,,,,,,,,,,,,,,,,,,,,,,,,,,,,,,,,,,,,,,,,,,,,,,,,,,,,,,,,,,,,,,,,,,,,,,,,,,,,,,4446,538,79,79,459,51,0,408,408,3908,2618,1502,1290,401,358,889,516,19119,2047,355,1005,428,259,17072,9341,6571,1160,0
ACSSF,2010e1,dc,000,0068,0000012,,,,,,,,,,,,,,,,,,,,,,,,,,,,,,,,,,,,,,,,,,,,,,,,,,,,,,,,,,,,,,,,,,,,,,,,,,,,,,,,,,,,,,,,,,,,,,,,,,,,,,,,,,,,,,,,,,,,,,,,,,,,30897100,4775400,26121700,5519900,20601800,23116,3425,389,284,58,47,0,3036,592,260,209,0,123,2444,568,1419,352,105,19691,11760,7087,3939,676,58,7931,2310,1257,994,59,0,5621,2616,2327,678,0,,,,,,,,,,,,,,,,,,,,,,,,,,,,,,,,,,,6115,143,143,0,0,0,0,0,0,5972,5402,2049,570,298,170,272,189,,,,,,,,,,,,,,,,,,23116,3425,1112,1686,399,228,19691,10960,7260,1413,58
ACSSF,2010e1,dc,000,0068,0000013,,,,,,,,,,,,,,,,,,,,,,,,,,,,,,,,,,,,,,,,,,,,,,,,,,,,,,,,,,,,,,,,,,,,,,,,,,,,,,,,,,,,,,,,,,,,,,,,,,,,,,,,,,,,,,,,,,,,,,,,,,,,73721200,6144800,67576500,5486800,62089700,25030,7246,446,331,0,115,0,6800,429,0,173,182,74,6371,1136,3451,1419,365,17784,6697,4348,1840,450,59,11087,2429,1261,1013,155,0,8658,3720,3764,960,214,,,,,,,,,,,,,,,,,,,,,,,,,,,,,,,,,,,,,,,,,,,,,,,,,,,,,,,,,,,,,,,,,,,,,25030,7246,1467,3624,1716,439,17784,9329,6617,1565,273
ACSSF,2010e1,dc,000,0068,0000014,,,,,,,,,,,,,,,,,,,,,,,,,,,,,,,,,,,,,,,,,,,,,,,,,,,,,,,,,,,,,,,,,,,,,,,,,,,,,,,,,,,,,,,,,,,,,,,,,,,,,,,,,,,,,,,,,,,,,,,,,,,,,,,,,,,,,,,,,,,,,,,,,,,,,,,,,,,,,,,,,,,,,,,,,,,,,,,,,,,,,,,,,,,,,,,,,,,,,,,,,,,,,,,,,,,,,,,,,,,,,,,,,,,,,,,,,,,,,,,,,,
ACSSF,2010e1,dc,000,0068,0000015,,,,,,,,,,,,,,,,,,,,,,,,,,,,,,,,,,,,,,,,,,,,,,,,,,,,,,,,,,,,,,,,,,,,,,,,,,,,,,,,,,,,,,,,,,,,,,,,,,,,,,,,,,,,,,,,,,,,,,,,,,,,149334100,17954800,131379300,12751900,118627400,101519,14285,1765,918,460,387,0,12520,1209,397,433,182,197,11311,2074,6054,2342,841,87234,55510,33997,18702,2694,117,31724,7531,4065,3035,431,0,24193,11591,10506,1882,214,,,,,,,,,,,,,,,,,,,,,,,,,,,,,,,,,,,31930,476,325,57,151,0,0,151,41,31454,28763,11199,2691,1032,680,1659,701,8758,1268,456,407,812,227,90,585,525,7490,5246,2595,2244,638,358,1606,854,101519,14285,3389,6947,2911,1038,87234,49653,32243,5007,331
