ACSSF,2010e1,dc,000,0016,0000001,604453,549197,55256,9353,3864,2134,2649,26839,397,1785,3084,1772,689,19112,0,7991,1080,1623,701,1045,341,149,2232,255,565,0,2426,819,334,0,1273,604453,549197,210100,304968,1304,21552,233,901,10139,1016,9123,55256,32805,4253,623,0,0,15924,1651,871,780,604453,549197,55256,604453,549197,55256,9353,3864,2134,2649,26839,7991,2426,604453,549197,210100,304968,1304,21552,233,901,10139,1016,9123,55256
ACSSF,2010e1,dc,000,0016,0000002,604453,549197,55256,9353,3864,2134,2649,26839,397,1785,3084,1772,689,19112,0,7991,1080,1623,701,1045,341,149,2232,255,565,0,2426,819,334,0,1273,604453,549197,210100,304968,1304,21552,233,901,10139,1016,9123,55256,32805,4253,623,0,0,15924,1651,871,780,604453,549197,55256,604453,549197,55256,9353,3864,2134,2649,26839,7991,2426,604453,549197,210100,304968,1304,21552,233,901,10139,1016,9123,55256
ACSSF,2010e1,dc,000,0016,0000003,604453,549197,55256,9353,3864,2134,2649,26839,397,1785,3084,1772,689,19112,0,7991,1080,1623,701,1045,341,149,2232,255,565,0,2426,819,334,0,1273,604453,549197,210100,304968,1304,21552,233,901,10139,1016,9123,55256,32805,4253,623,0,0,15924,1651,871,780,604453,549197,55256,604453,549197,55256,9353,3864,2134,2649,26839,7991,2426,604453,549197,210100,304968,1304,21552,233,901,10139,1016,9123,55256
ACSSF,2010e1,dc,000,0016,0000004,604453,549197,55256,9353,3864,2134,2649,26839,397,1785,3084,1772,689,19112,0,7991,1080,1623,701,1045,341,149,2232,255,565,0,2426,819,334,0,1273,604453,549197,210100,304968,1304,21552,233,901,10139,1016,9123,55256,32805,4253,623,0,0,15924,1651,871,780,604453,549197,55256,604453,549197,55256,9353,3864,2134,2649,26839,7991,2426,604453,549197,210100,304968,1304,21552,233,901,10139,1016,9123,55256
ACSSF,2010e1,dc,000,0016,0000005,604453,549197,55256,9353,3864,2134,2649,26839,397,1785,3084,1772,689,19112,0,7991,1080,1623,701,1045,341,149,2232,255,565,0,2426,819,334,0,1273,604453,549197,210100,304968,1304,21552,233,901,10139,1016,9123,55256,32805,4253,623,0,0,15924,1651,871,780,604453,549197,55256,604453,549197,55256,9353,3864,2134,2649,26839,7991,2426,604453,549197,210100,304968,1304,21552,233,901,10139,1016,9123,55256
ACSSF,2010e1,dc,000,0016,0000006,604453,549197,55256,9353,3864,2134,2649,26839,397,1785,3084,1772,689,19112,0,7991,1080,1623,701,1045,341,149,2232,255,565,0,2426,819,334,0,1273,604453,549197,210100,304968,1304,21552,233,901,10139,1016,9123,55256,32805,4253,623,0,0,15924,1651,871,780,604453,549197,55256,604453,549197,55256,9353,3864,2134,2649,26839,7991,2426,604453,549197,210100,304968,1304,21552,233,901,10139,1016,9123,55256
ACSSF,2010e1,dc,000,0016,0000007,604453,549197,55256,9353,3864,2134,2649,26839,397,1785,3084,1772,689,19112,0,7991,1080,1623,701,1045,341,149,2232,255,565,0,2426,819,334,0,1273,604453,549197,210100,304968,1304,21552,233,901,10139,1016,9123,55256,32805,4253,623,0,0,15924,1651,871,780,604453,549197,55256,604453,549197,55256,9353,3864,2134,2649,26839,7991,2426,604453,549197,210100,304968,1304,21552,233,901,10139,1016,9123,55256
ACSSF,2010e1,dc,000,0016,0000008,604453,549197,55256,9353,3864,2134,2649,26839,397,1785,3084,1772,689,19112,0,7991,1080,1623,701,1045,341,149,2232,255,565,0,2426,819,334,0,1273,604453,549197,210100,304968,1304,21552,233,901,10139,1016,9123,55256,32805,4253,623,0,0,15924,1651,871,780,604453,549197,55256,604453,549197,55256,9353,3864,2134,2649,26839,7991,2426,604453,549197,210100,304968,1304,21552,233,901,10139,1016,9123,55256
ACSSF,2010e1,dc,000,0016,0000009,604453,549197,55256,9353,3864,2134,2649,26839,397,1785,3084,1772,689,19112,0,7991,1080,1623,701,1045,341,149,2232,255,565,0,2426,819,334,0,1273,604453,549197,210100,304968,1304,21552,233,901,10139,1016,9123,55256,32805,4253,623,0,0,15924,1651,871,780,604453,549197,55256,604453,549197,55256,9353,3864,2134,2649,26839,7991,2426,604453,549197,210100,304968,1304,21552,233,901,10139,1016,9123,55256
ACSSF,2010e1,dc,000,0016,0000010,,,,,,,,,,,,,,,,,,,,,,,,,,,,,,,,,,,,,,,,,,,,,,,,,,,,,109673,101817,7856,109673,101817,7856,1211,880,988,0,2020,2323,434,109673,101817,87034,5330,136,6737,62,184,2334,61,2273,7856
ACSSF,2010e1,dc,000,0016,0000011,,,,,,,,,,,,,,,,,,,,,,,,,,,,,,,,,,,,,,,,,,,,,,,,,,,,,117253,92033,25220,117253,92033,25220,2345,1713,383,1391,16908,1860,620,117253,92033,25335,62251,147,2390,44,271,1595,172,1423,25220
ACSSF,2010e1,dc,000,0016,0000012,,,,,,,,,,,,,,,,,,,,,,,,,,,,,,,,136022,127884,38322,83291,622,2858,0,258,2533,376,2157,8138,3970,977,91,0,0,2466,634,240,394,136022,127884,8138,136022,127884,8138,3161,680,121,467,2588,1033,88,136022,127884,38322,83291,622,2858,0,258,2533,376,2157,8138
ACSSF,2010e1,dc,000,0016,0000013,,,,,,,,,,,,,,,,,,,,,,,,,,,,,,,,,,,,,,,,,,,,,,,,,,,,,125219,123710,1509,,,,,,,,,,,125219,123710,3745,118722,0,92,0,67,1084,202,882,1509
ACSSF,2010e1,dc,000,0016,0000014,,,,,,,,,,,,,,,,,,,,,,,,,,,,,,,,116286,103753,55664,35374,399,9475,127,121,2593,205,2388,12533,7502,693,0,0,0,4022,316,230,86,116286,103753,12533,116286,103753,12533,2344,534,642,584,5047,2241,1141,116286,103753,55664,35374,399,9475,127,121,2593,205,2388,12533
ACSSF,2010e1,dc,000,0016,0000015,604453,549197,55256,9353,3864,2134,2649,26839,397,1785,3084,1772,689,19112,0,7991,1080,1623,701,1045,341,149,2232,255,565,0,2426,819,334,0,1273,604453,549197,210100,304968,1304,21552,233,901,10139,1016,9123,55256,32805,4253,623,0,0,15924,1651,871,780,604453,549197,55256,604453,549197,55256,9353,3864,2134,2649,26839,7991,2426,604453,549197,210100,304968,1304,21552,233,901,10139,1016,9123,55256
