ACSSF,2010e1,dc,000,0015,0000001,604453,242905,309221,1927,21552,233,16825,11790,1887,9903,,,,,,,,,,,,,,,,,,,,,,,,,,,,,,,,,,,,,,,,,,,,,,,,,,,,,,,,,,,,,,,,,,,,,,,,,,,,,,,,,,,,,,,,,,,,,,,,,,,,,,,,,,,,,,,,,,,,,,21552,4759,0,0,6079,2194,0,421,1014,2952,73,140,879,215,453,539,1412,175,247,,,,,,,,,,,,,,,,251526,315243,5425,25999,807,18815,604453,592663,242905,309221,1927,21552,233,16825,11790,1887,9903,10340,2183,928,3201,1120,2908,1328,122,,,,,,,,,,21552,4759,6532,2194,1014,2952,1412,2689,,,,,
ACSSF,2010e1,dc,000,0015,0000002,604453,242905,309221,1927,21552,233,16825,11790,1887,9903,,,,,,,,,,,,,,,,,,,,,,,,,,,,,,,,,,,,,,,,,,,,,,,,,,,,,,,,,,,,,,,,,,,,,,,,,,,,,,,,,,,,,,,,,,,,,,,,,,,,,,,,,,,,,,,,,,,,,,21552,4759,0,0,6079,2194,0,421,1014,2952,73,140,879,215,453,539,1412,175,247,,,,,,,,,,,,,,,,251526,315243,5425,25999,807,18815,604453,592663,242905,309221,1927,21552,233,16825,11790,1887,9903,10340,2183,928,3201,1120,2908,1328,122,,,,,,,,,,21552,4759,6532,2194,1014,2952,1412,2689,,,,,
ACSSF,2010e1,dc,000,0015,0000003,604453,242905,309221,1927,21552,233,16825,11790,1887,9903,,,,,,,,,,,,,,,,,,,,,,,,,,,,,,,,,,,,,,,,,,,,,,,,,,,,,,,,,,,,,,,,,,,,,,,,,,,,,,,,,,,,,,,,,,,,,,,,,,,,,,,,,,,,,,,,,,,,,,21552,4759,0,0,6079,2194,0,421,1014,2952,73,140,879,215,453,539,1412,175,247,,,,,,,,,,,,,,,,251526,315243,5425,25999,807,18815,604453,592663,242905,309221,1927,21552,233,16825,11790,1887,9903,10340,2183,928,3201,1120,2908,1328,122,,,,,,,,,,21552,4759,6532,2194,1014,2952,1412,2689,,,,,
ACSSF,2010e1,dc,000,0015,0000004,604453,242905,309221,1927,21552,233,16825,11790,1887,9903,,,,,,,,,,,,,,,,,,,,,,,,,,,,,,,,,,,,,,,,,,,,,,,,,,,,,,,,,,,,,,,,,,,,,,,,,,,,,,,,,,,,,,,,,,,,,,,,,,,,,,,,,,,,,,,,,,,,,,21552,4759,0,0,6079,2194,0,421,1014,2952,73,140,879,215,453,539,1412,175,247,,,,,,,,,,,,,,,,251526,315243,5425,25999,807,18815,604453,592663,242905,309221,1927,21552,233,16825,11790,1887,9903,10340,2183,928,3201,1120,2908,1328,122,,,,,,,,,,21552,4759,6532,2194,1014,2952,1412,2689,,,,,
ACSSF,2010e1,dc,000,0015,0000005,604453,242905,309221,1927,21552,233,16825,11790,1887,9903,,,,,,,,,,,,,,,,,,,,,,,,,,,,,,,,,,,,,,,,,,,,,,,,,,,,,,,,,,,,,,,,,,,,,,,,,,,,,,,,,,,,,,,,,,,,,,,,,,,,,,,,,,,,,,,,,,,,,,21552,4759,0,0,6079,2194,0,421,1014,2952,73,140,879,215,453,539,1412,175,247,,,,,,,,,,,,,,,,251526,315243,5425,25999,807,18815,604453,592663,242905,309221,1927,21552,233,16825,11790,1887,9903,10340,2183,928,3201,1120,2908,1328,122,,,,,,,,,,21552,4759,6532,2194,1014,2952,1412,2689,,,,,
ACSSF,2010e1,dc,000,0015,0000006,604453,242905,309221,1927,21552,233,16825,11790,1887,9903,,,,,,,,,,,,,,,,,,,,,,,,,,,,,,,,,,,,,,,,,,,,,,,,,,,,,,,,,,,,,,,,,,,,,,,,,,,,,,,,,,,,,,,,,,,,,,,,,,,,,,,,,,,,,,,,,,,,,,21552,4759,0,0,6079,2194,0,421,1014,2952,73,140,879,215,453,539,1412,175,247,,,,,,,,,,,,,,,,251526,315243,5425,25999,807,18815,604453,592663,242905,309221,1927,21552,233,16825,11790,1887,9903,10340,2183,928,3201,1120,2908,1328,122,,,,,,,,,,21552,4759,6532,2194,1014,2952,1412,2689,,,,,
ACSSF,2010e1,dc,000,0015,0000007,604453,242905,309221,1927,21552,233,16825,11790,1887,9903,,,,,,,,,,,,,,,,,,,,,,,,,,,,,,,,,,,,,,,,,,,,,,,,,,,,,,,,,,,,,,,,,,,,,,,,,,,,,,,,,,,,,,,,,,,,,,,,,,,,,,,,,,,,,,,,,,,,,,21552,4759,0,0,6079,2194,0,421,1014,2952,73,140,879,215,453,539,1412,175,247,,,,,,,,,,,,,,,,251526,315243,5425,25999,807,18815,604453,592663,242905,309221,1927,21552,233,16825,11790,1887,9903,10340,2183,928,3201,1120,2908,1328,122,,,,,,,,,,21552,4759,6532,2194,1014,2952,1412,2689,,,,,
ACSSF,2010e1,dc,000,0015,0000008,604453,242905,309221,1927,21552,233,16825,11790,1887,9903,,,,,,,,,,,,,,,,,,,,,,,,,,,,,,,,,,,,,,,,,,,,,,,,,,,,,,,,,,,,,,,,,,,,,,,,,,,,,,,,,,,,,,,,,,,,,,,,,,,,,,,,,,,,,,,,,,,,,,21552,4759,0,0,6079,2194,0,421,1014,2952,73,140,879,215,453,539,1412,175,247,,,,,,,,,,,,,,,,251526,315243,5425,25999,807,18815,604453,592663,242905,309221,1927,21552,233,16825,11790,1887,9903,10340,2183,928,3201,1120,2908,1328,122,,,,,,,,,,21552,4759,6532,2194,1014,2952,1412,2689,,,,,
ACSSF,2010e1,dc,000,0015,0000009,604453,242905,309221,1927,21552,233,16825,11790,1887,9903,,,,,,,,,,,,,,,,,,,,,,,,,,,,,,,,,,,,,,,,,,,,,,,,,,,,,,,,,,,,,,,,,,,,,,,,,,,,,,,,,,,,,,,,,,,,,,,,,,,,,,,,,,,,,,,,,,,,,,21552,4759,0,0,6079,2194,0,421,1014,2952,73,140,879,215,453,539,1412,175,247,,,,,,,,,,,,,,,,251526,315243,5425,25999,807,18815,604453,592663,242905,309221,1927,21552,233,16825,11790,1887,9903,10340,2183,928,3201,1120,2908,1328,122,,,,,,,,,,21552,4759,6532,2194,1014,2952,1412,2689,,,,,
ACSSF,2010e1,dc,000,0015,0000010,109673,93725,5537,461,6737,62,568,2583,310,2273,,,,,,,,,,,,,,,,,,,,,,,,,,,,,,,,,,,,,,,,,,,,,,,,,,,,,,,,,,,,,,,,,,,,,,,,,,,,,,,,,,,,,,,,,,,,,,,,,,,,,,,,,,,,,,,,,,,,,,,,,,,,,,,,,,,,,,,,,,,,,,,,,,,,,,,,96107,6239,898,8072,,878,109673,107090,93725,5537,461,6737,62,568,2583,310,2273,2583,501,437,1335,0,310,0,0,,,,,,,,,,6737,1467,2464,82,219,1178,284,1043,,,,,
ACSSF,2010e1,dc,000,0015,0000011,117253,39424,64142,354,2390,44,8941,1958,324,1634,,,,,,,,,,,,,,,,,,,,,,,,,,,,,,,,,,,,,,,,,,,,,,,,,,,,,,,,,,,,,,,,,,,,,,,,,,,,,,,,,,,,,,,,,,,,,,,,,,,,,,,,,,,,,,,,,,,,,,,,,,,,,,,,,,,,,,,,,,,,,,,,,,,,,,,,40939,65169,1180,2806,,9319,117253,115295,39424,64142,354,2390,44,8941,1958,324,1634,1605,459,253,240,220,433,299,54,,,,,,,,,,2390,352,450,587,185,52,631,133,,,,,
ACSSF,2010e1,dc,000,0015,0000012,136022,42292,84268,713,2858,0,2724,3167,616,2551,,,,,,,,,,,,,,,,,,,,,,,,,,,,,,,,,,,,,,,,,,,,,,,,,,,,,,,,,,,,,,,,,,,,,,,,,,,,,,,,,,,,,,,,,,,,,,,,,,,,,,,,,,,,,,,,,,,,,,,,,,,,,,,,,,,,,,,,,,,,,,,,,,,,,,,,44571,86117,1962,3746,,3340,136022,132855,42292,84268,713,2858,0,2724,3167,616,2551,2620,481,238,700,464,737,547,0,,,,,,,,,,2858,203,996,538,0,618,336,167,,,,,
ACSSF,2010e1,dc,000,0015,0000013,125219,4298,119207,0,92,0,449,1173,202,971,,,,,,,,,,,,,,,,,,,,,,,,,,,,,,,,,,,,,,,,,,,,,,,,,,,,,,,,,,,,,,,,,,,,,,,,,,,,,,,,,,,,,,,,,,,,,,,,,,,,,,,,,,,,,,,,,,,,,,,,,,,,,,,,,,,,,,,,,,,,,,,,,,,,,,,,4863,120074,665,582,,651,,,,,,,,,,,,,,,,,,,,,,,,,,,,,,,,,,,,,,,,,
ACSSF,2010e1,dc,000,0015,0000014,116286,63166,36067,399,9475,127,4143,2909,435,2474,,,,,,,,,,,,,,,,,,,,,,,,,,,,,,,,,,,,,,,,,,,,,,,,,,,,,,,,,,,,,,,,,,,,,,,,,,,,,,,,,,,,,,,,,,,,,,,,,,,,,,,,,,,,,,,,,,,,,,,,,,,,,,,,,,,,,,,,,,,,,,,,,,,,,,,,65046,37644,720,10793,540,4627,116286,113377,63166,36067,399,9475,127,4143,2909,435,2474,2734,742,0,737,146,1109,175,0,,,,,,,,,,9475,2737,2622,987,610,1104,117,1298,,,,,
ACSSF,2010e1,dc,000,0015,0000015,604453,242905,309221,1927,21552,233,16825,11790,1887,9903,,,,,,,,,,,,,,,,,,,,,,,,,,,,,,,,,,,,,,,,,,,,,,,,,,,,,,,,,,,,,,,,,,,,,,,,,,,,,,,,,,,,,,,,,,,,,,,,,,,,,,,,,,,,,,,,,,,,,,21552,4759,0,0,6079,2194,0,421,1014,2952,73,140,879,215,453,539,1412,175,247,,,,,,,,,,,,,,,,251526,315243,5425,25999,807,18815,604453,592663,242905,309221,1927,21552,233,16825,11790,1887,9903,10340,2183,928,3201,1120,2908,1328,122,,,,,,,,,,21552,4759,6532,2194,1014,2952,1412,2689,,,,,
