ACSSF,2010e1,dc,000,0051,0000001,520355,297920,263406,34514,131641,98556,33085,14539,12139,2400,25918,23041,2877,50337,44375,5962,515434,293057,140959,96567,80677,15890,44392,152098,101608,87759,13849,50490,131641,68482,53822,49913,3909,14660,63159,43570,40764,2806,19589,14481,5784,3697,2925,772,2087,8697,5902,4786,1116,2795,25918,5020,1385,1011,374,3635,20898,3474,3297,177,17424,50337,20493,14040,12668,1372,6453,29844,20262,18159,2103,9582,31.1,30.4,,,,,,,,,,,,,,,,,,,520355,243152,143315,99837,6049,93788,277203,154605,122598,5507,117091,520355,243152,143315,99837,259,99578,277203,154605,122598,1451,121147,520355,243152,143315,99837,1819,98018,277203,154605,122598,2327,120271,12.5,12.2,11.7,9.9,18.8,12.8,11.3,10.3,21.6,520355,243152,143315,99837,80120,17385,2332,277203,154605,122598,102285,17609,2704
ACSSF,2010e1,dc,000,0051,0000002,520355,297920,263406,34514,131641,98556,33085,14539,12139,2400,25918,23041,2877,50337,44375,5962,515434,293057,140959,96567,80677,15890,44392,152098,101608,87759,13849,50490,131641,68482,53822,49913,3909,14660,63159,43570,40764,2806,19589,14481,5784,3697,2925,772,2087,8697,5902,4786,1116,2795,25918,5020,1385,1011,374,3635,20898,3474,3297,177,17424,50337,20493,14040,12668,1372,6453,29844,20262,18159,2103,9582,,,,,,,,,,,,,,,,,,,,,,,,,,,,,,,,,,,,,,,,,,,,,,,,,,,,,,,,,,,,,,,,,,,,,,,,,,,
ACSSF,2010e1,dc,000,0051,0000003,520355,297920,263406,34514,131641,98556,33085,14539,12139,2400,25918,23041,2877,50337,44375,5962,515434,293057,140959,96567,80677,15890,44392,152098,101608,87759,13849,50490,131641,68482,53822,49913,3909,14660,63159,43570,40764,2806,19589,14481,5784,3697,2925,772,2087,8697,5902,4786,1116,2795,25918,5020,1385,1011,374,3635,20898,3474,3297,177,17424,50337,20493,14040,12668,1372,6453,29844,20262,18159,2103,9582,,,,,,,,,,,,,,,,,,,,,,,,,,,,,,,,,,,,,,,,,,,,,,,,,,,,,,,,,,,,,,,,,,,,,,,,,,,
ACSSF,2010e1,dc,000,0051,0000004,520355,297920,263406,34514,131641,98556,33085,14539,12139,2400,25918,23041,2877,50337,44375,5962,515434,293057,140959,96567,80677,15890,44392,152098,101608,87759,13849,50490,131641,68482,53822,49913,3909,14660,63159,43570,40764,2806,19589,14481,5784,3697,2925,772,2087,8697,5902,4786,1116,2795,25918,5020,1385,1011,374,3635,20898,3474,3297,177,17424,50337,20493,14040,12668,1372,6453,29844,20262,18159,2103,9582,,,,,,,,,,,,,,,,,,,,,,,,,,,,,,,,,,,,,,,,,,,,,,,,,,,,,,,,,,,,,,,,,,,,,,,,,,,
ACSSF,2010e1,dc,000,0051,0000005,520355,297920,263406,34514,131641,98556,33085,14539,12139,2400,25918,23041,2877,50337,44375,5962,515434,293057,140959,96567,80677,15890,44392,152098,101608,87759,13849,50490,131641,68482,53822,49913,3909,14660,63159,43570,40764,2806,19589,14481,5784,3697,2925,772,2087,8697,5902,4786,1116,2795,25918,5020,1385,1011,374,3635,20898,3474,3297,177,17424,50337,20493,14040,12668,1372,6453,29844,20262,18159,2103,9582,,,,,,,,,,,,,,,,,,,,,,,,,,,,,,,,,,,,,,,,,,,,,,,,,,,,,,,,,,,,,,,,,,,,,,,,,,,
ACSSF,2010e1,dc,000,0051,0000006,520355,297920,263406,34514,131641,98556,33085,14539,12139,2400,25918,23041,2877,50337,44375,5962,515434,293057,140959,96567,80677,15890,44392,152098,101608,87759,13849,50490,131641,68482,53822,49913,3909,14660,63159,43570,40764,2806,19589,14481,5784,3697,2925,772,2087,8697,5902,4786,1116,2795,25918,5020,1385,1011,374,3635,20898,3474,3297,177,17424,50337,20493,14040,12668,1372,6453,29844,20262,18159,2103,9582,,,,,,,,,,,,,,,,,,,,,,,,,,,,,,,,,,,,,,,,,,,,,,,,,,,,,,,,,,,,,,,,,,,,,,,,,,,
ACSSF,2010e1,dc,000,0051,0000007,520355,297920,263406,34514,131641,98556,33085,14539,12139,2400,25918,23041,2877,50337,44375,5962,515434,293057,140959,96567,80677,15890,44392,152098,101608,87759,13849,50490,131641,68482,53822,49913,3909,14660,63159,43570,40764,2806,19589,14481,5784,3697,2925,772,2087,8697,5902,4786,1116,2795,25918,5020,1385,1011,374,3635,20898,3474,3297,177,17424,50337,20493,14040,12668,1372,6453,29844,20262,18159,2103,9582,,,,,,,,,,,,,,,,,,,,,,,,,,,,,,,,,,,,,,,,,,,,,,,,,,,,,,,,,,,,,,,,,,,,,,,,,,,
ACSSF,2010e1,dc,000,0051,0000008,520355,297920,263406,34514,131641,98556,33085,14539,12139,2400,25918,23041,2877,50337,44375,5962,515434,293057,140959,96567,80677,15890,44392,152098,101608,87759,13849,50490,131641,68482,53822,49913,3909,14660,63159,43570,40764,2806,19589,14481,5784,3697,2925,772,2087,8697,5902,4786,1116,2795,25918,5020,1385,1011,374,3635,20898,3474,3297,177,17424,50337,20493,14040,12668,1372,6453,29844,20262,18159,2103,9582,,,,,,,,,,,,,,,,,,,,,,,,,,,,,,,,,,,,,,,,,,,,,,,,,,,,,,,,,,,,,,,,,,,,,,,,,,,
ACSSF,2010e1,dc,000,0051,0000009,520355,297920,263406,34514,131641,98556,33085,14539,12139,2400,25918,23041,2877,50337,44375,5962,515434,293057,140959,96567,80677,15890,44392,152098,101608,87759,13849,50490,131641,68482,53822,49913,3909,14660,63159,43570,40764,2806,19589,14481,5784,3697,2925,772,2087,8697,5902,4786,1116,2795,25918,5020,1385,1011,374,3635,20898,3474,3297,177,17424,50337,20493,14040,12668,1372,6453,29844,20262,18159,2103,9582,,,,,,,,,,,,,,,,,,,,,,,,,,,,,,,,,,,,,,,,,,,,,,,,,,,,,,,,,,,,,,,,,,,,,,,,,,,
ACSSF,2010e1,dc,000,0051,0000010,97458,45810,39812,5998,39695,30119,9576,1754,923,831,3708,2847,861,6491,5096,1395,96883,45235,20234,11426,10797,629,8808,25001,13961,13518,443,11040,39695,19198,16086,15699,387,3112,20497,13058,12821,237,7439,1754,732,670,605,65,62,1022,936,671,265,86,3708,360,168,168,0,192,3348,586,586,0,2762,6491,2391,1772,1772,0,619,4100,2999,2726,273,1101,,,,,,,,,,,,,,,,,,,,,,,,,,,,,,,,,,,,,,,,,,,,,,,,,,,,,,,,,,,,,,,,,,,,,,,,,,,
ACSSF,2010e1,dc,000,0051,0000011,100088,55196,44926,10270,25806,15263,10543,2517,1946,571,5151,4181,970,11418,9129,2289,98802,53910,25573,19364,16345,3019,6209,28337,20507,18528,1979,7830,25806,14260,11529,10432,1097,2731,11546,9114,8087,1027,2432,2517,787,740,459,281,47,1730,1280,1054,226,450,5151,1143,342,181,161,801,4008,363,321,42,3645,11418,4753,3490,3063,427,1263,6665,4653,4230,423,2012,,,,,,,,,,,,,,,,,,,,,,,,,,,,,,,,,,,,,,,,,,,,,,,,,,,,,,,,,,,,,,,,,,,,,,,,,,,
ACSSF,2010e1,dc,000,0051,0000012,117160,64619,58312,6307,27485,23434,4051,3723,3166,557,7210,6797,413,14123,13223,900,116383,63900,34030,23160,18423,4737,10870,29870,21041,17768,3273,8829,27485,14818,12152,11266,886,2666,12667,8823,7773,1050,3844,3665,1878,1108,866,242,770,1787,1508,1195,313,279,7210,1446,250,250,0,1196,5764,1367,1328,39,4397,14123,6377,3487,2994,493,2890,7746,5000,4195,805,2746,,,,,,,,,,,,,,,,,,,,,,,,,,,,,,,,,,,,,,,,,,,,,,,,,,,,,,,,,,,,,,,,,,,,,,,,,,,
ACSSF,2010e1,dc,000,0051,0000013,97744,56753,55432,1321,17318,15812,1506,4597,4309,288,7326,7147,179,11750,11597,153,95938,54947,24648,15674,9857,5817,8974,30299,19012,13469,5543,11287,17318,8993,5146,4176,970,3847,8325,4562,4306,256,3763,4597,1642,601,417,184,1041,2955,1287,975,312,1668,7326,1659,487,340,147,1172,5667,924,828,96,4743,11750,4130,2974,2652,322,1156,7620,5252,4737,515,2368,,,,,,,,,,,,,,,,,,,,,,,,,,,,,,,,,,,,,,,,,,,,,,,,,,,,,,,,,,,,,,,,,,,,,,,,,,,
ACSSF,2010e1,dc,000,0051,0000014,107905,75542,64924,10618,21337,13928,7409,1948,1795,153,2523,2069,454,6555,5330,1225,107428,75065,36474,26943,25255,1688,9531,38591,27087,24476,2611,11504,21337,11213,8909,8340,569,2304,10124,8013,7777,236,2111,1948,745,578,578,0,167,1203,891,891,0,312,2523,412,138,72,66,274,2111,234,234,0,1877,6555,2842,2317,2187,130,525,3713,2358,2271,87,1355,,,,,,,,,,,,,,,,,,,,,,,,,,,,,,,,,,,,,,,,,,,,,,,,,,,,,,,,,,,,,,,,,,,,,,,,,,,
ACSSF,2010e1,dc,000,0051,0000015,520355,297920,263406,34514,131641,98556,33085,14539,12139,2400,25918,23041,2877,50337,44375,5962,515434,293057,140959,96567,80677,15890,44392,152098,101608,87759,13849,50490,131641,68482,53822,49913,3909,14660,63159,43570,40764,2806,19589,14481,5784,3697,2925,772,2087,8697,5902,4786,1116,2795,25918,5020,1385,1011,374,3635,20898,3474,3297,177,17424,50337,20493,14040,12668,1372,6453,29844,20262,18159,2103,9582,,,,,,,,,,,,,,,,,,,,,,,,,,,,,,,,,,,,,,,,,,,,,,,,,,,,,,,,,,,,,,,,,,,,,,,,,,,
