ACSSF,2009e1,dc,000,0051,0000001,504809,281355,253229,28126,131544,102394,29150,14771,13443,1328,27809,25370,2439,49330,42293,7037,498735,275414,130130,88863,76915,11948,41267,145284,98910,85281,13629,46374,131513,66797,53095,50212,2883,13702,64716,44231,42242,1989,20485,14717,7525,5063,4075,988,2462,7192,4398,4043,355,2794,27761,5922,1973,1458,515,3949,21839,4695,4559,136,17144,49330,19656,13405,11199,2206,6251,29674,18257,16226,2031,11417,31.5,29.6,,,,,,,,,,,,,,,,,,,504809,233036,133082,99954,4127,95827,271773,148273,123500,4582,118918,504809,233036,133082,99954,315,99639,271773,148273,123500,1896,121604,504809,233036,133082,99954,1460,98494,271773,148273,123500,2243,121257,12.6,13.2,12.6,10.5,23.9,12.0,11.7,9.8,18.5,504809,233036,133082,99954,80085,16501,3368,271773,148273,123500,103249,18327,1924
ACSSF,2009e1,dc,000,0051,0000002,504809,281355,253229,28126,131544,102394,29150,14771,13443,1328,27809,25370,2439,49330,42293,7037,498735,275414,130130,88863,76915,11948,41267,145284,98910,85281,13629,46374,131513,66797,53095,50212,2883,13702,64716,44231,42242,1989,20485,14717,7525,5063,4075,988,2462,7192,4398,4043,355,2794,27761,5922,1973,1458,515,3949,21839,4695,4559,136,17144,49330,19656,13405,11199,2206,6251,29674,18257,16226,2031,11417,,,,,,,,,,,,,,,,,,,,,,,,,,,,,,,,,,,,,,,,,,,,,,,,,,,,,,,,,,,,,,,,,,,,,,,,,,,
ACSSF,2009e1,dc,000,0051,0000003,504809,281355,253229,28126,131544,102394,29150,14771,13443,1328,27809,25370,2439,49330,42293,7037,498735,275414,130130,88863,76915,11948,41267,145284,98910,85281,13629,46374,131513,66797,53095,50212,2883,13702,64716,44231,42242,1989,20485,14717,7525,5063,4075,988,2462,7192,4398,4043,355,2794,27761,5922,1973,1458,515,3949,21839,4695,4559,136,17144,49330,19656,13405,11199,2206,6251,29674,18257,16226,2031,11417,,,,,,,,,,,,,,,,,,,,,,,,,,,,,,,,,,,,,,,,,,,,,,,,,,,,,,,,,,,,,,,,,,,,,,,,,,,
ACSSF,2009e1,dc,000,0051,0000004,504809,281355,253229,28126,131544,102394,29150,14771,13443,1328,27809,25370,2439,49330,42293,7037,498735,275414,130130,88863,76915,11948,41267,145284,98910,85281,13629,46374,131513,66797,53095,50212,2883,13702,64716,44231,42242,1989,20485,14717,7525,5063,4075,988,2462,7192,4398,4043,355,2794,27761,5922,1973,1458,515,3949,21839,4695,4559,136,17144,49330,19656,13405,11199,2206,6251,29674,18257,16226,2031,11417,,,,,,,,,,,,,,,,,,,,,,,,,,,,,,,,,,,,,,,,,,,,,,,,,,,,,,,,,,,,,,,,,,,,,,,,,,,
ACSSF,2009e1,dc,000,0051,0000005,504809,281355,253229,28126,131544,102394,29150,14771,13443,1328,27809,25370,2439,49330,42293,7037,498735,275414,130130,88863,76915,11948,41267,145284,98910,85281,13629,46374,131513,66797,53095,50212,2883,13702,64716,44231,42242,1989,20485,14717,7525,5063,4075,988,2462,7192,4398,4043,355,2794,27761,5922,1973,1458,515,3949,21839,4695,4559,136,17144,49330,19656,13405,11199,2206,6251,29674,18257,16226,2031,11417,,,,,,,,,,,,,,,,,,,,,,,,,,,,,,,,,,,,,,,,,,,,,,,,,,,,,,,,,,,,,,,,,,,,,,,,,,,
ACSSF,2009e1,dc,000,0051,0000006,504809,281355,253229,28126,131544,102394,29150,14771,13443,1328,27809,25370,2439,49330,42293,7037,498735,275414,130130,88863,76915,11948,41267,145284,98910,85281,13629,46374,131513,66797,53095,50212,2883,13702,64716,44231,42242,1989,20485,14717,7525,5063,4075,988,2462,7192,4398,4043,355,2794,27761,5922,1973,1458,515,3949,21839,4695,4559,136,17144,49330,19656,13405,11199,2206,6251,29674,18257,16226,2031,11417,,,,,,,,,,,,,,,,,,,,,,,,,,,,,,,,,,,,,,,,,,,,,,,,,,,,,,,,,,,,,,,,,,,,,,,,,,,
ACSSF,2009e1,dc,000,0051,0000007,504809,281355,253229,28126,131544,102394,29150,14771,13443,1328,27809,25370,2439,49330,42293,7037,498735,275414,130130,88863,76915,11948,41267,145284,98910,85281,13629,46374,131513,66797,53095,50212,2883,13702,64716,44231,42242,1989,20485,14717,7525,5063,4075,988,2462,7192,4398,4043,355,2794,27761,5922,1973,1458,515,3949,21839,4695,4559,136,17144,49330,19656,13405,11199,2206,6251,29674,18257,16226,2031,11417,,,,,,,,,,,,,,,,,,,,,,,,,,,,,,,,,,,,,,,,,,,,,,,,,,,,,,,,,,,,,,,,,,,,,,,,,,,
ACSSF,2009e1,dc,000,0051,0000008,504809,281355,253229,28126,131544,102394,29150,14771,13443,1328,27809,25370,2439,49330,42293,7037,498735,275414,130130,88863,76915,11948,41267,145284,98910,85281,13629,46374,131513,66797,53095,50212,2883,13702,64716,44231,42242,1989,20485,14717,7525,5063,4075,988,2462,7192,4398,4043,355,2794,27761,5922,1973,1458,515,3949,21839,4695,4559,136,17144,49330,19656,13405,11199,2206,6251,29674,18257,16226,2031,11417,,,,,,,,,,,,,,,,,,,,,,,,,,,,,,,,,,,,,,,,,,,,,,,,,,,,,,,,,,,,,,,,,,,,,,,,,,,
ACSSF,2009e1,dc,000,0051,0000009,504809,281355,253229,28126,131544,102394,29150,14771,13443,1328,27809,25370,2439,49330,42293,7037,498735,275414,130130,88863,76915,11948,41267,145284,98910,85281,13629,46374,131513,66797,53095,50212,2883,13702,64716,44231,42242,1989,20485,14717,7525,5063,4075,988,2462,7192,4398,4043,355,2794,27761,5922,1973,1458,515,3949,21839,4695,4559,136,17144,49330,19656,13405,11199,2206,6251,29674,18257,16226,2031,11417,,,,,,,,,,,,,,,,,,,,,,,,,,,,,,,,,,,,,,,,,,,,,,,,,,,,,,,,,,,,,,,,,,,,,,,,,,,
ACSSF,2009e1,dc,000,0051,0000010,91384,43191,38861,4330,35409,29059,6350,1141,879,262,3958,3361,597,7685,5936,1749,90356,42163,17237,10179,9969,210,7058,24926,14741,13687,1054,10185,35409,18265,14902,14604,298,3363,17144,10602,10357,245,6542,1141,300,287,287,0,13,841,760,760,0,81,3958,724,357,357,0,367,3234,495,495,0,2739,7685,2709,2157,1703,454,552,4976,3273,2981,292,1703,,,,,,,,,,,,,,,,,,,,,,,,,,,,,,,,,,,,,,,,,,,,,,,,,,,,,,,,,,,,,,,,,,,,,,,,,,,
ACSSF,2009e1,dc,000,0051,0000011,87835,43968,33696,10272,27483,17151,10332,2045,1788,257,5142,4341,801,9197,7333,1864,87366,43499,22399,16929,14493,2436,5470,21100,14973,13406,1567,6127,27483,14120,10838,9875,963,3282,13363,9695,9528,167,3668,2045,1191,581,457,124,610,854,463,421,42,391,5142,1606,438,438,0,1168,3536,659,659,0,2877,9197,3841,3049,2533,516,792,5356,3887,3820,67,1469,,,,,,,,,,,,,,,,,,,,,,,,,,,,,,,,,,,,,,,,,,,,,,,,,,,,,,,,,,,,,,,,,,,,,,,,,,,
ACSSF,2009e1,dc,000,0051,0000012,109330,58209,54943,3266,27530,23419,4111,4259,4080,179,7995,7533,462,11337,10593,744,108441,57374,26170,16602,13712,2890,9568,31204,23735,20262,3473,7469,27530,13706,11111,10810,301,2595,13824,9506,9449,57,4318,4205,2656,1902,1773,129,754,1549,1072,1072,0,477,7995,1310,417,244,173,893,6685,1146,1146,0,5539,11337,5593,3154,2399,755,2439,5744,2735,2590,145,3009,,,,,,,,,,,,,,,,,,,,,,,,,,,,,,,,,,,,,,,,,,,,,,,,,,,,,,,,,,,,,,,,,,,,,,,,,,,
ACSSF,2009e1,dc,000,0051,0000013,108444,67808,66196,1612,17399,16219,1180,4353,4299,54,7448,7448,0,11436,10951,485,105517,64960,28326,17062,12781,4281,11264,36634,22983,16674,6309,13651,17368,8508,5325,4794,531,3183,8860,5509,4726,783,3351,4353,1891,1300,611,689,591,2462,1266,1162,104,1196,7400,1662,509,167,342,1153,5738,1258,1166,92,4480,11436,3295,2029,1936,93,1266,8141,4058,3057,1001,4083,,,,,,,,,,,,,,,,,,,,,,,,,,,,,,,,,,,,,,,,,,,,,,,,,,,,,,,,,,,,,,,,,,,,,,,,,,,
ACSSF,2009e1,dc,000,0051,0000014,107816,68179,59533,8646,23723,16546,7177,2973,2397,576,3266,2687,579,9675,7480,2195,107055,67418,35998,28091,25960,2131,7907,31420,22478,21252,1226,8942,23723,12198,10919,10129,790,1279,11525,8919,8182,737,2606,2973,1487,993,947,46,494,1486,837,628,209,649,3266,620,252,252,0,368,2646,1137,1093,44,1509,9675,4218,3016,2628,388,1202,5457,4304,3778,526,1153,,,,,,,,,,,,,,,,,,,,,,,,,,,,,,,,,,,,,,,,,,,,,,,,,,,,,,,,,,,,,,,,,,,,,,,,,,,
ACSSF,2009e1,dc,000,0051,0000015,504809,281355,253229,28126,131544,102394,29150,14771,13443,1328,27809,25370,2439,49330,42293,7037,498735,275414,130130,88863,76915,11948,41267,145284,98910,85281,13629,46374,131513,66797,53095,50212,2883,13702,64716,44231,42242,1989,20485,14717,7525,5063,4075,988,2462,7192,4398,4043,355,2794,27761,5922,1973,1458,515,3949,21839,4695,4559,136,17144,49330,19656,13405,11199,2206,6251,29674,18257,16226,2031,11417,,,,,,,,,,,,,,,,,,,,,,,,,,,,,,,,,,,,,,,,,,,,,,,,,,,,,,,,,,,,,,,,,,,,,,,,,,,
