ACSSF,2013m1,dc,000,0023,0000001,,,,,,,,,,,,,,,,,,,,,,,,,,,,,,,,,,,,,,,,,,,,,,,,,,,,,,,,,,,,,,,,,,,,,,,,,,,,,,,,,,,,,,,,,,,,,,,,,0.2,0.5,0.9,.,0.7,1.6,,,,,,,1515,1103,1290,6417,3595,4640,5785,2928,4050,203,203,203,3601,2268,2366,2078,1379,1214,,,,,,,,,,,,,,,,,,,4702,6032,3647,203,3077,1838,3177,5410,3903,203,1924,666,,,,,,,1410,1716,933,203,617,701,,,,,,,4228,3967,1801,203,847,222,,,,,,,,,,,,,,,,,,,,,,,,,,,,,,,,,,,,,,,,,,,,,,,,,,,,,,,,,,,,
ACSSF,2013m1,dc,000,0023,0000002,,,,,,,,,,,,,,,,,,,,,,,,,,,,,,,,,,,,,,,,,,,,,,,,,,,,,,,,,,,,,,,,,,,,,,,,,,,,,,,,,,,,,,,,,,,,,,,,,0.2,0.5,0.9,.,0.7,1.6,,,,,,,1515,1103,1290,6417,3595,4640,5785,2928,4050,203,203,203,3601,2268,2366,2078,1379,1214,,,,,,,,,,,,,,,,,,,4702,6032,3647,203,3077,1838,3177,5410,3903,203,1924,666,,,,,,,1410,1716,933,203,617,701,,,,,,,4228,3967,1801,203,847,222,,,,,,,,,,,,,,,,,,,,,,,,,,,,,,,,,,,,,,,,,,,,,,,,,,,,,,,,,,,,
ACSSF,2013m1,dc,000,0023,0000003,,,,,,,,,,,,,,,,,,,,,,,,,,,,,,,,,,,,,,,,,,,,,,,,,,,,,,,,,,,,,,,,,,,,,,,,,,,,,,,,,,,,,,,,,,,,,,,,,0.2,0.5,0.9,.,0.7,1.6,,,,,,,1515,1103,1290,6417,3595,4640,5785,2928,4050,203,203,203,3601,2268,2366,2078,1379,1214,,,,,,,,,,,,,,,,,,,4702,6032,3647,203,3077,1838,3177,5410,3903,203,1924,666,,,,,,,1410,1716,933,203,617,701,,,,,,,4228,3967,1801,203,847,222,,,,,,,,,,,,,,,,,,,,,,,,,,,,,,,,,,,,,,,,,,,,,,,,,,,,,,,,,,,,
ACSSF,2013m1,dc,000,0023,0000004,,,,,,,,,,,,,,,,,,,,,,,,,,,,,,,,,,,,,,,,,,,,,,,,,,,,,,,,,,,,,,,,,,,,,,,,,,,,,,,,,,,,,,,,,,,,,,,,,0.2,0.5,0.9,.,0.7,1.6,,,,,,,1515,1103,1290,6417,3595,4640,5785,2928,4050,203,203,203,3601,2268,2366,2078,1379,1214,,,,,,,,,,,,,,,,,,,4702,6032,3647,203,3077,1838,3177,5410,3903,203,1924,666,,,,,,,1410,1716,933,203,617,701,,,,,,,4228,3967,1801,203,847,222,,,,,,,,,,,,,,,,,,,,,,,,,,,,,,,,,,,,,,,,,,,,,,,,,,,,,,,,,,,,
ACSSF,2013m1,dc,000,0023,0000005,,,,,,,,,,,,,,,,,,,,,,,,,,,,,,,,,,,,,,,,,,,,,,,,,,,,,,,,,,,,,,,,,,,,,,,,,,,,,,,,,,,,,,,,,,,,,,,,,0.2,0.5,0.9,.,0.7,1.6,,,,,,,1515,1103,1290,6417,3595,4640,5785,2928,4050,203,203,203,3601,2268,2366,2078,1379,1214,,,,,,,,,,,,,,,,,,,4702,6032,3647,203,3077,1838,3177,5410,3903,203,1924,666,,,,,,,1410,1716,933,203,617,701,,,,,,,4228,3967,1801,203,847,222,,,,,,,,,,,,,,,,,,,,,,,,,,,,,,,,,,,,,,,,,,,,,,,,,,,,,,,,,,,,
ACSSF,2013m1,dc,000,0023,0000006,,,,,,,,,,,,,,,,,,,,,,,,,,,,,,,,,,,,,,,,,,,,,,,,,,,,,,,,,,,,,,,,,,,,,,,,,,,,,,,,,,,,,,,,,,,,,,,,,0.2,0.5,0.9,.,0.7,1.6,,,,,,,1515,1103,1290,6417,3595,4640,5785,2928,4050,203,203,203,3601,2268,2366,2078,1379,1214,,,,,,,,,,,,,,,,,,,4702,6032,3647,203,3077,1838,3177,5410,3903,203,1924,666,,,,,,,1410,1716,933,203,617,701,,,,,,,4228,3967,1801,203,847,222,,,,,,,,,,,,,,,,,,,,,,,,,,,,,,,,,,,,,,,,,,,,,,,,,,,,,,,,,,,,
ACSSF,2013m1,dc,000,0023,0000007,,,,,,,,,,,,,,,,,,,,,,,,,,,,,,,,,,,,,,,,,,,,,,,,,,,,,,,,,,,,,,,,,,,,,,,,,,,,,,,,,,,,,,,,,,,,,,,,,0.2,0.5,0.9,.,0.7,1.6,,,,,,,1515,1103,1290,6417,3595,4640,5785,2928,4050,203,203,203,3601,2268,2366,2078,1379,1214,,,,,,,,,,,,,,,,,,,4702,6032,3647,203,3077,1838,3177,5410,3903,203,1924,666,,,,,,,1410,1716,933,203,617,701,,,,,,,4228,3967,1801,203,847,222,,,,,,,,,,,,,,,,,,,,,,,,,,,,,,,,,,,,,,,,,,,,,,,,,,,,,,,,,,,,
ACSSF,2013m1,dc,000,0023,0000008,,,,,,,,,,,,,,,,,,,,,,,,,,,,,,,,,,,,,,,,,,,,,,,,,,,,,,,,,,,,,,,,,,,,,,,,,,,,,,,,,,,,,,,,,,,,,,,,,0.2,0.5,0.9,.,0.7,1.6,,,,,,,1515,1103,1290,6417,3595,4640,5785,2928,4050,203,203,203,3601,2268,2366,2078,1379,1214,,,,,,,,,,,,,,,,,,,4702,6032,3647,203,3077,1838,3177,5410,3903,203,1924,666,,,,,,,1410,1716,933,203,617,701,,,,,,,4228,3967,1801,203,847,222,,,,,,,,,,,,,,,,,,,,,,,,,,,,,,,,,,,,,,,,,,,,,,,,,,,,,,,,,,,,
ACSSF,2013m1,dc,000,0023,0000009,,,,,,,,,,,,,,,,,,,,,,,,,,,,,,,,,,,,,,,,,,,,,,,,,,,,,,,,,,,,,,,,,,,,,,,,,,,,,,,,,,,,,,,,,,,,,,,,,0.2,0.5,0.9,.,0.7,1.6,,,,,,,1515,1103,1290,6417,3595,4640,5785,2928,4050,203,203,203,3601,2268,2366,2078,1379,1214,,,,,,,,,,,,,,,,,,,4702,6032,3647,203,3077,1838,3177,5410,3903,203,1924,666,,,,,,,1410,1716,933,203,617,701,,,,,,,4228,3967,1801,203,847,222,,,,,,,,,,,,,,,,,,,,,,,,,,,,,,,,,,,,,,,,,,,,,,,,,,,,,,,,,,,,
ACSSF,2013m1,dc,000,0023,0000010,,,,,,,,,,,,,,,,,,,,,,,,,,,,,,,,,,,,,,,,,,,,,,,,,,,,,,,,,,,,,,,,,,,,,,,,,,,,,,,,,,,,,,,,,,,,,,,,,1.7,2.3,3.6,.,2.8,1.9,,,,,,,4249,3432,3036,4438,3044,2755,3213,2180,1542,203,203,203,1927,1228,1378,1284,697,903,,,,,,,,,,,,,,,,,,,3930,3567,2637,203,1767,1208,2089,1745,778,203,481,354,,,,,,,1312,1101,788,203,397,546,,,,,,,,,,,,,,,,,,,,,,,,,,,,,,,,,,,,,,,,,,,,,,,,,,,,,,,,,,,,,,,,,,,,,,,,
ACSSF,2013m1,dc,000,0023,0000011,,,,,,,,,,,,,,,,,,,,,,,,,,,,,,,,,,,,,,,,,,,,,,,,,,,,,,,,,,,,,,,,,,,,,,,,,,,,,,,,,,,,,,,,,,,,,,,,,1.3,2.6,1.8,.,2.6,4.2,,,,,,,7252,4051,4485,6871,3824,4299,2006,1261,1274,203,203,203,1632,1347,817,778,573,543,,,,,,,,,,,,,,,,,,,4589,4379,1049,203,1208,682,5452,5058,1574,203,815,406,,,,,,,,,,,,,,,,,,,,,,,,,,,,,,,,,,,,,,,,,,,,,,,,,,,,,,,,,,,,,,,,,,,,,,,,,,,,,,,,,,,,
ACSSF,2013m1,dc,000,0023,0000012,,,,,,,,,,,,,,,,,,,,,,,,,,,,,,,,,,,,,,,,,,,,,,,,,,,,,,,,,,,,,,,,,,,,,,,,,,,,,,,,,,,,,,,,,,,,,,,,,1.6,2.1,3.4,.,1.2,6.3,,,,,,,5274,3240,3556,4740,3081,3108,2853,1451,2066,203,203,203,1669,950,1099,550,228,529,,,,,,,,,,,,,,,,,,,3528,3213,1335,203,1053,559,5108,4591,2409,203,1321,148,,,,,,,,,,,,,,,,,,,,,,,,,,,,,,,,,,,,,,,,,,,,,,,,,,,,,,,,,,,,,,,,,,,,,,,,,,,,,,,,,,,,
ACSSF,2013m1,dc,000,0023,0000013,,,,,,,,,,,,,,,,,,,,,,,,,,,,,,,,,,,,,,,,,,,,,,,,,,,,,,,,,,,,,,,,,,,,,,,,,,,,,,,,,,,,,,,,,,,,,,,,,1.5,1.7,5.3,.,6.3,43.0,,,,,,,7404,3679,4870,7606,3847,4969,2856,1521,1693,203,203,203,1220,584,973,235,99,190,,,,,,,,,,,,,,,,,,,,,,,,,7302,7568,2698,203,1103,235,,,,,,,,,,,,,,,,,,,,,,,,,,,,,,,,,,,,,,,,,,,,,,,,,,,,,,,,,,,,,,,,,,,,,,,,,,,,,,,,,,,,
ACSSF,2013m1,dc,000,0023,0000014,,,,,,,,,,,,,,,,,,,,,,,,,,,,,,,,,,,,,,,,,,,,,,,,,,,,,,,,,,,,,,,,,,,,,,,,,,,,,,,,,,,,,,,,,,,,,,,,,0.7,1.1,1.6,.,1.4,4.2,,,,,,,7204,4684,4081,6335,3961,3883,3068,1973,1832,203,203,203,2357,1409,1715,1263,960,573,,,,,,,,,,,,,,,,,,,4820,4376,2105,203,1864,989,4978,4849,1794,203,1129,216,,,,,,,1724,1525,680,203,412,369,,,,,,,,,,,,,,,,,,,,,,,,,,,,,,,,,,,,,,,,,,,,,,,,,,,,,,,,,,,,,,,,,,,,,,,,
ACSSF,2013m1,dc,000,0023,0000015,,,,,,,,,,,,,,,,,,,,,,,,,,,,,,,,,,,,,,,,,,,,,,,,,,,,,,,,,,,,,,,,,,,,,,,,,,,,,,,,,,,,,,,,,,,,,,,,,0.2,0.5,0.9,.,0.7,1.6,,,,,,,1515,1103,1290,6417,3595,4640,5785,2928,4050,203,203,203,3601,2268,2366,2078,1379,1214,,,,,,,,,,,,,,,,,,,4702,6032,3647,203,3077,1838,3177,5410,3903,203,1924,666,,,,,,,1410,1716,933,203,617,701,,,,,,,4228,3967,1801,203,847,222,,,,,,,,,,,,,,,,,,,,,,,,,,,,,,,,,,,,,,,,,,,,,,,,,,,,,,,,,,,,
