ACSSF,2013m1,dc,000,0099,0000001,3228,2327,1500,1981,3443,2255,3235,3228,2327,2015,718,1962,674,1897,196,2099,789,1191,354,1121,1672,3443,2448,2181,1795,1071,1610,301,3966,2476,1906,1227,1358,4215,3228,2327,2110,1963,3443,2239,3536,3161,890,3068,3540,2151,3812,,,,1155,258,1135,,,,1643,572,1691,1542,241,1542,2547,477,2637,1594,1029,1828,4214,2160,1019,577,791,579,581,152,328,270,235,1994,722,539,509,285,120,1935,1465,1297,800,244,3691,3070,987,1563,2683,2553,595,913,894,158,2262,1531,332,1257,963,318,1915,799,1830,1124,570,3383,1911,3252,3228,2327,1987,1970,3443,2485,4010,3228,2327,3443
ACSSF,2013m1,dc,000,0099,0000002,3228,2327,1500,1981,3443,2255,3235,3228,2327,2015,718,1962,674,1897,196,2099,789,1191,354,1121,1672,3443,2448,2181,1795,1071,1610,301,3966,2476,1906,1227,1358,4215,3228,2327,2110,1963,3443,2239,3536,3161,890,3068,3540,2151,3812,,,,1155,258,1135,,,,1643,572,1691,1542,241,1542,2547,477,2637,1594,1029,1828,4214,2160,1019,577,791,579,581,152,328,270,235,1994,722,539,509,285,120,1935,1465,1297,800,244,3691,3070,987,1563,2683,2553,595,913,894,158,2262,1531,332,1257,963,318,1915,799,1830,1124,570,3383,1911,3252,3228,2327,1987,1970,3443,2485,4010,3228,2327,3443
ACSSF,2013m1,dc,000,0099,0000003,3228,2327,1500,1981,3443,2255,3235,3228,2327,2015,718,1962,674,1897,196,2099,789,1191,354,1121,1672,3443,2448,2181,1795,1071,1610,301,3966,2476,1906,1227,1358,4215,3228,2327,2110,1963,3443,2239,3536,3161,890,3068,3540,2151,3812,,,,1155,258,1135,,,,1643,572,1691,1542,241,1542,2547,477,2637,1594,1029,1828,4214,2160,1019,577,791,579,581,152,328,270,235,1994,722,539,509,285,120,1935,1465,1297,800,244,3691,3070,987,1563,2683,2553,595,913,894,158,2262,1531,332,1257,963,318,1915,799,1830,1124,570,3383,1911,3252,3228,2327,1987,1970,3443,2485,4010,3228,2327,3443
ACSSF,2013m1,dc,000,0099,0000004,3228,2327,1500,1981,3443,2255,3235,3228,2327,2015,718,1962,674,1897,196,2099,789,1191,354,1121,1672,3443,2448,2181,1795,1071,1610,301,3966,2476,1906,1227,1358,4215,3228,2327,2110,1963,3443,2239,3536,3161,890,3068,3540,2151,3812,,,,1155,258,1135,,,,1643,572,1691,1542,241,1542,2547,477,2637,1594,1029,1828,4214,2160,1019,577,791,579,581,152,328,270,235,1994,722,539,509,285,120,1935,1465,1297,800,244,3691,3070,987,1563,2683,2553,595,913,894,158,2262,1531,332,1257,963,318,1915,799,1830,1124,570,3383,1911,3252,3228,2327,1987,1970,3443,2485,4010,3228,2327,3443
ACSSF,2013m1,dc,000,0099,0000005,3228,2327,1500,1981,3443,2255,3235,3228,2327,2015,718,1962,674,1897,196,2099,789,1191,354,1121,1672,3443,2448,2181,1795,1071,1610,301,3966,2476,1906,1227,1358,4215,3228,2327,2110,1963,3443,2239,3536,3161,890,3068,3540,2151,3812,,,,1155,258,1135,,,,1643,572,1691,1542,241,1542,2547,477,2637,1594,1029,1828,4214,2160,1019,577,791,579,581,152,328,270,235,1994,722,539,509,285,120,1935,1465,1297,800,244,3691,3070,987,1563,2683,2553,595,913,894,158,2262,1531,332,1257,963,318,1915,799,1830,1124,570,3383,1911,3252,3228,2327,1987,1970,3443,2485,4010,3228,2327,3443
ACSSF,2013m1,dc,000,0099,0000006,3228,2327,1500,1981,3443,2255,3235,3228,2327,2015,718,1962,674,1897,196,2099,789,1191,354,1121,1672,3443,2448,2181,1795,1071,1610,301,3966,2476,1906,1227,1358,4215,3228,2327,2110,1963,3443,2239,3536,3161,890,3068,3540,2151,3812,,,,1155,258,1135,,,,1643,572,1691,1542,241,1542,2547,477,2637,1594,1029,1828,4214,2160,1019,577,791,579,581,152,328,270,235,1994,722,539,509,285,120,1935,1465,1297,800,244,3691,3070,987,1563,2683,2553,595,913,894,158,2262,1531,332,1257,963,318,1915,799,1830,1124,570,3383,1911,3252,3228,2327,1987,1970,3443,2485,4010,3228,2327,3443
ACSSF,2013m1,dc,000,0099,0000007,3228,2327,1500,1981,3443,2255,3235,3228,2327,2015,718,1962,674,1897,196,2099,789,1191,354,1121,1672,3443,2448,2181,1795,1071,1610,301,3966,2476,1906,1227,1358,4215,3228,2327,2110,1963,3443,2239,3536,3161,890,3068,3540,2151,3812,,,,1155,258,1135,,,,1643,572,1691,1542,241,1542,2547,477,2637,1594,1029,1828,4214,2160,1019,577,791,579,581,152,328,270,235,1994,722,539,509,285,120,1935,1465,1297,800,244,3691,3070,987,1563,2683,2553,595,913,894,158,2262,1531,332,1257,963,318,1915,799,1830,1124,570,3383,1911,3252,3228,2327,1987,1970,3443,2485,4010,3228,2327,3443
ACSSF,2013m1,dc,000,0099,0000008,3228,2327,1500,1981,3443,2255,3235,3228,2327,2015,718,1962,674,1897,196,2099,789,1191,354,1121,1672,3443,2448,2181,1795,1071,1610,301,3966,2476,1906,1227,1358,4215,3228,2327,2110,1963,3443,2239,3536,3161,890,3068,3540,2151,3812,,,,1155,258,1135,,,,1643,572,1691,1542,241,1542,2547,477,2637,1594,1029,1828,4214,2160,1019,577,791,579,581,152,328,270,235,1994,722,539,509,285,120,1935,1465,1297,800,244,3691,3070,987,1563,2683,2553,595,913,894,158,2262,1531,332,1257,963,318,1915,799,1830,1124,570,3383,1911,3252,3228,2327,1987,1970,3443,2485,4010,3228,2327,3443
ACSSF,2013m1,dc,000,0099,0000009,3228,2327,1500,1981,3443,2255,3235,3228,2327,2015,718,1962,674,1897,196,2099,789,1191,354,1121,1672,3443,2448,2181,1795,1071,1610,301,3966,2476,1906,1227,1358,4215,3228,2327,2110,1963,3443,2239,3536,3161,890,3068,3540,2151,3812,,,,1155,258,1135,,,,1643,572,1691,1542,241,1542,2547,477,2637,1594,1029,1828,4214,2160,1019,577,791,579,581,152,328,270,235,1994,722,539,509,285,120,1935,1465,1297,800,244,3691,3070,987,1563,2683,2553,595,913,894,158,2262,1531,332,1257,963,318,1915,799,1830,1124,570,3383,1911,3252,3228,2327,1987,1970,3443,2485,4010,3228,2327,3443
ACSSF,2013m1,dc,000,0099,0000010,1928,334,165,296,1874,1268,1834,,,,,,,,,,,,,,,,,,,,,,,,,,,,1928,334,244,239,1874,824,1966,1876,304,1895,,,,,,,897,203,897,,,,,,,623,150,604,1684,304,1726,1091,203,1091,,,,,,,,,,,,,,,,,,,,,,,,,,,,,,,,,,,,,,,,,,,,10652,30393,10370,1928,334,139,301,1874,1045,2150,1928,334,1874
ACSSF,2013m1,dc,000,0099,0000011,2282,1162,720,916,2247,1476,2050,2282,1162,834,609,545,224,509,69,792,237,279,206,193,687,2247,1431,1198,906,539,729,226,2429,913,1079,956,706,1985,2282,1162,824,847,2247,1007,2461,1665,584,1587,1988,846,1990,,,,474,214,454,,,,1036,444,971,,,,1160,188,1164,1172,703,1206,1927,931,622,147,477,491,487,78,235,203,235,606,304,179,184,124,88,521,234,413,332,203,1649,1339,446,759,1089,1072,312,559,547,84,1363,1110,273,656,837,308,985,179,870,599,203,4446,8558,6443,2282,1162,638,1039,2247,1054,2355,2282,1162,2247
ACSSF,2013m1,dc,000,0099,0000012,2131,1130,630,1016,2160,1080,1821,2131,1130,865,274,792,374,686,203,911,376,461,190,403,789,2160,1057,919,656,379,534,99,2214,1005,824,311,735,1973,2131,1130,1002,651,2160,753,2114,1449,198,1468,1779,1124,1595,,,,,,,,,,464,334,342,,,,1392,198,1408,981,357,811,1756,927,475,103,378,230,206,99,104,104,203,826,427,297,312,203,203,722,629,333,322,176,1542,1237,323,750,1020,959,208,385,351,98,1008,489,203,448,165,203,907,200,660,547,266,4308,3704,6808,2131,1130,916,863,2160,1039,2051,2131,1130,2160
ACSSF,2013m1,dc,000,0099,0000013,2523,1799,945,1482,2055,1343,1990,2523,1799,1691,291,1662,555,1563,181,1631,373,1073,250,974,1030,2055,1298,754,1193,542,1088,103,2021,845,932,479,889,1554,2523,1799,1615,1712,2055,1079,2049,576,249,518,2436,1752,2049,,,,,,,,,,,,,,,,382,127,356,586,390,439,2121,1626,436,205,324,126,95,86,254,254,203,1612,596,433,325,259,82,1527,1156,1156,625,172,1518,1081,581,704,674,638,181,266,266,203,1390,676,193,575,340,93,1319,446,1198,632,419,2847,2779,4880,2523,1799,1332,1338,2055,1259,1956,2523,1799,2055
ACSSF,2013m1,dc,000,0099,0000014,3009,1016,769,841,2849,1817,2586,3009,1016,724,183,722,115,719,203,826,516,310,203,310,649,2849,1126,765,990,651,766,49,2894,1580,745,264,707,2847,3009,1016,792,737,2849,1351,2836,2436,605,2381,1984,948,1883,,,,914,185,907,,,,,,,1008,202,1041,2457,275,2472,1421,551,1396,,,,,,,,,,,,,,,,,,,,,,,,,,,,,,,,,,,,,,,,,,,,4813,3302,4141,3009,1016,782,837,2849,1248,2693,3009,1016,2849
ACSSF,2013m1,dc,000,0099,0000015,3228,2327,1500,1981,3443,2255,3235,3228,2327,2015,718,1962,674,1897,196,2099,789,1191,354,1121,1672,3443,2448,2181,1795,1071,1610,301,3966,2476,1906,1227,1358,4215,3228,2327,2110,1963,3443,2239,3536,3161,890,3068,3540,2151,3812,,,,1155,258,1135,,,,1643,572,1691,1542,241,1542,2547,477,2637,1594,1029,1828,4214,2160,1019,577,791,579,581,152,328,270,235,1994,722,539,509,285,120,1935,1465,1297,800,244,3691,3070,987,1563,2683,2553,595,913,894,158,2262,1531,332,1257,963,318,1915,799,1830,1124,570,3383,1911,3252,3228,2327,1987,1970,3443,2485,4010,3228,2327,3443
