ACSSF,2013m1,dc,000,0121,0000001,4763,282,1701,1205,819,1802,1602,1740,2117,3891,4465,3004,2281,3545,5209,174,859,1021,308,850,699,1542,1570,3608,3317,1453,1810,3147,3994,203,319,105,214,442,249,184,507,1417,2036,2719,1128,990,4056,203,226,463,395,1711,808,834,1168,1599,1579,947,953,1302,1896,164,1588,203,50,77,276,63,230,324,276,312,643,308,1788,203,210,403,312,488,1160,246,75,576,490,425,641,341
ACSSF,2013m1,dc,000,0121,0000002,4763,282,1701,1205,819,1802,1602,1740,2117,3891,4465,3004,2281,3545,5209,174,859,1021,308,850,699,1542,1570,3608,3317,1453,1810,3147,3994,203,319,105,214,442,249,184,507,1417,2036,2719,1128,990,4056,203,226,463,395,1711,808,834,1168,1599,1579,947,953,1302,1896,164,1588,203,50,77,276,63,230,324,276,312,643,308,1788,203,210,403,312,488,1160,246,75,576,490,425,641,341
ACSSF,2013m1,dc,000,0121,0000003,4763,282,1701,1205,819,1802,1602,1740,2117,3891,4465,3004,2281,3545,5209,174,859,1021,308,850,699,1542,1570,3608,3317,1453,1810,3147,3994,203,319,105,214,442,249,184,507,1417,2036,2719,1128,990,4056,203,226,463,395,1711,808,834,1168,1599,1579,947,953,1302,1896,164,1588,203,50,77,276,63,230,324,276,312,643,308,1788,203,210,403,312,488,1160,246,75,576,490,425,641,341
ACSSF,2013m1,dc,000,0121,0000004,4763,282,1701,1205,819,1802,1602,1740,2117,3891,4465,3004,2281,3545,5209,174,859,1021,308,850,699,1542,1570,3608,3317,1453,1810,3147,3994,203,319,105,214,442,249,184,507,1417,2036,2719,1128,990,4056,203,226,463,395,1711,808,834,1168,1599,1579,947,953,1302,1896,164,1588,203,50,77,276,63,230,324,276,312,643,308,1788,203,210,403,312,488,1160,246,75,576,490,425,641,341
ACSSF,2013m1,dc,000,0121,0000005,4763,282,1701,1205,819,1802,1602,1740,2117,3891,4465,3004,2281,3545,5209,174,859,1021,308,850,699,1542,1570,3608,3317,1453,1810,3147,3994,203,319,105,214,442,249,184,507,1417,2036,2719,1128,990,4056,203,226,463,395,1711,808,834,1168,1599,1579,947,953,1302,1896,164,1588,203,50,77,276,63,230,324,276,312,643,308,1788,203,210,403,312,488,1160,246,75,576,490,425,641,341
ACSSF,2013m1,dc,000,0121,0000006,4763,282,1701,1205,819,1802,1602,1740,2117,3891,4465,3004,2281,3545,5209,174,859,1021,308,850,699,1542,1570,3608,3317,1453,1810,3147,3994,203,319,105,214,442,249,184,507,1417,2036,2719,1128,990,4056,203,226,463,395,1711,808,834,1168,1599,1579,947,953,1302,1896,164,1588,203,50,77,276,63,230,324,276,312,643,308,1788,203,210,403,312,488,1160,246,75,576,490,425,641,341
ACSSF,2013m1,dc,000,0121,0000007,4763,282,1701,1205,819,1802,1602,1740,2117,3891,4465,3004,2281,3545,5209,174,859,1021,308,850,699,1542,1570,3608,3317,1453,1810,3147,3994,203,319,105,214,442,249,184,507,1417,2036,2719,1128,990,4056,203,226,463,395,1711,808,834,1168,1599,1579,947,953,1302,1896,164,1588,203,50,77,276,63,230,324,276,312,643,308,1788,203,210,403,312,488,1160,246,75,576,490,425,641,341
ACSSF,2013m1,dc,000,0121,0000008,4763,282,1701,1205,819,1802,1602,1740,2117,3891,4465,3004,2281,3545,5209,174,859,1021,308,850,699,1542,1570,3608,3317,1453,1810,3147,3994,203,319,105,214,442,249,184,507,1417,2036,2719,1128,990,4056,203,226,463,395,1711,808,834,1168,1599,1579,947,953,1302,1896,164,1588,203,50,77,276,63,230,324,276,312,643,308,1788,203,210,403,312,488,1160,246,75,576,490,425,641,341
ACSSF,2013m1,dc,000,0121,0000009,4763,282,1701,1205,819,1802,1602,1740,2117,3891,4465,3004,2281,3545,5209,174,859,1021,308,850,699,1542,1570,3608,3317,1453,1810,3147,3994,203,319,105,214,442,249,184,507,1417,2036,2719,1128,990,4056,203,226,463,395,1711,808,834,1168,1599,1579,947,953,1302,1896,164,1588,203,50,77,276,63,230,324,276,312,643,308,1788,203,210,403,312,488,1160,246,75,576,490,425,641,341
ACSSF,2013m1,dc,000,0121,0000010,,,,,,,,,,,,,,,,,,,,,,,,,,,,,,,,,,,,,,,,,,,,,,,,,,,,,,,,,,,,,,,,,,,,,,,,,,,,,,,,,,,,
ACSSF,2013m1,dc,000,0121,0000011,,,,,,,,,,,,,,,,,,,,,,,,,,,,,,,,,,,,,,,,,,,,,,,,,,,,,,,,,,,,,,,,,,,,,,,,,,,,,,,,,,,,
ACSSF,2013m1,dc,000,0121,0000012,3931,53,681,450,286,786,748,685,784,1533,1571,1011,862,1576,2967,53,469,274,115,201,302,554,653,1301,1191,732,772,1477,1481,203,203,203,203,135,85,203,284,505,716,789,329,322,1613,203,107,337,197,687,453,386,364,476,746,167,247,441,761,203,650,203,203,203,212,203,203,203,203,203,214,274,653,203,46,160,147,281,309,77,203,257,18,168,221,115
ACSSF,2013m1,dc,000,0121,0000013,3450,164,868,196,131,1205,962,516,561,1251,1508,1065,965,1255,1681,203,277,166,203,191,76,185,335,608,1091,282,303,766,1856,203,203,105,203,143,218,203,297,926,1086,789,641,552,2098,203,203,133,203,1187,573,483,286,673,814,654,363,685,940,164,749,203,203,77,57,203,138,151,133,297,186,119,1086,203,228,203,131,209,596,194,203,308,154,274,469,277
ACSSF,2013m1,dc,000,0121,0000014,,,,,,,,,,,,,,,,,,,,,,,,,,,,,,,,,,,,,,,,,,,,,,,,,,,,,,,,,,,,,,,,,,,,,,,,,,,,,,,,,,,,
ACSSF,2013m1,dc,000,0121,0000015,4763,282,1701,1205,819,1802,1602,1740,2117,3891,4465,3004,2281,3545,5209,174,859,1021,308,850,699,1542,1570,3608,3317,1453,1810,3147,3994,203,319,105,214,442,249,184,507,1417,2036,2719,1128,990,4056,203,226,463,395,1711,808,834,1168,1599,1579,947,953,1302,1896,164,1588,203,50,77,276,63,230,324,276,312,643,308,1788,203,210,403,312,488,1160,246,75,576,490,425,641,341
