ACSSF,2013m1,dc,000,0021,0000001,307,3894,3895,4162,2959,2991,3518,4152,3983,2626,4982,5922,2866,5723,3347,1693,1909,1745,2503,1792,965,1846,6552,2535,6483,3332,1773,1672,2044,3089,2872,2305,4130,1734,679,1558,552,628,538,466,566,626,233,895,5060,2130,4382,2001,1223,1694,1719,1566,1268,939,2405,,,,,,,,,,,,,,,,,,,,,,,,,,,,,,,,,,,,,,,,,,,,,,,,,,,,,,,,711,2077,1276,10808,1982,,,,,,780,7400,6117,9096,6190,5732,3839,7170,6432,3442,2164,6625,2108,702,573,1911,5238,2407,2727,4779,,,,,,,,,,,,,,,,,,,,,,,,,,,,,,,,,,,,,,,,,,,,,,,,,,,,,,,,,,,,,,,,,,,
ACSSF,2013m1,dc,000,0021,0000002,307,3894,3895,4162,2959,2991,3518,4152,3983,2626,4982,5922,2866,5723,3347,1693,1909,1745,2503,1792,965,1846,6552,2535,6483,3332,1773,1672,2044,3089,2872,2305,4130,1734,679,1558,552,628,538,466,566,626,233,895,5060,2130,4382,2001,1223,1694,1719,1566,1268,939,2405,,,,,,,,,,,,,,,,,,,,,,,,,,,,,,,,,,,,,,,,,,,,,,,,,,,,,,,,711,2077,1276,10808,1982,,,,,,780,7400,6117,9096,6190,5732,3839,7170,6432,3442,2164,6625,2108,702,573,1911,5238,2407,2727,4779,,,,,,,,,,,,,,,,,,,,,,,,,,,,,,,,,,,,,,,,,,,,,,,,,,,,,,,,,,,,,,,,,,,
ACSSF,2013m1,dc,000,0021,0000003,307,3894,3895,4162,2959,2991,3518,4152,3983,2626,4982,5922,2866,5723,3347,1693,1909,1745,2503,1792,965,1846,6552,2535,6483,3332,1773,1672,2044,3089,2872,2305,4130,1734,679,1558,552,628,538,466,566,626,233,895,5060,2130,4382,2001,1223,1694,1719,1566,1268,939,2405,,,,,,,,,,,,,,,,,,,,,,,,,,,,,,,,,,,,,,,,,,,,,,,,,,,,,,,,711,2077,1276,10808,1982,,,,,,780,7400,6117,9096,6190,5732,3839,7170,6432,3442,2164,6625,2108,702,573,1911,5238,2407,2727,4779,,,,,,,,,,,,,,,,,,,,,,,,,,,,,,,,,,,,,,,,,,,,,,,,,,,,,,,,,,,,,,,,,,,
ACSSF,2013m1,dc,000,0021,0000004,307,3894,3895,4162,2959,2991,3518,4152,3983,2626,4982,5922,2866,5723,3347,1693,1909,1745,2503,1792,965,1846,6552,2535,6483,3332,1773,1672,2044,3089,2872,2305,4130,1734,679,1558,552,628,538,466,566,626,233,895,5060,2130,4382,2001,1223,1694,1719,1566,1268,939,2405,,,,,,,,,,,,,,,,,,,,,,,,,,,,,,,,,,,,,,,,,,,,,,,,,,,,,,,,711,2077,1276,10808,1982,,,,,,780,7400,6117,9096,6190,5732,3839,7170,6432,3442,2164,6625,2108,702,573,1911,5238,2407,2727,4779,,,,,,,,,,,,,,,,,,,,,,,,,,,,,,,,,,,,,,,,,,,,,,,,,,,,,,,,,,,,,,,,,,,
ACSSF,2013m1,dc,000,0021,0000005,307,3894,3895,4162,2959,2991,3518,4152,3983,2626,4982,5922,2866,5723,3347,1693,1909,1745,2503,1792,965,1846,6552,2535,6483,3332,1773,1672,2044,3089,2872,2305,4130,1734,679,1558,552,628,538,466,566,626,233,895,5060,2130,4382,2001,1223,1694,1719,1566,1268,939,2405,,,,,,,,,,,,,,,,,,,,,,,,,,,,,,,,,,,,,,,,,,,,,,,,,,,,,,,,711,2077,1276,10808,1982,,,,,,780,7400,6117,9096,6190,5732,3839,7170,6432,3442,2164,6625,2108,702,573,1911,5238,2407,2727,4779,,,,,,,,,,,,,,,,,,,,,,,,,,,,,,,,,,,,,,,,,,,,,,,,,,,,,,,,,,,,,,,,,,,
ACSSF,2013m1,dc,000,0021,0000006,307,3894,3895,4162,2959,2991,3518,4152,3983,2626,4982,5922,2866,5723,3347,1693,1909,1745,2503,1792,965,1846,6552,2535,6483,3332,1773,1672,2044,3089,2872,2305,4130,1734,679,1558,552,628,538,466,566,626,233,895,5060,2130,4382,2001,1223,1694,1719,1566,1268,939,2405,,,,,,,,,,,,,,,,,,,,,,,,,,,,,,,,,,,,,,,,,,,,,,,,,,,,,,,,711,2077,1276,10808,1982,,,,,,780,7400,6117,9096,6190,5732,3839,7170,6432,3442,2164,6625,2108,702,573,1911,5238,2407,2727,4779,,,,,,,,,,,,,,,,,,,,,,,,,,,,,,,,,,,,,,,,,,,,,,,,,,,,,,,,,,,,,,,,,,,
ACSSF,2013m1,dc,000,0021,0000007,307,3894,3895,4162,2959,2991,3518,4152,3983,2626,4982,5922,2866,5723,3347,1693,1909,1745,2503,1792,965,1846,6552,2535,6483,3332,1773,1672,2044,3089,2872,2305,4130,1734,679,1558,552,628,538,466,566,626,233,895,5060,2130,4382,2001,1223,1694,1719,1566,1268,939,2405,,,,,,,,,,,,,,,,,,,,,,,,,,,,,,,,,,,,,,,,,,,,,,,,,,,,,,,,711,2077,1276,10808,1982,,,,,,780,7400,6117,9096,6190,5732,3839,7170,6432,3442,2164,6625,2108,702,573,1911,5238,2407,2727,4779,,,,,,,,,,,,,,,,,,,,,,,,,,,,,,,,,,,,,,,,,,,,,,,,,,,,,,,,,,,,,,,,,,,
ACSSF,2013m1,dc,000,0021,0000008,307,3894,3895,4162,2959,2991,3518,4152,3983,2626,4982,5922,2866,5723,3347,1693,1909,1745,2503,1792,965,1846,6552,2535,6483,3332,1773,1672,2044,3089,2872,2305,4130,1734,679,1558,552,628,538,466,566,626,233,895,5060,2130,4382,2001,1223,1694,1719,1566,1268,939,2405,,,,,,,,,,,,,,,,,,,,,,,,,,,,,,,,,,,,,,,,,,,,,,,,,,,,,,,,711,2077,1276,10808,1982,,,,,,780,7400,6117,9096,6190,5732,3839,7170,6432,3442,2164,6625,2108,702,573,1911,5238,2407,2727,4779,,,,,,,,,,,,,,,,,,,,,,,,,,,,,,,,,,,,,,,,,,,,,,,,,,,,,,,,,,,,,,,,,,,
ACSSF,2013m1,dc,000,0021,0000009,307,3894,3895,4162,2959,2991,3518,4152,3983,2626,4982,5922,2866,5723,3347,1693,1909,1745,2503,1792,965,1846,6552,2535,6483,3332,1773,1672,2044,3089,2872,2305,4130,1734,679,1558,552,628,538,466,566,626,233,895,5060,2130,4382,2001,1223,1694,1719,1566,1268,939,2405,,,,,,,,,,,,,,,,,,,,,,,,,,,,,,,,,,,,,,,,,,,,,,,,,,,,,,,,711,2077,1276,10808,1982,,,,,,780,7400,6117,9096,6190,5732,3839,7170,6432,3442,2164,6625,2108,702,573,1911,5238,2407,2727,4779,,,,,,,,,,,,,,,,,,,,,,,,,,,,,,,,,,,,,,,,,,,,,,,,,,,,,,,,,,,,,,,,,,,
ACSSF,2013m1,dc,000,0021,0000010,3713,1442,3541,2338,707,1355,1073,1537,1585,1194,3064,1707,443,1627,845,250,322,324,442,393,203,1036,3767,1127,3908,1913,569,1013,704,1302,1462,1078,2564,722,313,674,98,203,129,113,132,193,200,577,2267,754,1981,911,367,698,601,747,296,543,1376,,,,,,,,,,,,,,,,,,,,,,,,,,,,,,,,,,,,,,,,,,,,,,,,,,,,,,,,9541,18067,8677,25089,29537,,,,,,4132,2161,901,4230,2586,755,178,2501,3550,1753,823,3330,1316,124,203,1327,2352,843,332,2399,,,,,,,,,,,,,,,,,,,,,,,,,,,,,,,,,,,,,,,,,,,,,,,,,,,,,,,,,,,,,,,,,,,
ACSSF,2013m1,dc,000,0021,0000011,5695,1992,4904,2197,1220,1860,1758,2325,1695,1167,2086,3279,1264,2853,1274,715,854,913,1287,541,459,790,3663,846,3500,1340,779,901,821,1244,1317,994,1647,620,234,604,494,89,339,325,176,74,62,267,3529,1422,2843,1127,809,1450,1272,1067,555,358,971,,,,,,,,,,,,,,,,,,,,,,,,,,,,,,,,,,,,,,,,,,,,,,,,,,,,,,,,3468,4200,2542,28357,2996,,,,,,7214,2759,3939,7001,4259,1534,2158,4164,3606,1263,800,3383,617,473,353,515,3825,1222,2300,2925,,,,,,,,,,,,,,,,,,,,,,,,,,,,,,,,,,,,,,,,,,,,,,,,,,,,,,,,,,,,,,,,,,,
ACSSF,2013m1,dc,000,0021,0000012,4498,1500,4616,2179,1028,1189,1322,1567,1669,1117,2096,3276,1101,3106,1485,685,783,687,950,1039,653,1018,3540,794,3532,1557,816,836,875,1104,1197,907,1883,600,121,575,124,53,86,188,422,221,203,293,2005,622,1695,534,289,657,440,466,362,407,742,,,,,,,,,,,,,,,,,,,,,,,,,,,,,,,,,,,,,,,,,,,,,,,,,,,,,,,,1814,5127,4364,10772,10052,,,,,,5435,3484,1550,5493,4255,2701,1087,3496,3627,1733,829,3586,613,146,203,589,2101,958,796,1458,,,,,,,,,,,,,,,,,,,,,,,,,,,,,,,,,,,,,,,,,,,,,,,,,,,,,,,,,,,,,,,,,,,
ACSSF,2013m1,dc,000,0021,0000013,6080,3072,4966,3210,1758,1846,2100,1730,1452,761,1134,5297,2510,4409,2785,1425,1309,1483,1508,1068,638,733,2962,1374,2731,1178,772,1190,1029,861,727,424,770,479,172,376,69,203,151,246,203,121,203,170,1263,587,1007,547,273,282,552,333,52,122,107,,,,,,,,,,,,,,,,,,,,,,,,,,,,,,,,,,,,,,,,,,,,,,,,,,,,,,,,2822,2426,2259,26513,6755,,,,,,7377,6234,3339,6700,6646,5077,2614,5428,3419,2011,1022,3063,437,102,178,387,1282,467,704,1069,,,,,,,,,,,,,,,,,,,,,,,,,,,,,,,,,,,,,,,,,,,,,,,,,,,,,,,,,,,,,,,,,,,
ACSSF,2013m1,dc,000,0021,0000014,6639,2015,6173,2580,1519,2075,1484,2061,2329,1381,2933,2550,878,2118,1348,674,1013,558,768,836,269,701,5448,1229,5288,1917,1069,1309,1073,1762,1776,1229,2461,1313,529,1195,174,617,362,203,291,514,142,527,2964,1167,2588,1343,628,925,841,774,1007,425,1472,,,,,,,,,,,,,,,,,,,,,,,,,,,,,,,,,,,,,,,,,,,,,,,,,,,,,,,,1563,4178,3183,13086,6994,,,,,,7038,3111,3232,5729,3551,1947,2113,2619,5075,1774,930,4388,1298,429,583,982,2938,1588,1360,2426,,,,,,,,,,,,,,,,,,,,,,,,,,,,,,,,,,,,,,,,,,,,,,,,,,,,,,,,,,,,,,,,,,,
ACSSF,2013m1,dc,000,0021,0000015,307,3894,3895,4162,2959,2991,3518,4152,3983,2626,4982,5922,2866,5723,3347,1693,1909,1745,2503,1792,965,1846,6552,2535,6483,3332,1773,1672,2044,3089,2872,2305,4130,1734,679,1558,552,628,538,466,566,626,233,895,5060,2130,4382,2001,1223,1694,1719,1566,1268,939,2405,,,,,,,,,,,,,,,,,,,,,,,,,,,,,,,,,,,,,,,,,,,,,,,,,,,,,,,,711,2077,1276,10808,1982,,,,,,780,7400,6117,9096,6190,5732,3839,7170,6432,3442,2164,6625,2108,702,573,1911,5238,2407,2727,4779,,,,,,,,,,,,,,,,,,,,,,,,,,,,,,,,,,,,,,,,,,,,,,,,,,,,,,,,,,,,,,,,,,,
