ACSSF,2013m1,dc,000,0085,0000001,,,,,,,,,,,,,,,,,,,,,,,,,,,,,,,,,,,,,,,,,,,,,,,,,,,,,,,,,,,,,,,,,,,,,,,,,,,,,,,,,,,,,,,,,,,,,,,,,,,,,,,,,,,,,,,,,,,,,,,,,,,,,,,,,,,,,,,,,,,2547,884,468,57,212,110,82,153,131,219,101,149,343,236,259,257,133,154,1966,667,406,234,466,404,244,428,555,479,870,1158,1405,1313,1026,1182,1192,1196,434,335,256,500,180,493,209,85,236,380,707,658,801,757,1188,1183,867,481,166,510,352,204,383,235,302,203,606,262,482,534,384,487,598
ACSSF,2013m1,dc,000,0085,0000002,,,,,,,,,,,,,,,,,,,,,,,,,,,,,,,,,,,,,,,,,,,,,,,,,,,,,,,,,,,,,,,,,,,,,,,,,,,,,,,,,,,,,,,,,,,,,,,,,,,,,,,,,,,,,,,,,,,,,,,,,,,,,,,,,,,,,,,,,,,2547,884,468,57,212,110,82,153,131,219,101,149,343,236,259,257,133,154,1966,667,406,234,466,404,244,428,555,479,870,1158,1405,1313,1026,1182,1192,1196,434,335,256,500,180,493,209,85,236,380,707,658,801,757,1188,1183,867,481,166,510,352,204,383,235,302,203,606,262,482,534,384,487,598
ACSSF,2013m1,dc,000,0085,0000003,,,,,,,,,,,,,,,,,,,,,,,,,,,,,,,,,,,,,,,,,,,,,,,,,,,,,,,,,,,,,,,,,,,,,,,,,,,,,,,,,,,,,,,,,,,,,,,,,,,,,,,,,,,,,,,,,,,,,,,,,,,,,,,,,,,,,,,,,,,2547,884,468,57,212,110,82,153,131,219,101,149,343,236,259,257,133,154,1966,667,406,234,466,404,244,428,555,479,870,1158,1405,1313,1026,1182,1192,1196,434,335,256,500,180,493,209,85,236,380,707,658,801,757,1188,1183,867,481,166,510,352,204,383,235,302,203,606,262,482,534,384,487,598
ACSSF,2013m1,dc,000,0085,0000004,,,,,,,,,,,,,,,,,,,,,,,,,,,,,,,,,,,,,,,,,,,,,,,,,,,,,,,,,,,,,,,,,,,,,,,,,,,,,,,,,,,,,,,,,,,,,,,,,,,,,,,,,,,,,,,,,,,,,,,,,,,,,,,,,,,,,,,,,,,2547,884,468,57,212,110,82,153,131,219,101,149,343,236,259,257,133,154,1966,667,406,234,466,404,244,428,555,479,870,1158,1405,1313,1026,1182,1192,1196,434,335,256,500,180,493,209,85,236,380,707,658,801,757,1188,1183,867,481,166,510,352,204,383,235,302,203,606,262,482,534,384,487,598
ACSSF,2013m1,dc,000,0085,0000005,,,,,,,,,,,,,,,,,,,,,,,,,,,,,,,,,,,,,,,,,,,,,,,,,,,,,,,,,,,,,,,,,,,,,,,,,,,,,,,,,,,,,,,,,,,,,,,,,,,,,,,,,,,,,,,,,,,,,,,,,,,,,,,,,,,,,,,,,,,2547,884,468,57,212,110,82,153,131,219,101,149,343,236,259,257,133,154,1966,667,406,234,466,404,244,428,555,479,870,1158,1405,1313,1026,1182,1192,1196,434,335,256,500,180,493,209,85,236,380,707,658,801,757,1188,1183,867,481,166,510,352,204,383,235,302,203,606,262,482,534,384,487,598
ACSSF,2013m1,dc,000,0085,0000006,,,,,,,,,,,,,,,,,,,,,,,,,,,,,,,,,,,,,,,,,,,,,,,,,,,,,,,,,,,,,,,,,,,,,,,,,,,,,,,,,,,,,,,,,,,,,,,,,,,,,,,,,,,,,,,,,,,,,,,,,,,,,,,,,,,,,,,,,,,2547,884,468,57,212,110,82,153,131,219,101,149,343,236,259,257,133,154,1966,667,406,234,466,404,244,428,555,479,870,1158,1405,1313,1026,1182,1192,1196,434,335,256,500,180,493,209,85,236,380,707,658,801,757,1188,1183,867,481,166,510,352,204,383,235,302,203,606,262,482,534,384,487,598
ACSSF,2013m1,dc,000,0085,0000007,,,,,,,,,,,,,,,,,,,,,,,,,,,,,,,,,,,,,,,,,,,,,,,,,,,,,,,,,,,,,,,,,,,,,,,,,,,,,,,,,,,,,,,,,,,,,,,,,,,,,,,,,,,,,,,,,,,,,,,,,,,,,,,,,,,,,,,,,,,2547,884,468,57,212,110,82,153,131,219,101,149,343,236,259,257,133,154,1966,667,406,234,466,404,244,428,555,479,870,1158,1405,1313,1026,1182,1192,1196,434,335,256,500,180,493,209,85,236,380,707,658,801,757,1188,1183,867,481,166,510,352,204,383,235,302,203,606,262,482,534,384,487,598
ACSSF,2013m1,dc,000,0085,0000008,,,,,,,,,,,,,,,,,,,,,,,,,,,,,,,,,,,,,,,,,,,,,,,,,,,,,,,,,,,,,,,,,,,,,,,,,,,,,,,,,,,,,,,,,,,,,,,,,,,,,,,,,,,,,,,,,,,,,,,,,,,,,,,,,,,,,,,,,,,2547,884,468,57,212,110,82,153,131,219,101,149,343,236,259,257,133,154,1966,667,406,234,466,404,244,428,555,479,870,1158,1405,1313,1026,1182,1192,1196,434,335,256,500,180,493,209,85,236,380,707,658,801,757,1188,1183,867,481,166,510,352,204,383,235,302,203,606,262,482,534,384,487,598
ACSSF,2013m1,dc,000,0085,0000009,,,,,,,,,,,,,,,,,,,,,,,,,,,,,,,,,,,,,,,,,,,,,,,,,,,,,,,,,,,,,,,,,,,,,,,,,,,,,,,,,,,,,,,,,,,,,,,,,,,,,,,,,,,,,,,,,,,,,,,,,,,,,,,,,,,,,,,,,,,2547,884,468,57,212,110,82,153,131,219,101,149,343,236,259,257,133,154,1966,667,406,234,466,404,244,428,555,479,870,1158,1405,1313,1026,1182,1192,1196,434,335,256,500,180,493,209,85,236,380,707,658,801,757,1188,1183,867,481,166,510,352,204,383,235,302,203,606,262,482,534,384,487,598
ACSSF,2013m1,dc,000,0085,0000010,,,,,,,,,,,,,,,,,,,,,,,,,,,,,,,,,,,,,,,,,,,,,,,,,,,,,,,,,,,,,,,,,,,,,,,,,,,,,,,,,,,,,,,,,,,,,,,,,,,,,,,,,,,,,,,,,,,,,,,,,,,,,,,,,,,,,,,,,,,,,,,,,,,,,,,,,,,,,,,,,,,,,,,,,,,,,,,,,,,,,,,,,,,,,,,,,,,,,,,,,,,,,,,
ACSSF,2013m1,dc,000,0085,0000011,,,,,,,,,,,,,,,,,,,,,,,,,,,,,,,,,,,,,,,,,,,,,,,,,,,,,,,,,,,,,,,,,,,,,,,,,,,,,,,,,,,,,,,,,,,,,,,,,,,,,,,,,,,,,,,,,,,,,,,,,,,,,,,,,,,,,,,,,,,,,,,,,,,,,,,,,,,,,,,,,,,,,,,,,,,,,,,,,,,,,,,,,,,,,,,,,,,,,,,,,,,,,,,
ACSSF,2013m1,dc,000,0085,0000012,,,,,,,,,,,,,,,,,,,,,,,,,,,,,,,,,,,,,,,,,,,,,,,,,,,,,,,,,,,,,,,,,,,,,,,,,,,,,,,,,,,,,,,,,,,,,,,,,,,,,,,,,,,,,,,,,,,,,,,,,,,,,,,,,,,,,,,,,,,,,,,,,,,,,,,,,,,,,,,,,,,,,,,,,,,,,,,,,,,,,,,,,,,,,,,,,,,,,,,,,,,,,,,
ACSSF,2013m1,dc,000,0085,0000013,,,,,,,,,,,,,,,,,,,,,,,,,,,,,,,,,,,,,,,,,,,,,,,,,,,,,,,,,,,,,,,,,,,,,,,,,,,,,,,,,,,,,,,,,,,,,,,,,,,,,,,,,,,,,,,,,,,,,,,,,,,,,,,,,,,,,,,,,,,,,,,,,,,,,,,,,,,,,,,,,,,,,,,,,,,,,,,,,,,,,,,,,,,,,,,,,,,,,,,,,,,,,,,
ACSSF,2013m1,dc,000,0085,0000014,,,,,,,,,,,,,,,,,,,,,,,,,,,,,,,,,,,,,,,,,,,,,,,,,,,,,,,,,,,,,,,,,,,,,,,,,,,,,,,,,,,,,,,,,,,,,,,,,,,,,,,,,,,,,,,,,,,,,,,,,,,,,,,,,,,,,,,,,,,2457,596,291,57,101,86,76,138,122,205,54,119,298,185,56,71,93,113,2196,616,267,163,438,388,164,272,388,290,773,796,965,1049,692,828,877,1157,333,164,269,203,203,489,209,85,210,358,350,377,416,480,872,713,796,203,85,496,72,77,160,203,168,118,227,171,158,223,185,170,277
ACSSF,2013m1,dc,000,0085,0000015,,,,,,,,,,,,,,,,,,,,,,,,,,,,,,,,,,,,,,,,,,,,,,,,,,,,,,,,,,,,,,,,,,,,,,,,,,,,,,,,,,,,,,,,,,,,,,,,,,,,,,,,,,,,,,,,,,,,,,,,,,,,,,,,,,,,,,,,,,,2547,884,468,57,212,110,82,153,131,219,101,149,343,236,259,257,133,154,1966,667,406,234,466,404,244,428,555,479,870,1158,1405,1313,1026,1182,1192,1196,434,335,256,500,180,493,209,85,236,380,707,658,801,757,1188,1183,867,481,166,510,352,204,383,235,302,203,606,262,482,534,384,487,598
