ACSSF,2013m1,dc,000,0020,0000001,307,6071,7041,3678,2014,2362,5922,5002,2936,2240,1247,1326,6552,5061,5026,2437,1160,1702,1734,1291,872,461,287,355,5060,3749,3560,1668,996,882,,,,,,,,,,,,,,,,,,,,,,,,,,,,,,,428,3643,3589,3536,5690,5412,5164,2194,3050,3150,2357,1345,5911,1778,2605,2678,3838,4927,1545,570,397,428,1011,1047,4334,2427,2045,2084,2258,2794,,,,,,,,,,,,,,,,,,,,,,,,,,,,,,,,,,,,,,,,,,,,,,,,,,,,,,,,307,6071,7041,4248,2362,5922,5002,2936,2700,1326,6552,5061,5026,2604,1702,1734,1291,872,545,355,5060,3749,3560,1870,882,,,,,,,,,,,,,,,,,,,,,,,,,
ACSSF,2013m1,dc,000,0020,0000002,307,6071,7041,3678,2014,2362,5922,5002,2936,2240,1247,1326,6552,5061,5026,2437,1160,1702,1734,1291,872,461,287,355,5060,3749,3560,1668,996,882,,,,,,,,,,,,,,,,,,,,,,,,,,,,,,,428,3643,3589,3536,5690,5412,5164,2194,3050,3150,2357,1345,5911,1778,2605,2678,3838,4927,1545,570,397,428,1011,1047,4334,2427,2045,2084,2258,2794,,,,,,,,,,,,,,,,,,,,,,,,,,,,,,,,,,,,,,,,,,,,,,,,,,,,,,,,307,6071,7041,4248,2362,5922,5002,2936,2700,1326,6552,5061,5026,2604,1702,1734,1291,872,545,355,5060,3749,3560,1870,882,,,,,,,,,,,,,,,,,,,,,,,,,
ACSSF,2013m1,dc,000,0020,0000003,307,6071,7041,3678,2014,2362,5922,5002,2936,2240,1247,1326,6552,5061,5026,2437,1160,1702,1734,1291,872,461,287,355,5060,3749,3560,1668,996,882,,,,,,,,,,,,,,,,,,,,,,,,,,,,,,,428,3643,3589,3536,5690,5412,5164,2194,3050,3150,2357,1345,5911,1778,2605,2678,3838,4927,1545,570,397,428,1011,1047,4334,2427,2045,2084,2258,2794,,,,,,,,,,,,,,,,,,,,,,,,,,,,,,,,,,,,,,,,,,,,,,,,,,,,,,,,307,6071,7041,4248,2362,5922,5002,2936,2700,1326,6552,5061,5026,2604,1702,1734,1291,872,545,355,5060,3749,3560,1870,882,,,,,,,,,,,,,,,,,,,,,,,,,
ACSSF,2013m1,dc,000,0020,0000004,307,6071,7041,3678,2014,2362,5922,5002,2936,2240,1247,1326,6552,5061,5026,2437,1160,1702,1734,1291,872,461,287,355,5060,3749,3560,1668,996,882,,,,,,,,,,,,,,,,,,,,,,,,,,,,,,,428,3643,3589,3536,5690,5412,5164,2194,3050,3150,2357,1345,5911,1778,2605,2678,3838,4927,1545,570,397,428,1011,1047,4334,2427,2045,2084,2258,2794,,,,,,,,,,,,,,,,,,,,,,,,,,,,,,,,,,,,,,,,,,,,,,,,,,,,,,,,307,6071,7041,4248,2362,5922,5002,2936,2700,1326,6552,5061,5026,2604,1702,1734,1291,872,545,355,5060,3749,3560,1870,882,,,,,,,,,,,,,,,,,,,,,,,,,
ACSSF,2013m1,dc,000,0020,0000005,307,6071,7041,3678,2014,2362,5922,5002,2936,2240,1247,1326,6552,5061,5026,2437,1160,1702,1734,1291,872,461,287,355,5060,3749,3560,1668,996,882,,,,,,,,,,,,,,,,,,,,,,,,,,,,,,,428,3643,3589,3536,5690,5412,5164,2194,3050,3150,2357,1345,5911,1778,2605,2678,3838,4927,1545,570,397,428,1011,1047,4334,2427,2045,2084,2258,2794,,,,,,,,,,,,,,,,,,,,,,,,,,,,,,,,,,,,,,,,,,,,,,,,,,,,,,,,307,6071,7041,4248,2362,5922,5002,2936,2700,1326,6552,5061,5026,2604,1702,1734,1291,872,545,355,5060,3749,3560,1870,882,,,,,,,,,,,,,,,,,,,,,,,,,
ACSSF,2013m1,dc,000,0020,0000006,307,6071,7041,3678,2014,2362,5922,5002,2936,2240,1247,1326,6552,5061,5026,2437,1160,1702,1734,1291,872,461,287,355,5060,3749,3560,1668,996,882,,,,,,,,,,,,,,,,,,,,,,,,,,,,,,,428,3643,3589,3536,5690,5412,5164,2194,3050,3150,2357,1345,5911,1778,2605,2678,3838,4927,1545,570,397,428,1011,1047,4334,2427,2045,2084,2258,2794,,,,,,,,,,,,,,,,,,,,,,,,,,,,,,,,,,,,,,,,,,,,,,,,,,,,,,,,307,6071,7041,4248,2362,5922,5002,2936,2700,1326,6552,5061,5026,2604,1702,1734,1291,872,545,355,5060,3749,3560,1870,882,,,,,,,,,,,,,,,,,,,,,,,,,
ACSSF,2013m1,dc,000,0020,0000007,307,6071,7041,3678,2014,2362,5922,5002,2936,2240,1247,1326,6552,5061,5026,2437,1160,1702,1734,1291,872,461,287,355,5060,3749,3560,1668,996,882,,,,,,,,,,,,,,,,,,,,,,,,,,,,,,,428,3643,3589,3536,5690,5412,5164,2194,3050,3150,2357,1345,5911,1778,2605,2678,3838,4927,1545,570,397,428,1011,1047,4334,2427,2045,2084,2258,2794,,,,,,,,,,,,,,,,,,,,,,,,,,,,,,,,,,,,,,,,,,,,,,,,,,,,,,,,307,6071,7041,4248,2362,5922,5002,2936,2700,1326,6552,5061,5026,2604,1702,1734,1291,872,545,355,5060,3749,3560,1870,882,,,,,,,,,,,,,,,,,,,,,,,,,
ACSSF,2013m1,dc,000,0020,0000008,307,6071,7041,3678,2014,2362,5922,5002,2936,2240,1247,1326,6552,5061,5026,2437,1160,1702,1734,1291,872,461,287,355,5060,3749,3560,1668,996,882,,,,,,,,,,,,,,,,,,,,,,,,,,,,,,,428,3643,3589,3536,5690,5412,5164,2194,3050,3150,2357,1345,5911,1778,2605,2678,3838,4927,1545,570,397,428,1011,1047,4334,2427,2045,2084,2258,2794,,,,,,,,,,,,,,,,,,,,,,,,,,,,,,,,,,,,,,,,,,,,,,,,,,,,,,,,307,6071,7041,4248,2362,5922,5002,2936,2700,1326,6552,5061,5026,2604,1702,1734,1291,872,545,355,5060,3749,3560,1870,882,,,,,,,,,,,,,,,,,,,,,,,,,
ACSSF,2013m1,dc,000,0020,0000009,307,6071,7041,3678,2014,2362,5922,5002,2936,2240,1247,1326,6552,5061,5026,2437,1160,1702,1734,1291,872,461,287,355,5060,3749,3560,1668,996,882,,,,,,,,,,,,,,,,,,,,,,,,,,,,,,,428,3643,3589,3536,5690,5412,5164,2194,3050,3150,2357,1345,5911,1778,2605,2678,3838,4927,1545,570,397,428,1011,1047,4334,2427,2045,2084,2258,2794,,,,,,,,,,,,,,,,,,,,,,,,,,,,,,,,,,,,,,,,,,,,,,,,,,,,,,,,307,6071,7041,4248,2362,5922,5002,2936,2700,1326,6552,5061,5026,2604,1702,1734,1291,872,545,355,5060,3749,3560,1870,882,,,,,,,,,,,,,,,,,,,,,,,,,
ACSSF,2013m1,dc,000,0020,0000010,3713,3711,3332,1149,892,922,1707,1083,1099,624,157,232,3767,3322,2487,899,645,807,722,481,426,168,203,203,2267,1458,1580,738,398,447,,,,,,,,,,,,,,,,,,,,,,,,,,,,,,,3280,572,863,1637,2113,2816,1507,188,307,619,1032,704,3255,225,470,1155,1936,2673,661,203,203,109,237,626,2161,488,796,602,764,1496,,,,,,,,,,,,,,,,,,,,,,,,,,,,,,,,,,,,,,,,,,,,,,,,,,,,,,,,3713,3711,3332,1435,922,1707,1083,1099,711,232,3767,3322,2487,1082,807,722,481,426,168,203,2267,1458,1580,774,447,,,,,,,,,,,,,,,,,,,,,,,,,
ACSSF,2013m1,dc,000,0020,0000011,5695,4416,3529,1863,898,1148,3279,2431,1269,899,581,568,3663,2764,2100,1051,195,788,620,364,555,169,203,325,3529,2436,2421,1065,668,609,,,,,,,,,,,,,,,,,,,,,,,,,,,,,,,5078,1994,2327,2442,3037,2681,2768,677,1651,1439,1282,595,3220,486,1116,1149,1913,2116,645,533,203,198,417,206,3004,1727,1623,1786,1164,1241,,,,,,,,,,,,,,,,,,,,,,,,,,,,,,,,,,,,,,,,,,,,,,,,,,,,,,,,5695,4416,3529,2031,1148,3279,2431,1269,1050,568,3663,2764,2100,1093,788,620,364,555,169,325,3529,2436,2421,1251,609,,,,,,,,,,,,,,,,,,,,,,,,,
ACSSF,2013m1,dc,000,0020,0000012,4498,3622,2755,1603,883,1021,3276,2267,1552,1054,525,676,3540,2754,1944,1194,470,752,600,393,191,288,255,79,2005,1240,1101,387,359,100,,,,,,,,,,,,,,,,,,,,,,,,,,,,,,,3917,1357,2095,1673,2288,1990,2867,1009,1671,1357,1027,644,3125,816,946,1130,1586,1820,589,163,184,255,413,227,1590,469,528,530,927,777,,,,,,,,,,,,,,,,,,,,,,,,,,,,,,,,,,,,,,,,,,,,,,,,,,,,,,,,4498,3622,2755,1774,1021,3276,2267,1552,1208,676,3540,2754,1944,1191,752,600,393,191,385,79,2005,1240,1101,487,100,,,,,,,,,,,,,,,,,,,,,,,,,
ACSSF,2013m1,dc,000,0020,0000013,6080,5137,2396,1843,1072,1120,5297,4272,1710,1420,900,859,2962,2172,1350,1218,632,635,479,312,250,109,203,121,1263,607,899,520,356,262,,,,,,,,,,,,,,,,,,,,,,,,,,,,,,,5147,2517,3574,2130,1296,1043,4539,1893,2909,2041,890,554,2929,1234,1841,1340,736,709,434,151,107,195,261,116,1196,503,637,354,437,498,,,,,,,,,,,,,,,,,,,,,,,,,,,,,,,,,,,,,,,,,,,,,,,,,,,,,,,,6080,5137,2396,1972,1120,5297,4272,1710,1669,859,2962,2172,1350,1350,635,479,312,250,109,121,1263,607,899,727,262,,,,,,,,,,,,,,,,,,,,,,,,,
ACSSF,2013m1,dc,000,0020,0000014,6639,5491,3543,1906,787,1013,2550,1773,841,1019,297,438,5448,4280,2585,1412,383,756,1313,1054,542,266,133,203,2964,2141,2113,945,576,319,,,,,,,,,,,,,,,,,,,,,,,,,,,,,,,5612,1841,1696,1745,3423,3803,2168,901,1028,971,1042,670,4756,820,1206,1352,2975,3239,1099,203,341,151,653,782,2715,1448,728,740,1339,1707,,,,,,,,,,,,,,,,,,,,,,,,,,,,,,,,,,,,,,,,,,,,,,,,,,,,,,,,6639,5491,3543,1973,1013,2550,1773,841,1084,438,5448,4280,2585,1482,756,1313,1054,542,299,203,2964,2141,2113,1043,319,,,,,,,,,,,,,,,,,,,,,,,,,
ACSSF,2013m1,dc,000,0020,0000015,307,6071,7041,3678,2014,2362,5922,5002,2936,2240,1247,1326,6552,5061,5026,2437,1160,1702,1734,1291,872,461,287,355,5060,3749,3560,1668,996,882,,,,,,,,,,,,,,,,,,,,,,,,,,,,,,,428,3643,3589,3536,5690,5412,5164,2194,3050,3150,2357,1345,5911,1778,2605,2678,3838,4927,1545,570,397,428,1011,1047,4334,2427,2045,2084,2258,2794,,,,,,,,,,,,,,,,,,,,,,,,,,,,,,,,,,,,,,,,,,,,,,,,,,,,,,,,307,6071,7041,4248,2362,5922,5002,2936,2700,1326,6552,5061,5026,2604,1702,1734,1291,872,545,355,5060,3749,3560,1870,882,,,,,,,,,,,,,,,,,,,,,,,,,
