ACSSF,2013m1,dc,000,0006,0000001,0,0,0,2124,1303,1112,1952,4183,796,1570,547,896,688,4249,203,2945,1203,1833,422,1424,1103,385,916,484,807,203,1994,1063,533,203,1517,0,0,560,2440,426,1273,120,644,2814,904,2787,0,4765,2103,528,666,203,4406,1503,972,1265,0,0,0,0,0,0,2124,1303,1112,1952,4183,2945,1994,0,0,560,2440,426,1273,120,644,2814,904,2787,0
ACSSF,2013m1,dc,000,0006,0000002,0,0,0,2124,1303,1112,1952,4183,796,1570,547,896,688,4249,203,2945,1203,1833,422,1424,1103,385,916,484,807,203,1994,1063,533,203,1517,0,0,560,2440,426,1273,120,644,2814,904,2787,0,4765,2103,528,666,203,4406,1503,972,1265,0,0,0,0,0,0,2124,1303,1112,1952,4183,2945,1994,0,0,560,2440,426,1273,120,644,2814,904,2787,0
ACSSF,2013m1,dc,000,0006,0000003,0,0,0,2124,1303,1112,1952,4183,796,1570,547,896,688,4249,203,2945,1203,1833,422,1424,1103,385,916,484,807,203,1994,1063,533,203,1517,0,0,560,2440,426,1273,120,644,2814,904,2787,0,4765,2103,528,666,203,4406,1503,972,1265,0,0,0,0,0,0,2124,1303,1112,1952,4183,2945,1994,0,0,560,2440,426,1273,120,644,2814,904,2787,0
ACSSF,2013m1,dc,000,0006,0000004,0,0,0,2124,1303,1112,1952,4183,796,1570,547,896,688,4249,203,2945,1203,1833,422,1424,1103,385,916,484,807,203,1994,1063,533,203,1517,0,0,560,2440,426,1273,120,644,2814,904,2787,0,4765,2103,528,666,203,4406,1503,972,1265,0,0,0,0,0,0,2124,1303,1112,1952,4183,2945,1994,0,0,560,2440,426,1273,120,644,2814,904,2787,0
ACSSF,2013m1,dc,000,0006,0000005,0,0,0,2124,1303,1112,1952,4183,796,1570,547,896,688,4249,203,2945,1203,1833,422,1424,1103,385,916,484,807,203,1994,1063,533,203,1517,0,0,560,2440,426,1273,120,644,2814,904,2787,0,4765,2103,528,666,203,4406,1503,972,1265,0,0,0,0,0,0,2124,1303,1112,1952,4183,2945,1994,0,0,560,2440,426,1273,120,644,2814,904,2787,0
ACSSF,2013m1,dc,000,0006,0000006,0,0,0,2124,1303,1112,1952,4183,796,1570,547,896,688,4249,203,2945,1203,1833,422,1424,1103,385,916,484,807,203,1994,1063,533,203,1517,0,0,560,2440,426,1273,120,644,2814,904,2787,0,4765,2103,528,666,203,4406,1503,972,1265,0,0,0,0,0,0,2124,1303,1112,1952,4183,2945,1994,0,0,560,2440,426,1273,120,644,2814,904,2787,0
ACSSF,2013m1,dc,000,0006,0000007,0,0,0,2124,1303,1112,1952,4183,796,1570,547,896,688,4249,203,2945,1203,1833,422,1424,1103,385,916,484,807,203,1994,1063,533,203,1517,0,0,560,2440,426,1273,120,644,2814,904,2787,0,4765,2103,528,666,203,4406,1503,972,1265,0,0,0,0,0,0,2124,1303,1112,1952,4183,2945,1994,0,0,560,2440,426,1273,120,644,2814,904,2787,0
ACSSF,2013m1,dc,000,0006,0000008,0,0,0,2124,1303,1112,1952,4183,796,1570,547,896,688,4249,203,2945,1203,1833,422,1424,1103,385,916,484,807,203,1994,1063,533,203,1517,0,0,560,2440,426,1273,120,644,2814,904,2787,0,4765,2103,528,666,203,4406,1503,972,1265,0,0,0,0,0,0,2124,1303,1112,1952,4183,2945,1994,0,0,560,2440,426,1273,120,644,2814,904,2787,0
ACSSF,2013m1,dc,000,0006,0000009,0,0,0,2124,1303,1112,1952,4183,796,1570,547,896,688,4249,203,2945,1203,1833,422,1424,1103,385,916,484,807,203,1994,1063,533,203,1517,0,0,560,2440,426,1273,120,644,2814,904,2787,0,4765,2103,528,666,203,4406,1503,972,1265,0,0,0,0,0,0,2124,1303,1112,1952,4183,2945,1994,0,0,560,2440,426,1273,120,644,2814,904,2787,0
ACSSF,2013m1,dc,000,0006,0000010,,,,,,,,,,,,,,,,,,,,,,,,,,,,,,,,,,,,,,,,,,,,,,,,,,,,,4256,4182,2195,4256,4182,2195,1087,603,556,122,1312,1600,1007,4256,4182,3830,2086,203,1303,203,397,1788,761,1633,2195
ACSSF,2013m1,dc,000,0006,0000011,,,,,,,,,,,,,,,,,,,,,,,,,,,,,,,,7390,6836,3242,5472,131,1137,203,336,998,176,969,3154,2928,1417,203,151,203,3421,416,198,336,7390,6836,3154,7390,6836,3154,1199,477,656,1511,3393,1752,1413,7390,6836,3242,5472,131,1137,203,336,998,176,969,3154
ACSSF,2013m1,dc,000,0006,0000012,,,,,,,,,,,,,,,,,,,,,,,,,,,,,,,,,,,,,,,,,,,,,,,,,,,,,5423,5132,2378,5423,5132,2378,1385,689,458,265,1337,959,462,5423,5132,3247,5237,312,509,94,120,573,151,565,2378
ACSSF,2013m1,dc,000,0006,0000013,,,,,,,,,,,,,,,,,,,,,,,,,,,,,,,,,,,,,,,,,,,,,,,,,,,,,7552,7440,1806,,,,,,,,,,,,,,,,,,,,,,
ACSSF,2013m1,dc,000,0006,0000014,,,,,,,,,,,,,,,,,,,,,,,,,,,,,,,,7541,6675,4361,4792,261,1703,203,258,1204,558,1160,3499,2379,1368,203,124,203,2397,1011,515,927,7541,6675,3499,7541,6675,3499,1004,1006,434,1290,2542,1611,434,7541,6675,4361,4792,261,1703,203,258,1204,558,1160,3499
ACSSF,2013m1,dc,000,0006,0000015,0,0,0,2124,1303,1112,1952,4183,796,1570,547,896,688,4249,203,2945,1203,1833,422,1424,1103,385,916,484,807,203,1994,1063,533,203,1517,0,0,560,2440,426,1273,120,644,2814,904,2787,0,4765,2103,528,666,203,4406,1503,972,1265,0,0,0,0,0,0,2124,1303,1112,1952,4183,2945,1994,0,0,560,2440,426,1273,120,644,2814,904,2787,0
