ACSSF,2013m1,dc,000,0072,0000001,,,,,,,,,,,,,,,,,,,,,,,,,,,,,,,,,,,,,,,,,,,,,,,,,,,,,,,,,,,,,,,,,,,,,,,,,,,,,,,,,,,4214,2027,929,503,2011,714,736,1966,1728,3750,3075,2238,2530,1504,1017,2270,1897,2459,888,605,314,660,203,203,660,660,2358,2032,1421,1315,962,641,823,761,2959,1908,633,307,1892,708,736,1837,1565,2836,1998,1359,2137,1157,878,1996,1625,,,,,,,,,,,,,,,,,,,,,,,,,,,,,,,,,,,,,,,,,,,,,,,,,,,,,,,,,,,,,,,,,,,,,,,,,,,,,,,,,,,,,,2235,681,330,270,576,203,203,576,576,2176,1886,1281,1043,705,584,722,623
ACSSF,2013m1,dc,000,0072,0000002,,,,,,,,,,,,,,,,,,,,,,,,,,,,,,,,,,,,,,,,,,,,,,,,,,,,,,,,,,,,,,,,,,,,,,,,,,,,,,,,,,,4214,2027,929,503,2011,714,736,1966,1728,3750,3075,2238,2530,1504,1017,2270,1897,2459,888,605,314,660,203,203,660,660,2358,2032,1421,1315,962,641,823,761,2959,1908,633,307,1892,708,736,1837,1565,2836,1998,1359,2137,1157,878,1996,1625,,,,,,,,,,,,,,,,,,,,,,,,,,,,,,,,,,,,,,,,,,,,,,,,,,,,,,,,,,,,,,,,,,,,,,,,,,,,,,,,,,,,,,2235,681,330,270,576,203,203,576,576,2176,1886,1281,1043,705,584,722,623
ACSSF,2013m1,dc,000,0072,0000003,,,,,,,,,,,,,,,,,,,,,,,,,,,,,,,,,,,,,,,,,,,,,,,,,,,,,,,,,,,,,,,,,,,,,,,,,,,,,,,,,,,4214,2027,929,503,2011,714,736,1966,1728,3750,3075,2238,2530,1504,1017,2270,1897,2459,888,605,314,660,203,203,660,660,2358,2032,1421,1315,962,641,823,761,2959,1908,633,307,1892,708,736,1837,1565,2836,1998,1359,2137,1157,878,1996,1625,,,,,,,,,,,,,,,,,,,,,,,,,,,,,,,,,,,,,,,,,,,,,,,,,,,,,,,,,,,,,,,,,,,,,,,,,,,,,,,,,,,,,,2235,681,330,270,576,203,203,576,576,2176,1886,1281,1043,705,584,722,623
ACSSF,2013m1,dc,000,0072,0000004,,,,,,,,,,,,,,,,,,,,,,,,,,,,,,,,,,,,,,,,,,,,,,,,,,,,,,,,,,,,,,,,,,,,,,,,,,,,,,,,,,,4214,2027,929,503,2011,714,736,1966,1728,3750,3075,2238,2530,1504,1017,2270,1897,2459,888,605,314,660,203,203,660,660,2358,2032,1421,1315,962,641,823,761,2959,1908,633,307,1892,708,736,1837,1565,2836,1998,1359,2137,1157,878,1996,1625,,,,,,,,,,,,,,,,,,,,,,,,,,,,,,,,,,,,,,,,,,,,,,,,,,,,,,,,,,,,,,,,,,,,,,,,,,,,,,,,,,,,,,2235,681,330,270,576,203,203,576,576,2176,1886,1281,1043,705,584,722,623
ACSSF,2013m1,dc,000,0072,0000005,,,,,,,,,,,,,,,,,,,,,,,,,,,,,,,,,,,,,,,,,,,,,,,,,,,,,,,,,,,,,,,,,,,,,,,,,,,,,,,,,,,4214,2027,929,503,2011,714,736,1966,1728,3750,3075,2238,2530,1504,1017,2270,1897,2459,888,605,314,660,203,203,660,660,2358,2032,1421,1315,962,641,823,761,2959,1908,633,307,1892,708,736,1837,1565,2836,1998,1359,2137,1157,878,1996,1625,,,,,,,,,,,,,,,,,,,,,,,,,,,,,,,,,,,,,,,,,,,,,,,,,,,,,,,,,,,,,,,,,,,,,,,,,,,,,,,,,,,,,,2235,681,330,270,576,203,203,576,576,2176,1886,1281,1043,705,584,722,623
ACSSF,2013m1,dc,000,0072,0000006,,,,,,,,,,,,,,,,,,,,,,,,,,,,,,,,,,,,,,,,,,,,,,,,,,,,,,,,,,,,,,,,,,,,,,,,,,,,,,,,,,,4214,2027,929,503,2011,714,736,1966,1728,3750,3075,2238,2530,1504,1017,2270,1897,2459,888,605,314,660,203,203,660,660,2358,2032,1421,1315,962,641,823,761,2959,1908,633,307,1892,708,736,1837,1565,2836,1998,1359,2137,1157,878,1996,1625,,,,,,,,,,,,,,,,,,,,,,,,,,,,,,,,,,,,,,,,,,,,,,,,,,,,,,,,,,,,,,,,,,,,,,,,,,,,,,,,,,,,,,2235,681,330,270,576,203,203,576,576,2176,1886,1281,1043,705,584,722,623
ACSSF,2013m1,dc,000,0072,0000007,,,,,,,,,,,,,,,,,,,,,,,,,,,,,,,,,,,,,,,,,,,,,,,,,,,,,,,,,,,,,,,,,,,,,,,,,,,,,,,,,,,4214,2027,929,503,2011,714,736,1966,1728,3750,3075,2238,2530,1504,1017,2270,1897,2459,888,605,314,660,203,203,660,660,2358,2032,1421,1315,962,641,823,761,2959,1908,633,307,1892,708,736,1837,1565,2836,1998,1359,2137,1157,878,1996,1625,,,,,,,,,,,,,,,,,,,,,,,,,,,,,,,,,,,,,,,,,,,,,,,,,,,,,,,,,,,,,,,,,,,,,,,,,,,,,,,,,,,,,,2235,681,330,270,576,203,203,576,576,2176,1886,1281,1043,705,584,722,623
ACSSF,2013m1,dc,000,0072,0000008,,,,,,,,,,,,,,,,,,,,,,,,,,,,,,,,,,,,,,,,,,,,,,,,,,,,,,,,,,,,,,,,,,,,,,,,,,,,,,,,,,,4214,2027,929,503,2011,714,736,1966,1728,3750,3075,2238,2530,1504,1017,2270,1897,2459,888,605,314,660,203,203,660,660,2358,2032,1421,1315,962,641,823,761,2959,1908,633,307,1892,708,736,1837,1565,2836,1998,1359,2137,1157,878,1996,1625,,,,,,,,,,,,,,,,,,,,,,,,,,,,,,,,,,,,,,,,,,,,,,,,,,,,,,,,,,,,,,,,,,,,,,,,,,,,,,,,,,,,,,2235,681,330,270,576,203,203,576,576,2176,1886,1281,1043,705,584,722,623
ACSSF,2013m1,dc,000,0072,0000009,,,,,,,,,,,,,,,,,,,,,,,,,,,,,,,,,,,,,,,,,,,,,,,,,,,,,,,,,,,,,,,,,,,,,,,,,,,,,,,,,,,4214,2027,929,503,2011,714,736,1966,1728,3750,3075,2238,2530,1504,1017,2270,1897,2459,888,605,314,660,203,203,660,660,2358,2032,1421,1315,962,641,823,761,2959,1908,633,307,1892,708,736,1837,1565,2836,1998,1359,2137,1157,878,1996,1625,,,,,,,,,,,,,,,,,,,,,,,,,,,,,,,,,,,,,,,,,,,,,,,,,,,,,,,,,,,,,,,,,,,,,,,,,,,,,,,,,,,,,,2235,681,330,270,576,203,203,576,576,2176,1886,1281,1043,705,584,722,623
ACSSF,2013m1,dc,000,0072,0000010,,,,,,,,,,,,,,,,,,,,,,,,,,,,,,,,,,,,,,,,,,,,,,,,,,,,,,,,,,,,,,,,,,,,,,,,,,,,,,,,,,,1819,307,270,270,142,203,203,142,142,1853,1617,971,1032,678,570,725,664,1712,282,270,270,76,203,203,76,76,1749,1513,1003,874,617,570,627,578,,,,,,,,,,,,,,,,,,,,,,,,,,,,,,,,,,,,,,,,,,,,,,,,,,,,,,,,,,,,,,,,,,,,,,,,,,,,,,,,,,,,,,,,,,,,,,,,,,,,,,,1669,282,270,270,76,203,203,76,76,1691,1452,928,874,617,570,627,578
ACSSF,2013m1,dc,000,0072,0000011,,,,,,,,,,,,,,,,,,,,,,,,,,,,,,,,,,,,,,,,,,,,,,,,,,,,,,,,,,,,,,,,,,,,,,,,,,,,,,,,,,,1927,671,370,267,523,162,135,507,463,1813,1447,1262,1487,1178,585,1097,853,1192,351,137,125,319,203,203,319,319,1112,910,754,618,555,232,410,386,1433,503,288,223,412,162,135,390,331,1404,1032,743,1118,771,527,835,640,,,,,,,,,,,,,,,,,,,,,,,,,,,,,,,,,,,,,,,,,,,,,,,,,,,,,,,,,,,,,,,,,,,,,,,,,,,,,,,,,,,,,,,,,,,,,,,,,,,,,,
ACSSF,2013m1,dc,000,0072,0000012,,,,,,,,,,,,,,,,,,,,,,,,,,,,,,,,,,,,,,,,,,,,,,,,,,,,,,,,,,,,,,,,,,,,,,,,,,,,,,,,,,,1756,902,402,172,835,320,320,763,656,1670,1239,896,1108,576,430,955,584,,,,,,,,,,,,,,,,,,1678,867,380,110,814,320,320,740,625,1442,1011,672,928,407,264,855,525,,,,,,,,,,,,,,,,,,,,,,,,,,,,,,,,,,,,,,,,,,,,,,,,,,,,,,,,,,,,,,,,,,,,,,,,,,,,,,,,,,,,,,,,,,,,,,,,,,,,,,
ACSSF,2013m1,dc,000,0072,0000013,,,,,,,,,,,,,,,,,,,,,,,,,,,,,,,,,,,,,,,,,,,,,,,,,,,,,,,,,,,,,,,,,,,,,,,,,,,,,,,,,,,2121,1540,452,211,1460,654,655,1392,1295,1920,1052,749,1875,662,442,1771,1294,,,,,,,,,,,,,,,,,,2030,1532,446,211,1463,654,655,1396,1291,1943,954,691,1846,666,427,1752,1271,,,,,,,,,,,,,,,,,,,,,,,,,,,,,,,,,,,,,,,,,,,,,,,,,,,,,,,,,,,,,,,,,,,,,,,,,,,,,,,,,,,,,,,,,,,,,,,,,,,,,,
ACSSF,2013m1,dc,000,0072,0000014,,,,,,,,,,,,,,,,,,,,,,,,,,,,,,,,,,,,,,,,,,,,,,,,,,,,,,,,,,,,,,,,,,,,,,,,,,,,,,,,,,,2083,952,640,244,829,108,101,822,714,1799,1560,802,1093,685,653,951,774,1508,783,538,203,559,203,203,559,559,1273,1219,607,573,346,227,446,367,1370,682,229,74,653,101,101,645,488,1161,767,289,972,630,630,804,687,,,,,,,,,,,,,,,,,,,,,,,,,,,,,,,,,,,,,,,,,,,,,,,,,,,,,,,,,,,,,,,,,,,,,,,,,,,,,,,,,,,,,,,,,,,,,,,,,,,,,,
ACSSF,2013m1,dc,000,0072,0000015,,,,,,,,,,,,,,,,,,,,,,,,,,,,,,,,,,,,,,,,,,,,,,,,,,,,,,,,,,,,,,,,,,,,,,,,,,,,,,,,,,,4214,2027,929,503,2011,714,736,1966,1728,3750,3075,2238,2530,1504,1017,2270,1897,2459,888,605,314,660,203,203,660,660,2358,2032,1421,1315,962,641,823,761,2959,1908,633,307,1892,708,736,1837,1565,2836,1998,1359,2137,1157,878,1996,1625,,,,,,,,,,,,,,,,,,,,,,,,,,,,,,,,,,,,,,,,,,,,,,,,,,,,,,,,,,,,,,,,,,,,,,,,,,,,,,,,,,,,,,2235,681,330,270,576,203,203,576,576,2176,1886,1281,1043,705,584,722,623
