ACSSF,2013m1,dc,000,0102,0000001,2649,1424,598,625,69,626,356,512,701,400,869,183,861,841,938,774,1036,2286,117,2272,2145,1373,1997,400,989,203,989,1102,558,971,674,287,276,110,670,677,480,474,96,747,1666,686,786,203,786,603,603,1061,483,974,203,974,1050,703,890,998,2039,203,2039,2366,1457,1810,386,1127,203,1127,1069,596,1086,745,567,533,95,679,818,405,403,69,934,,,,,,,,,,,,,,,,,,,,,,,,,,,,,,,,,,,,,,,,,,,,,,,,,,,,,,,,,,,,,,,,,,,,,,,,,,,,,,,,,,,,,,,,,,,,,,,,,,,,,,,,,,,,,,,,,,,,,,,,,,,,,,,,,,,,,,,,,,,,,,,,,,,,,,,,,,,,,,
ACSSF,2013m1,dc,000,0102,0000002,2649,1424,598,625,69,626,356,512,701,400,869,183,861,841,938,774,1036,2286,117,2272,2145,1373,1997,400,989,203,989,1102,558,971,674,287,276,110,670,677,480,474,96,747,1666,686,786,203,786,603,603,1061,483,974,203,974,1050,703,890,998,2039,203,2039,2366,1457,1810,386,1127,203,1127,1069,596,1086,745,567,533,95,679,818,405,403,69,934,,,,,,,,,,,,,,,,,,,,,,,,,,,,,,,,,,,,,,,,,,,,,,,,,,,,,,,,,,,,,,,,,,,,,,,,,,,,,,,,,,,,,,,,,,,,,,,,,,,,,,,,,,,,,,,,,,,,,,,,,,,,,,,,,,,,,,,,,,,,,,,,,,,,,,,,,,,,,,
ACSSF,2013m1,dc,000,0102,0000003,2649,1424,598,625,69,626,356,512,701,400,869,183,861,841,938,774,1036,2286,117,2272,2145,1373,1997,400,989,203,989,1102,558,971,674,287,276,110,670,677,480,474,96,747,1666,686,786,203,786,603,603,1061,483,974,203,974,1050,703,890,998,2039,203,2039,2366,1457,1810,386,1127,203,1127,1069,596,1086,745,567,533,95,679,818,405,403,69,934,,,,,,,,,,,,,,,,,,,,,,,,,,,,,,,,,,,,,,,,,,,,,,,,,,,,,,,,,,,,,,,,,,,,,,,,,,,,,,,,,,,,,,,,,,,,,,,,,,,,,,,,,,,,,,,,,,,,,,,,,,,,,,,,,,,,,,,,,,,,,,,,,,,,,,,,,,,,,,
ACSSF,2013m1,dc,000,0102,0000004,2649,1424,598,625,69,626,356,512,701,400,869,183,861,841,938,774,1036,2286,117,2272,2145,1373,1997,400,989,203,989,1102,558,971,674,287,276,110,670,677,480,474,96,747,1666,686,786,203,786,603,603,1061,483,974,203,974,1050,703,890,998,2039,203,2039,2366,1457,1810,386,1127,203,1127,1069,596,1086,745,567,533,95,679,818,405,403,69,934,,,,,,,,,,,,,,,,,,,,,,,,,,,,,,,,,,,,,,,,,,,,,,,,,,,,,,,,,,,,,,,,,,,,,,,,,,,,,,,,,,,,,,,,,,,,,,,,,,,,,,,,,,,,,,,,,,,,,,,,,,,,,,,,,,,,,,,,,,,,,,,,,,,,,,,,,,,,,,
ACSSF,2013m1,dc,000,0102,0000005,2649,1424,598,625,69,626,356,512,701,400,869,183,861,841,938,774,1036,2286,117,2272,2145,1373,1997,400,989,203,989,1102,558,971,674,287,276,110,670,677,480,474,96,747,1666,686,786,203,786,603,603,1061,483,974,203,974,1050,703,890,998,2039,203,2039,2366,1457,1810,386,1127,203,1127,1069,596,1086,745,567,533,95,679,818,405,403,69,934,,,,,,,,,,,,,,,,,,,,,,,,,,,,,,,,,,,,,,,,,,,,,,,,,,,,,,,,,,,,,,,,,,,,,,,,,,,,,,,,,,,,,,,,,,,,,,,,,,,,,,,,,,,,,,,,,,,,,,,,,,,,,,,,,,,,,,,,,,,,,,,,,,,,,,,,,,,,,,
ACSSF,2013m1,dc,000,0102,0000006,2649,1424,598,625,69,626,356,512,701,400,869,183,861,841,938,774,1036,2286,117,2272,2145,1373,1997,400,989,203,989,1102,558,971,674,287,276,110,670,677,480,474,96,747,1666,686,786,203,786,603,603,1061,483,974,203,974,1050,703,890,998,2039,203,2039,2366,1457,1810,386,1127,203,1127,1069,596,1086,745,567,533,95,679,818,405,403,69,934,,,,,,,,,,,,,,,,,,,,,,,,,,,,,,,,,,,,,,,,,,,,,,,,,,,,,,,,,,,,,,,,,,,,,,,,,,,,,,,,,,,,,,,,,,,,,,,,,,,,,,,,,,,,,,,,,,,,,,,,,,,,,,,,,,,,,,,,,,,,,,,,,,,,,,,,,,,,,,
ACSSF,2013m1,dc,000,0102,0000007,2649,1424,598,625,69,626,356,512,701,400,869,183,861,841,938,774,1036,2286,117,2272,2145,1373,1997,400,989,203,989,1102,558,971,674,287,276,110,670,677,480,474,96,747,1666,686,786,203,786,603,603,1061,483,974,203,974,1050,703,890,998,2039,203,2039,2366,1457,1810,386,1127,203,1127,1069,596,1086,745,567,533,95,679,818,405,403,69,934,,,,,,,,,,,,,,,,,,,,,,,,,,,,,,,,,,,,,,,,,,,,,,,,,,,,,,,,,,,,,,,,,,,,,,,,,,,,,,,,,,,,,,,,,,,,,,,,,,,,,,,,,,,,,,,,,,,,,,,,,,,,,,,,,,,,,,,,,,,,,,,,,,,,,,,,,,,,,,
ACSSF,2013m1,dc,000,0102,0000008,2649,1424,598,625,69,626,356,512,701,400,869,183,861,841,938,774,1036,2286,117,2272,2145,1373,1997,400,989,203,989,1102,558,971,674,287,276,110,670,677,480,474,96,747,1666,686,786,203,786,603,603,1061,483,974,203,974,1050,703,890,998,2039,203,2039,2366,1457,1810,386,1127,203,1127,1069,596,1086,745,567,533,95,679,818,405,403,69,934,,,,,,,,,,,,,,,,,,,,,,,,,,,,,,,,,,,,,,,,,,,,,,,,,,,,,,,,,,,,,,,,,,,,,,,,,,,,,,,,,,,,,,,,,,,,,,,,,,,,,,,,,,,,,,,,,,,,,,,,,,,,,,,,,,,,,,,,,,,,,,,,,,,,,,,,,,,,,,
ACSSF,2013m1,dc,000,0102,0000009,2649,1424,598,625,69,626,356,512,701,400,869,183,861,841,938,774,1036,2286,117,2272,2145,1373,1997,400,989,203,989,1102,558,971,674,287,276,110,670,677,480,474,96,747,1666,686,786,203,786,603,603,1061,483,974,203,974,1050,703,890,998,2039,203,2039,2366,1457,1810,386,1127,203,1127,1069,596,1086,745,567,533,95,679,818,405,403,69,934,,,,,,,,,,,,,,,,,,,,,,,,,,,,,,,,,,,,,,,,,,,,,,,,,,,,,,,,,,,,,,,,,,,,,,,,,,,,,,,,,,,,,,,,,,,,,,,,,,,,,,,,,,,,,,,,,,,,,,,,,,,,,,,,,,,,,,,,,,,,,,,,,,,,,,,,,,,,,,
ACSSF,2013m1,dc,000,0102,0000010,,,,,,,,,,,,,,,,,,,,,,,,,,,,,,,,,,,,,,,,,,,,,,,,,,,,,,,,,,,,,,,,,,,,,,,,,,,,,,,,,,,,,,,,,,,,,,,,,,,,,,,,,,,,,,,,,,,,,,,,,,,,,,,,,,,,,,,,,,,,,,,,,,,,,,,,,,,,,,,,,,,,,,,,,,,,,,,,,,,,,,,,,,,,,,,,,,,,,,,,,,,,,,,,,,,,,,,,,,,,,,,,,,,,,,,,,,,,,
ACSSF,2013m1,dc,000,0102,0000011,4385,2769,507,186,203,186,175,52,461,486,458,203,458,287,313,212,2176,2046,203,2046,1873,640,782,1010,823,203,823,813,300,527,331,186,186,203,304,550,193,185,58,529,2593,719,167,203,167,86,144,679,629,577,203,577,530,184,286,1873,1700,203,1700,1660,694,739,1097,898,203,898,857,285,640,417,311,287,78,289,897,215,223,69,886,,,,,,,,,,,,,,,,,,,,,,,,,,,,,,,,,,,,,,,,,,,,,,,,,,,,,,,,,,,,,,,,,,,,,,,,,,,,,,,,,,,,,,,,,,,,,,,,,,,,,,,,,,,,,,,,,,,,,,,,,,,,,,,,,,,,,,,,,,,,,,,,,,,,,,,,,,,,,,
ACSSF,2013m1,dc,000,0102,0000012,3759,2010,690,315,69,310,203,310,668,687,566,141,544,437,262,454,1346,1261,79,1261,1021,994,631,933,790,203,790,746,152,617,424,84,84,203,406,553,209,195,72,558,2600,653,365,203,365,217,207,469,706,560,203,560,478,293,522,1759,1598,203,1598,1529,823,820,878,684,203,684,642,303,621,588,239,233,56,511,831,134,134,203,840,,,,,,,,,,,,,,,,,,,,,,,,,,,,,,,,,,,,,,,,,,,,,,,,,,,,,,,,,,,,,,,,,,,,,,,,,,,,,,,,,,,,,,,,,,,,,,,,,,,,,,,,,,,,,,,,,,,,,,,,,,,,,,,,,,,,,,,,,,,,,,,,,,,,,,,,,,,,,,
ACSSF,2013m1,dc,000,0102,0000013,6080,3007,1035,495,203,495,269,453,797,984,889,155,881,699,853,599,2214,1834,203,1834,1729,927,1795,949,862,203,862,841,309,694,504,132,132,203,497,621,278,278,203,616,4105,1355,587,203,587,272,500,1141,1009,935,203,935,693,615,832,2320,1894,203,1894,1931,990,1745,1199,838,203,838,770,365,826,645,284,284,203,595,1331,261,261,203,1362,,,,,,,,,,,,,,,,,,,,,,,,,,,,,,,,,,,,,,,,,,,,,,,,,,,,,,,,,,,,,,,,,,,,,,,,,,,,,,,,,,,,,,,,,,,,,,,,,,,,,,,,,,,,,,,,,,,,,,,,,,,,,,,,,,,,,,,,,,,,,,,,,,,,,,,,,,,,,,
ACSSF,2013m1,dc,000,0102,0000014,4054,2529,848,99,203,99,99,203,844,768,585,203,585,354,428,475,1804,1842,83,1829,1595,568,401,830,722,203,722,694,343,552,464,187,153,110,442,432,232,232,203,374,2629,1508,785,203,785,591,370,802,999,800,203,800,801,83,459,1477,1375,203,1375,1336,513,686,774,566,203,566,564,49,660,446,307,307,203,336,839,97,97,203,817,,,,,,,,,,,,,,,,,,,,,,,,,,,,,,,,,,,,,,,,,,,,,,,,,,,,,,,,,,,,,,,,,,,,,,,,,,,,,,,,,,,,,,,,,,,,,,,,,,,,,,,,,,,,,,,,,,,,,,,,,,,,,,,,,,,,,,,,,,,,,,,,,,,,,,,,,,,,,,
ACSSF,2013m1,dc,000,0102,0000015,2649,1424,598,625,69,626,356,512,701,400,869,183,861,841,938,774,1036,2286,117,2272,2145,1373,1997,400,989,203,989,1102,558,971,674,287,276,110,670,677,480,474,96,747,1666,686,786,203,786,603,603,1061,483,974,203,974,1050,703,890,998,2039,203,2039,2366,1457,1810,386,1127,203,1127,1069,596,1086,745,567,533,95,679,818,405,403,69,934,,,,,,,,,,,,,,,,,,,,,,,,,,,,,,,,,,,,,,,,,,,,,,,,,,,,,,,,,,,,,,,,,,,,,,,,,,,,,,,,,,,,,,,,,,,,,,,,,,,,,,,,,,,,,,,,,,,,,,,,,,,,,,,,,,,,,,,,,,,,,,,,,,,,,,,,,,,,,,
