ACSSF,2013m1,dc,000,0004,0000001,0,4748,3335,709,1409,120,4483,3333,1466,3185,,,,,,,,,,,,,,,,,,,,,,,,,,,,,,,,,,,,,,,,,,,,,,,,,,,,,,,,,,,,,,,,,,,,,,,,5142,2489,2191,1301,423,4749,,,,,,,,,,,,,,,,,,,,,,,,,,,,,,,,,,,,,,,,,,,,,,,,,,,,,,,,,,,,,,,,,,,,,,,,,,,,,,,,,,,,,,,,,,,,,0,3333,4748,3335,709,1409,120,4483,3333,1466,3185,2699,1142,630,1256,979,1448,1269,367,,,,,,,,,,1409,1070,1589,907,881,957,1321,738,,,,,
ACSSF,2013m1,dc,000,0004,0000002,0,4748,3335,709,1409,120,4483,3333,1466,3185,,,,,,,,,,,,,,,,,,,,,,,,,,,,,,,,,,,,,,,,,,,,,,,,,,,,,,,,,,,,,,,,,,,,,,,,5142,2489,2191,1301,423,4749,,,,,,,,,,,,,,,,,,,,,,,,,,,,,,,,,,,,,,,,,,,,,,,,,,,,,,,,,,,,,,,,,,,,,,,,,,,,,,,,,,,,,,,,,,,,,0,3333,4748,3335,709,1409,120,4483,3333,1466,3185,2699,1142,630,1256,979,1448,1269,367,,,,,,,,,,1409,1070,1589,907,881,957,1321,738,,,,,
ACSSF,2013m1,dc,000,0004,0000003,0,4748,3335,709,1409,120,4483,3333,1466,3185,,,,,,,,,,,,,,,,,,,,,,,,,,,,,,,,,,,,,,,,,,,,,,,,,,,,,,,,,,,,,,,,,,,,,,,,5142,2489,2191,1301,423,4749,,,,,,,,,,,,,,,,,,,,,,,,,,,,,,,,,,,,,,,,,,,,,,,,,,,,,,,,,,,,,,,,,,,,,,,,,,,,,,,,,,,,,,,,,,,,,0,3333,4748,3335,709,1409,120,4483,3333,1466,3185,2699,1142,630,1256,979,1448,1269,367,,,,,,,,,,1409,1070,1589,907,881,957,1321,738,,,,,
ACSSF,2013m1,dc,000,0004,0000004,0,4748,3335,709,1409,120,4483,3333,1466,3185,,,,,,,,,,,,,,,,,,,,,,,,,,,,,,,,,,,,,,,,,,,,,,,,,,,,,,,,,,,,,,,,,,,,,,,,5142,2489,2191,1301,423,4749,,,,,,,,,,,,,,,,,,,,,,,,,,,,,,,,,,,,,,,,,,,,,,,,,,,,,,,,,,,,,,,,,,,,,,,,,,,,,,,,,,,,,,,,,,,,,0,3333,4748,3335,709,1409,120,4483,3333,1466,3185,2699,1142,630,1256,979,1448,1269,367,,,,,,,,,,1409,1070,1589,907,881,957,1321,738,,,,,
ACSSF,2013m1,dc,000,0004,0000005,0,4748,3335,709,1409,120,4483,3333,1466,3185,,,,,,,,,,,,,,,,,,,,,,,,,,,,,,,,,,,,,,,,,,,,,,,,,,,,,,,,,,,,,,,,,,,,,,,,5142,2489,2191,1301,423,4749,,,,,,,,,,,,,,,,,,,,,,,,,,,,,,,,,,,,,,,,,,,,,,,,,,,,,,,,,,,,,,,,,,,,,,,,,,,,,,,,,,,,,,,,,,,,,0,3333,4748,3335,709,1409,120,4483,3333,1466,3185,2699,1142,630,1256,979,1448,1269,367,,,,,,,,,,1409,1070,1589,907,881,957,1321,738,,,,,
ACSSF,2013m1,dc,000,0004,0000006,0,4748,3335,709,1409,120,4483,3333,1466,3185,,,,,,,,,,,,,,,,,,,,,,,,,,,,,,,,,,,,,,,,,,,,,,,,,,,,,,,,,,,,,,,,,,,,,,,,5142,2489,2191,1301,423,4749,,,,,,,,,,,,,,,,,,,,,,,,,,,,,,,,,,,,,,,,,,,,,,,,,,,,,,,,,,,,,,,,,,,,,,,,,,,,,,,,,,,,,,,,,,,,,0,3333,4748,3335,709,1409,120,4483,3333,1466,3185,2699,1142,630,1256,979,1448,1269,367,,,,,,,,,,1409,1070,1589,907,881,957,1321,738,,,,,
ACSSF,2013m1,dc,000,0004,0000007,0,4748,3335,709,1409,120,4483,3333,1466,3185,,,,,,,,,,,,,,,,,,,,,,,,,,,,,,,,,,,,,,,,,,,,,,,,,,,,,,,,,,,,,,,,,,,,,,,,5142,2489,2191,1301,423,4749,,,,,,,,,,,,,,,,,,,,,,,,,,,,,,,,,,,,,,,,,,,,,,,,,,,,,,,,,,,,,,,,,,,,,,,,,,,,,,,,,,,,,,,,,,,,,0,3333,4748,3335,709,1409,120,4483,3333,1466,3185,2699,1142,630,1256,979,1448,1269,367,,,,,,,,,,1409,1070,1589,907,881,957,1321,738,,,,,
ACSSF,2013m1,dc,000,0004,0000008,0,4748,3335,709,1409,120,4483,3333,1466,3185,,,,,,,,,,,,,,,,,,,,,,,,,,,,,,,,,,,,,,,,,,,,,,,,,,,,,,,,,,,,,,,,,,,,,,,,5142,2489,2191,1301,423,4749,,,,,,,,,,,,,,,,,,,,,,,,,,,,,,,,,,,,,,,,,,,,,,,,,,,,,,,,,,,,,,,,,,,,,,,,,,,,,,,,,,,,,,,,,,,,,0,3333,4748,3335,709,1409,120,4483,3333,1466,3185,2699,1142,630,1256,979,1448,1269,367,,,,,,,,,,1409,1070,1589,907,881,957,1321,738,,,,,
ACSSF,2013m1,dc,000,0004,0000009,0,4748,3335,709,1409,120,4483,3333,1466,3185,,,,,,,,,,,,,,,,,,,,,,,,,,,,,,,,,,,,,,,,,,,,,,,,,,,,,,,,,,,,,,,,,,,,,,,,5142,2489,2191,1301,423,4749,,,,,,,,,,,,,,,,,,,,,,,,,,,,,,,,,,,,,,,,,,,,,,,,,,,,,,,,,,,,,,,,,,,,,,,,,,,,,,,,,,,,,,,,,,,,,0,3333,4748,3335,709,1409,120,4483,3333,1466,3185,2699,1142,630,1256,979,1448,1269,367,,,,,,,,,,1409,1070,1589,907,881,957,1321,738,,,,,
ACSSF,2013m1,dc,000,0004,0000010,4256,4044,2089,203,1312,203,939,2154,933,1981,,,,,,,,,,,,,,,,,,,,,,,,,,,,,,,,,,,,,,,,,,,,,,,,,,,,,,,,,,,,,,,,,,,,,,,,4021,2984,1602,1787,,1453,,,,,,,,,,,,,,,,,,,,,,,,,,,,,,,,,,,,,,,,,,,,,,,,,,,,,,,,,,,,,,,,,,,,,,,,,,,,,,,,,,,,,,,,,,,,,4256,3999,4044,2089,203,1312,203,939,2154,933,1981,1542,558,415,767,516,994,1070,296,,,,,,,,,,1312,378,914,303,337,623,482,550,,,,,
ACSSF,2013m1,dc,000,0004,0000011,7390,4596,5581,131,1167,203,3430,1045,252,1008,,,,,,,,,,,,,,,,,,,,,,,,,,,,,,,,,,,,,,,,,,,,,,,,,,,,,,,,,,,,,,,,,,,,,,,,4777,5358,720,1315,,3478,,,,,,,,,,,,,,,,,,,,,,,,,,,,,,,,,,,,,,,,,,,,,,,,,,,,,,,,,,,,,,,,,,,,,,,,,,,,,,,,,,,,,,,,,,,,,7390,7420,4596,5581,131,1167,203,3430,1045,252,1008,1025,351,254,515,719,418,156,203,,,,,,,,,,,,,,,,,,,,,,
ACSSF,2013m1,dc,000,0004,0000012,5423,3585,5239,616,748,94,1657,604,271,607,,,,,,,,,,,,,,,,,,,,,,,,,,,,,,,,,,,,,,,,,,,,,,,,,,,,,,,,,,,,,,,,,,,,,,,,3657,5242,656,825,,1659,,,,,,,,,,,,,,,,,,,,,,,,,,,,,,,,,,,,,,,,,,,,,,,,,,,,,,,,,,,,,,,,,,,,,,,,,,,,,,,,,,,,,,,,,,,,,5423,5458,3585,5239,616,748,94,1657,604,271,607,597,403,198,349,126,308,205,203,,,,,,,,,,,,,,,,,,,,,,
ACSSF,2013m1,dc,000,0004,0000013,7552,1814,7386,360,266,73,1237,544,291,461,,,,,,,,,,,,,,,,,,,,,,,,,,,,,,,,,,,,,,,,,,,,,,,,,,,,,,,,,,,,,,,,,,,,,,,,1907,7284,503,396,,1162,,,,,,,,,,,,,,,,,,,,,,,,,,,,,,,,,,,,,,,,,,,,,,,,,,,,,,,,,,,,,,,,,,,,,,,,,,,,,,,,,,,,,,,,,,,,,,,,,,,,,,,,,,,,,,,,,,,,,,,,,,,,,,,,,,,,,
ACSSF,2013m1,dc,000,0004,0000014,7541,4796,5108,261,1724,203,2393,1572,804,1412,,,,,,,,,,,,,,,,,,,,,,,,,,,,,,,,,,,,,,,,,,,,,,,,,,,,,,,,,,,,,,,,,,,,,,,,4911,5240,881,2229,,2513,,,,,,,,,,,,,,,,,,,,,,,,,,,,,,,,,,,,,,,,,,,,,,,,,,,,,,,,,,,,,,,,,,,,,,,,,,,,,,,,,,,,,,,,,,,,,7541,7432,4796,5108,261,1724,203,2393,1572,804,1412,1443,766,460,970,220,770,606,220,,,,,,,,,,1724,652,1308,603,373,537,1024,532,,,,,
ACSSF,2013m1,dc,000,0004,0000015,0,4748,3335,709,1409,120,4483,3333,1466,3185,,,,,,,,,,,,,,,,,,,,,,,,,,,,,,,,,,,,,,,,,,,,,,,,,,,,,,,,,,,,,,,,,,,,,,,,5142,2489,2191,1301,423,4749,,,,,,,,,,,,,,,,,,,,,,,,,,,,,,,,,,,,,,,,,,,,,,,,,,,,,,,,,,,,,,,,,,,,,,,,,,,,,,,,,,,,,,,,,,,,,0,3333,4748,3335,709,1409,120,4483,3333,1466,3185,2699,1142,630,1256,979,1448,1269,367,,,,,,,,,,1409,1070,1589,907,881,957,1321,738,,,,,
