ACSSF,2013m1,dc,000,0014,0000001,560,409,213,315,249,141,215,300,1677,1627,985,1260,302,245,641,628,117,627,170,1844,1866,1012,1426,0,370,370,577,507,262,445,0,1307,1307,1087,1504,370,370,561,574,518,238,0,1519,1518,1053,1535,0.2,0.3,0.2,0.3,0.4,0.3,0.9,0.9,1.8,1.9,2.7,3.8,0.9,1.5,1.2,5878,2804,415,2809,438,2731,4081,1059,3899,2157,3172,2798,886,2635,1685,1756,2841,1146,2557,2407,1444,,,,,,,,,,,,,,,,,,,,,,0,576,408,748,707,410,2761,2713,576,461,1182,1174,308,3221,3251,5878,2804,415,2809,4081,1059,3899,2798,886,2635,2841,1146,2557
ACSSF,2013m1,dc,000,0014,0000002,560,409,213,315,249,141,215,300,1677,1627,985,1260,302,245,641,628,117,627,170,1844,1866,1012,1426,0,370,370,577,507,262,445,0,1307,1307,1087,1504,370,370,561,574,518,238,0,1519,1518,1053,1535,0.2,0.3,0.2,0.3,0.4,0.3,0.9,0.9,1.8,1.9,2.7,3.8,0.9,1.5,1.2,5878,2804,415,2809,438,2731,4081,1059,3899,2157,3172,2798,886,2635,1685,1756,2841,1146,2557,2407,1444,,,,,,,,,,,,,,,,,,,,,,0,576,408,748,707,410,2761,2713,576,461,1182,1174,308,3221,3251,5878,2804,415,2809,4081,1059,3899,2798,886,2635,2841,1146,2557
ACSSF,2013m1,dc,000,0014,0000003,560,409,213,315,249,141,215,300,1677,1627,985,1260,302,245,641,628,117,627,170,1844,1866,1012,1426,0,370,370,577,507,262,445,0,1307,1307,1087,1504,370,370,561,574,518,238,0,1519,1518,1053,1535,0.2,0.3,0.2,0.3,0.4,0.3,0.9,0.9,1.8,1.9,2.7,3.8,0.9,1.5,1.2,5878,2804,415,2809,438,2731,4081,1059,3899,2157,3172,2798,886,2635,1685,1756,2841,1146,2557,2407,1444,,,,,,,,,,,,,,,,,,,,,,0,576,408,748,707,410,2761,2713,576,461,1182,1174,308,3221,3251,5878,2804,415,2809,4081,1059,3899,2798,886,2635,2841,1146,2557
ACSSF,2013m1,dc,000,0014,0000004,560,409,213,315,249,141,215,300,1677,1627,985,1260,302,245,641,628,117,627,170,1844,1866,1012,1426,0,370,370,577,507,262,445,0,1307,1307,1087,1504,370,370,561,574,518,238,0,1519,1518,1053,1535,0.2,0.3,0.2,0.3,0.4,0.3,0.9,0.9,1.8,1.9,2.7,3.8,0.9,1.5,1.2,5878,2804,415,2809,438,2731,4081,1059,3899,2157,3172,2798,886,2635,1685,1756,2841,1146,2557,2407,1444,,,,,,,,,,,,,,,,,,,,,,0,576,408,748,707,410,2761,2713,576,461,1182,1174,308,3221,3251,5878,2804,415,2809,4081,1059,3899,2798,886,2635,2841,1146,2557
ACSSF,2013m1,dc,000,0014,0000005,560,409,213,315,249,141,215,300,1677,1627,985,1260,302,245,641,628,117,627,170,1844,1866,1012,1426,0,370,370,577,507,262,445,0,1307,1307,1087,1504,370,370,561,574,518,238,0,1519,1518,1053,1535,0.2,0.3,0.2,0.3,0.4,0.3,0.9,0.9,1.8,1.9,2.7,3.8,0.9,1.5,1.2,5878,2804,415,2809,438,2731,4081,1059,3899,2157,3172,2798,886,2635,1685,1756,2841,1146,2557,2407,1444,,,,,,,,,,,,,,,,,,,,,,0,576,408,748,707,410,2761,2713,576,461,1182,1174,308,3221,3251,5878,2804,415,2809,4081,1059,3899,2798,886,2635,2841,1146,2557
ACSSF,2013m1,dc,000,0014,0000006,560,409,213,315,249,141,215,300,1677,1627,985,1260,302,245,641,628,117,627,170,1844,1866,1012,1426,0,370,370,577,507,262,445,0,1307,1307,1087,1504,370,370,561,574,518,238,0,1519,1518,1053,1535,0.2,0.3,0.2,0.3,0.4,0.3,0.9,0.9,1.8,1.9,2.7,3.8,0.9,1.5,1.2,5878,2804,415,2809,438,2731,4081,1059,3899,2157,3172,2798,886,2635,1685,1756,2841,1146,2557,2407,1444,,,,,,,,,,,,,,,,,,,,,,0,576,408,748,707,410,2761,2713,576,461,1182,1174,308,3221,3251,5878,2804,415,2809,4081,1059,3899,2798,886,2635,2841,1146,2557
ACSSF,2013m1,dc,000,0014,0000007,560,409,213,315,249,141,215,300,1677,1627,985,1260,302,245,641,628,117,627,170,1844,1866,1012,1426,0,370,370,577,507,262,445,0,1307,1307,1087,1504,370,370,561,574,518,238,0,1519,1518,1053,1535,0.2,0.3,0.2,0.3,0.4,0.3,0.9,0.9,1.8,1.9,2.7,3.8,0.9,1.5,1.2,5878,2804,415,2809,438,2731,4081,1059,3899,2157,3172,2798,886,2635,1685,1756,2841,1146,2557,2407,1444,,,,,,,,,,,,,,,,,,,,,,0,576,408,748,707,410,2761,2713,576,461,1182,1174,308,3221,3251,5878,2804,415,2809,4081,1059,3899,2798,886,2635,2841,1146,2557
ACSSF,2013m1,dc,000,0014,0000008,560,409,213,315,249,141,215,300,1677,1627,985,1260,302,245,641,628,117,627,170,1844,1866,1012,1426,0,370,370,577,507,262,445,0,1307,1307,1087,1504,370,370,561,574,518,238,0,1519,1518,1053,1535,0.2,0.3,0.2,0.3,0.4,0.3,0.9,0.9,1.8,1.9,2.7,3.8,0.9,1.5,1.2,5878,2804,415,2809,438,2731,4081,1059,3899,2157,3172,2798,886,2635,1685,1756,2841,1146,2557,2407,1444,,,,,,,,,,,,,,,,,,,,,,0,576,408,748,707,410,2761,2713,576,461,1182,1174,308,3221,3251,5878,2804,415,2809,4081,1059,3899,2798,886,2635,2841,1146,2557
ACSSF,2013m1,dc,000,0014,0000009,560,409,213,315,249,141,215,300,1677,1627,985,1260,302,245,641,628,117,627,170,1844,1866,1012,1426,0,370,370,577,507,262,445,0,1307,1307,1087,1504,370,370,561,574,518,238,0,1519,1518,1053,1535,0.2,0.3,0.2,0.3,0.4,0.3,0.9,0.9,1.8,1.9,2.7,3.8,0.9,1.5,1.2,5878,2804,415,2809,438,2731,4081,1059,3899,2157,3172,2798,886,2635,1685,1756,2841,1146,2557,2407,1444,,,,,,,,,,,,,,,,,,,,,,0,576,408,748,707,410,2761,2713,576,461,1182,1174,308,3221,3251,5878,2804,415,2809,4081,1059,3899,2798,886,2635,2841,1146,2557
ACSSF,2013m1,dc,000,0014,0000010,3830,2536,878,889,207,112,181,2428,2386,694,490,556,2712,882,862,370,117,361,2481,2365,947,594,721,2195,1411,711,656,350,169,314,1109,883,767,506,521,1386,612,574,269,269,203,1119,1126,856,349,872,1.5,2.4,1.6,1.8,2.3,2.6,2.7,5.0,3.4,5.5,8.0,10.1,3.0,2.9,2.4,2811,1341,379,1272,98,1270,1777,715,1622,551,1542,1033,347,941,452,761,1454,574,1301,1081,665,,,,,,,,,,,,,,,,,,,,,,4256,3407,1520,1603,452,2998,2702,1271,3089,1193,1225,462,2806,2779,1589,2811,1341,379,1272,1777,715,1622,1033,347,941,1454,574,1301
ACSSF,2013m1,dc,000,0014,0000011,3242,2107,580,577,59,203,59,1873,1785,611,220,579,1881,635,637,90,203,90,1668,1734,498,331,408,3154,2025,937,900,326,208,272,1574,861,1489,815,1379,1856,1003,951,416,394,175,1440,900,1193,796,1173,1.2,1.2,2.1,1.6,2.1,2.2,2.6,2.2,3.7,3.5,4.1,8.1,1.5,1.2,7.2,3906,1264,110,1261,396,1163,2847,196,2807,1497,2530,1642,311,1576,900,1137,1622,614,1524,1027,956,,,,,,,,,,,,,,,,,,,,,,7390,4088,1756,1740,435,3325,2885,2127,4574,2190,2068,731,3381,2821,1942,3906,1264,110,1261,2847,196,2807,1642,311,1576,1622,614,1524
ACSSF,2013m1,dc,000,0014,0000012,3247,2055,598,587,89,75,49,1854,1811,309,222,213,1978,637,650,169,203,169,1689,1634,401,202,334,2378,1310,524,524,203,203,203,997,670,716,298,680,1460,890,672,283,220,197,927,742,573,332,417,1.7,2.0,2.1,1.7,2.1,2.2,4.1,3.8,7.9,4.3,9.0,8.3,4.1,2.7,12.9,2205,777,175,800,220,758,1279,231,1276,617,1064,965,279,904,723,432,811,492,637,468,444,,,,,,,,,,,,,,,,,,,,,,5423,3254,1722,1702,89,2798,2672,1060,3618,1713,1596,321,2985,2989,1298,2205,777,175,800,1279,231,1276,965,279,904,811,492,637
ACSSF,2013m1,dc,000,0014,0000013,,,,,,,,,,,,,,,,,,,,,,,,1806,967,641,641,203,203,203,499,256,477,165,468,1213,919,919,203,203,203,596,404,443,320,341,1.6,1.9,2.5,1.7,2.0,2.4,4.4,11.6,3.8,4.3,5.8,6.8,9.3,8.5,18.4,1358,471,203,471,39,469,718,123,709,320,614,466,306,345,206,287,900,300,867,654,449,,,,,,,,,,,,,,,,,,,,,,7552,3673,2181,2171,213,2900,2794,783,5050,2400,2404,101,3930,3909,777,1358,471,203,471,718,123,709,466,306,345,900,300,867
ACSSF,2013m1,dc,000,0014,0000014,4361,3017,563,551,42,42,203,2956,3138,1156,795,810,2889,850,676,540,203,540,2613,2468,1184,530,1079,3499,1989,596,587,176,203,176,1634,1070,1071,826,848,1922,869,864,142,142,203,1477,1079,1060,710,799,0.7,1.3,0.4,0.4,0.9,0.8,2.5,3.1,2.0,5.5,8.2,4.7,2.0,2.8,1.7,3315,1642,141,1658,203,1658,1757,667,1593,1047,1449,1658,652,1516,1050,999,1719,716,1605,1546,583,,,,,,,,,,,,,,,,,,,,,,7541,4735,1779,1792,180,4403,4343,2078,4283,1554,1601,588,3791,3355,1574,3315,1642,141,1658,1757,667,1593,1658,652,1516,1719,716,1605
ACSSF,2013m1,dc,000,0014,0000015,560,409,213,315,249,141,215,300,1677,1627,985,1260,302,245,641,628,117,627,170,1844,1866,1012,1426,0,370,370,577,507,262,445,0,1307,1307,1087,1504,370,370,561,574,518,238,0,1519,1518,1053,1535,0.2,0.3,0.2,0.3,0.4,0.3,0.9,0.9,1.8,1.9,2.7,3.8,0.9,1.5,1.2,5878,2804,415,2809,438,2731,4081,1059,3899,2157,3172,2798,886,2635,1685,1756,2841,1146,2557,2407,1444,,,,,,,,,,,,,,,,,,,,,,0,576,408,748,707,410,2761,2713,576,461,1182,1174,308,3221,3251,5878,2804,415,2809,4081,1059,3899,2798,886,2635,2841,1146,2557
