ACSSF,2013m1,dc,000,0062,0000001,5387,3241,2422,2269,667,1480,329,1787,2180,1957,700,1425,708,2016,901,737,302,498,432,631,3468,2279,2304,701,1360,580,2565,2887,2007,689,1202,1313,1541,1074,850,352,388,668,980,6154,1840,1601,1346,1789,3981,1423,873,1746,2987,1888,2548,2823,1765,2182,1582,4380,2125,640,1821,1299,2054,,,,,,,1146,1062,432,797,214,611,,,,,,,1411,1001,208,556,254,755,1753,1076,255,657,301,912,2229,3598,1242,1586,872,3141,2076,1980,608,878,525,1413
ACSSF,2013m1,dc,000,0062,0000002,5387,3241,2422,2269,667,1480,329,1787,2180,1957,700,1425,708,2016,901,737,302,498,432,631,3468,2279,2304,701,1360,580,2565,2887,2007,689,1202,1313,1541,1074,850,352,388,668,980,6154,1840,1601,1346,1789,3981,1423,873,1746,2987,1888,2548,2823,1765,2182,1582,4380,2125,640,1821,1299,2054,,,,,,,1146,1062,432,797,214,611,,,,,,,1411,1001,208,556,254,755,1753,1076,255,657,301,912,2229,3598,1242,1586,872,3141,2076,1980,608,878,525,1413
ACSSF,2013m1,dc,000,0062,0000003,5387,3241,2422,2269,667,1480,329,1787,2180,1957,700,1425,708,2016,901,737,302,498,432,631,3468,2279,2304,701,1360,580,2565,2887,2007,689,1202,1313,1541,1074,850,352,388,668,980,6154,1840,1601,1346,1789,3981,1423,873,1746,2987,1888,2548,2823,1765,2182,1582,4380,2125,640,1821,1299,2054,,,,,,,1146,1062,432,797,214,611,,,,,,,1411,1001,208,556,254,755,1753,1076,255,657,301,912,2229,3598,1242,1586,872,3141,2076,1980,608,878,525,1413
ACSSF,2013m1,dc,000,0062,0000004,5387,3241,2422,2269,667,1480,329,1787,2180,1957,700,1425,708,2016,901,737,302,498,432,631,3468,2279,2304,701,1360,580,2565,2887,2007,689,1202,1313,1541,1074,850,352,388,668,980,6154,1840,1601,1346,1789,3981,1423,873,1746,2987,1888,2548,2823,1765,2182,1582,4380,2125,640,1821,1299,2054,,,,,,,1146,1062,432,797,214,611,,,,,,,1411,1001,208,556,254,755,1753,1076,255,657,301,912,2229,3598,1242,1586,872,3141,2076,1980,608,878,525,1413
ACSSF,2013m1,dc,000,0062,0000005,5387,3241,2422,2269,667,1480,329,1787,2180,1957,700,1425,708,2016,901,737,302,498,432,631,3468,2279,2304,701,1360,580,2565,2887,2007,689,1202,1313,1541,1074,850,352,388,668,980,6154,1840,1601,1346,1789,3981,1423,873,1746,2987,1888,2548,2823,1765,2182,1582,4380,2125,640,1821,1299,2054,,,,,,,1146,1062,432,797,214,611,,,,,,,1411,1001,208,556,254,755,1753,1076,255,657,301,912,2229,3598,1242,1586,872,3141,2076,1980,608,878,525,1413
ACSSF,2013m1,dc,000,0062,0000006,5387,3241,2422,2269,667,1480,329,1787,2180,1957,700,1425,708,2016,901,737,302,498,432,631,3468,2279,2304,701,1360,580,2565,2887,2007,689,1202,1313,1541,1074,850,352,388,668,980,6154,1840,1601,1346,1789,3981,1423,873,1746,2987,1888,2548,2823,1765,2182,1582,4380,2125,640,1821,1299,2054,,,,,,,1146,1062,432,797,214,611,,,,,,,1411,1001,208,556,254,755,1753,1076,255,657,301,912,2229,3598,1242,1586,872,3141,2076,1980,608,878,525,1413
ACSSF,2013m1,dc,000,0062,0000007,5387,3241,2422,2269,667,1480,329,1787,2180,1957,700,1425,708,2016,901,737,302,498,432,631,3468,2279,2304,701,1360,580,2565,2887,2007,689,1202,1313,1541,1074,850,352,388,668,980,6154,1840,1601,1346,1789,3981,1423,873,1746,2987,1888,2548,2823,1765,2182,1582,4380,2125,640,1821,1299,2054,,,,,,,1146,1062,432,797,214,611,,,,,,,1411,1001,208,556,254,755,1753,1076,255,657,301,912,2229,3598,1242,1586,872,3141,2076,1980,608,878,525,1413
ACSSF,2013m1,dc,000,0062,0000008,5387,3241,2422,2269,667,1480,329,1787,2180,1957,700,1425,708,2016,901,737,302,498,432,631,3468,2279,2304,701,1360,580,2565,2887,2007,689,1202,1313,1541,1074,850,352,388,668,980,6154,1840,1601,1346,1789,3981,1423,873,1746,2987,1888,2548,2823,1765,2182,1582,4380,2125,640,1821,1299,2054,,,,,,,1146,1062,432,797,214,611,,,,,,,1411,1001,208,556,254,755,1753,1076,255,657,301,912,2229,3598,1242,1586,872,3141,2076,1980,608,878,525,1413
ACSSF,2013m1,dc,000,0062,0000009,5387,3241,2422,2269,667,1480,329,1787,2180,1957,700,1425,708,2016,901,737,302,498,432,631,3468,2279,2304,701,1360,580,2565,2887,2007,689,1202,1313,1541,1074,850,352,388,668,980,6154,1840,1601,1346,1789,3981,1423,873,1746,2987,1888,2548,2823,1765,2182,1582,4380,2125,640,1821,1299,2054,,,,,,,1146,1062,432,797,214,611,,,,,,,1411,1001,208,556,254,755,1753,1076,255,657,301,912,2229,3598,1242,1586,872,3141,2076,1980,608,878,525,1413
ACSSF,2013m1,dc,000,0062,0000010,3279,2296,1713,1038,203,841,203,950,1502,1147,344,768,203,1314,689,531,208,362,130,389,2383,1893,1367,244,911,425,1294,1907,1017,326,506,388,1306,796,537,221,211,431,768,3968,682,1038,611,779,2018,795,460,729,1760,740,1663,1739,966,1114,772,,,,,,,,,,,,,886,661,208,488,141,527,,,,,,,,,,,,,778,402,203,265,211,432,2896,2239,613,1329,578,2197,1468,1195,220,495,351,887
ACSSF,2013m1,dc,000,0062,0000011,4104,2542,1901,1324,78,627,102,869,1569,938,447,383,633,895,581,375,134,117,270,238,2652,1680,1010,297,574,314,1076,1756,985,268,526,1067,787,486,185,105,53,306,400,4481,1041,723,315,636,1818,643,284,694,1063,1334,885,1024,698,1020,785,2783,1450,151,922,1059,1295,,,,,,,551,314,300,203,164,258,,,,,,,,,,,,,,,,,,,2231,1463,305,414,541,1225,1463,1084,428,318,252,515
ACSSF,2013m1,dc,000,0062,0000012,3059,2053,1745,1244,186,437,84,904,1213,818,222,704,129,441,460,290,89,168,128,296,1949,1511,1234,161,513,247,939,1295,967,369,635,363,733,588,219,145,239,223,395,3469,396,488,676,661,1633,520,255,621,1220,585,766,822,768,899,545,1768,905,390,1003,408,1017,,,,,,,,,,,,,,,,,,,,,,,,,488,336,203,110,74,300,2360,1422,350,598,332,1406,1037,833,100,346,203,451
ACSSF,2013m1,dc,000,0062,0000013,1776,1077,635,461,203,311,203,242,864,614,59,346,132,453,374,104,92,178,75,279,1147,807,556,226,348,107,357,733,247,177,360,292,541,413,221,101,131,245,198,1937,541,321,237,376,617,282,71,330,700,411,371,397,337,286,496,1543,945,287,634,374,874,,,,,,,,,,,,,,,,,,,,,,,,,,,,,,,576,236,150,220,146,279,,,,,,
ACSSF,2013m1,dc,000,0062,0000014,4017,2998,2750,2292,644,1051,312,1332,1726,1087,319,663,320,1152,698,595,203,235,186,343,2548,2074,1833,526,824,243,1864,1488,924,259,456,366,934,855,562,146,201,299,562,4942,1142,925,770,911,3009,1066,608,955,1731,803,1388,1907,886,1416,1018,1856,922,299,721,496,979,,,,,,,842,836,190,530,94,375,,,,,,,,,,,,,,,,,,,3287,2632,854,1019,406,2426,1597,1216,263,588,243,867
ACSSF,2013m1,dc,000,0062,0000015,5387,3241,2422,2269,667,1480,329,1787,2180,1957,700,1425,708,2016,901,737,302,498,432,631,3468,2279,2304,701,1360,580,2565,2887,2007,689,1202,1313,1541,1074,850,352,388,668,980,6154,1840,1601,1346,1789,3981,1423,873,1746,2987,1888,2548,2823,1765,2182,1582,4380,2125,640,1821,1299,2054,,,,,,,1146,1062,432,797,214,611,,,,,,,1411,1001,208,556,254,755,1753,1076,255,657,301,912,2229,3598,1242,1586,872,3141,2076,1980,608,878,525,1413
