ACSSF,2014e1,dc,000,0165,0000001,112492,85550,27484,58066,26942,7484,19458,112492,34968,77524,28806,1950,26856,306184,18097,288087,306184,11008,295176,306184,87322,218862,277378,6965,270413,306184,12694,293490,306184,7462,298722,647966,95028,552938,647966,89453,558513,647966,89670,558296,647966,70103,577863,647966,77079,570887,647966,69039,578927,647966,80245,567721,647966,83176,564790,647966,81879,566087,277378,6235,271143,277378,2885,274493,3374,274004,3737,273641,277378,6753,6753,6753,47799,227843
ACSSF,2014e1,dc,000,0165,0000002,112492,85550,27484,58066,26942,7484,19458,112492,34968,77524,28806,1950,26856,306184,18097,288087,306184,11008,295176,306184,87322,218862,277378,6965,270413,306184,12694,293490,306184,7462,298722,647966,95028,552938,647966,89453,558513,647966,89670,558296,647966,70103,577863,647966,77079,570887,647966,69039,578927,647966,80245,567721,647966,83176,564790,647966,81879,566087,277378,6235,271143,277378,2885,274493,3374,274004,3737,273641,277378,6753,6753,6753,47799,227843
ACSSF,2014e1,dc,000,0165,0000003,112492,85550,27484,58066,26942,7484,19458,112492,34968,77524,28806,1950,26856,306184,18097,288087,306184,11008,295176,306184,87322,218862,277378,6965,270413,306184,12694,293490,306184,7462,298722,647966,95028,552938,647966,89453,558513,647966,89670,558296,647966,70103,577863,647966,77079,570887,647966,69039,578927,647966,80245,567721,647966,83176,564790,647966,81879,566087,277378,6235,271143,277378,2885,274493,3374,274004,3737,273641,277378,6753,6753,6753,47799,227843
ACSSF,2014e1,dc,000,0165,0000004,112492,85550,27484,58066,26942,7484,19458,112492,34968,77524,28806,1950,26856,306184,18097,288087,306184,11008,295176,306184,87322,218862,277378,6965,270413,306184,12694,293490,306184,7462,298722,647966,95028,552938,647966,89453,558513,647966,89670,558296,647966,70103,577863,647966,77079,570887,647966,69039,578927,647966,80245,567721,647966,83176,564790,647966,81879,566087,277378,6235,271143,277378,2885,274493,3374,274004,3737,273641,277378,6753,6753,6753,47799,227843
ACSSF,2014e1,dc,000,0165,0000005,112492,85550,27484,58066,26942,7484,19458,112492,34968,77524,28806,1950,26856,306184,18097,288087,306184,11008,295176,306184,87322,218862,277378,6965,270413,306184,12694,293490,306184,7462,298722,647966,95028,552938,647966,89453,558513,647966,89670,558296,647966,70103,577863,647966,77079,570887,647966,69039,578927,647966,80245,567721,647966,83176,564790,647966,81879,566087,277378,6235,271143,277378,2885,274493,3374,274004,3737,273641,277378,6753,6753,6753,47799,227843
ACSSF,2014e1,dc,000,0165,0000006,112492,85550,27484,58066,26942,7484,19458,112492,34968,77524,28806,1950,26856,306184,18097,288087,306184,11008,295176,306184,87322,218862,277378,6965,270413,306184,12694,293490,306184,7462,298722,647966,95028,552938,647966,89453,558513,647966,89670,558296,647966,70103,577863,647966,77079,570887,647966,69039,578927,647966,80245,567721,647966,83176,564790,647966,81879,566087,277378,6235,271143,277378,2885,274493,3374,274004,3737,273641,277378,6753,6753,6753,47799,227843
ACSSF,2014e1,dc,000,0165,0000007,112492,85550,27484,58066,26942,7484,19458,112492,34968,77524,28806,1950,26856,306184,18097,288087,306184,11008,295176,306184,87322,218862,277378,6965,270413,306184,12694,293490,306184,7462,298722,647966,95028,552938,647966,89453,558513,647966,89670,558296,647966,70103,577863,647966,77079,570887,647966,69039,578927,647966,80245,567721,647966,83176,564790,647966,81879,566087,277378,6235,271143,277378,2885,274493,3374,274004,3737,273641,277378,6753,6753,6753,47799,227843
ACSSF,2014e1,dc,000,0165,0000008,112492,85550,27484,58066,26942,7484,19458,112492,34968,77524,28806,1950,26856,306184,18097,288087,306184,11008,295176,306184,87322,218862,277378,6965,270413,306184,12694,293490,306184,7462,298722,647966,95028,552938,647966,89453,558513,647966,89670,558296,647966,70103,577863,647966,77079,570887,647966,69039,578927,647966,80245,567721,647966,83176,564790,647966,81879,566087,277378,6235,271143,277378,2885,274493,3374,274004,3737,273641,277378,6753,6753,6753,47799,227843
ACSSF,2014e1,dc,000,0165,0000009,112492,85550,27484,58066,26942,7484,19458,112492,34968,77524,28806,1950,26856,306184,18097,288087,306184,11008,295176,306184,87322,218862,277378,6965,270413,306184,12694,293490,306184,7462,298722,647966,95028,552938,647966,89453,558513,647966,89670,558296,647966,70103,577863,647966,77079,570887,647966,69039,578927,647966,80245,567721,647966,83176,564790,647966,81879,566087,277378,6235,271143,277378,2885,274493,3374,274004,3737,273641,277378,6753,6753,6753,47799,227843
ACSSF,2014e1,dc,000,0165,0000010,24752,18580,6031,12549,6172,1466,4706,24752,7497,17255,4771,370,4401,51411,2661,48750,51411,1770,49641,51411,6265,45146,46640,902,45738,51411,2157,49254,51411,1280,50131,110270,18382,91888,110270,17410,92860,110270,17225,93045,110270,11937,98333,110270,14349,95921,110270,11616,98654,110270,16021,94249,110270,16714,93556,110270,16459,93811,46640,1032,45608,46640,222,46418,222,46418,356,46284,46640,1689,1689,1689,13139,32956
ACSSF,2014e1,dc,000,0165,0000011,22532,17277,5594,11683,5255,1426,3829,22532,7020,15512,3564,332,3232,51350,2736,48614,51350,2552,48798,51350,9190,42160,47786,1882,45904,51350,1760,49590,51350,1039,50311,125648,16878,108770,125648,15390,110258,125648,16171,109477,125648,12578,113070,125648,13501,112147,125648,12994,112654,125648,14551,111097,125648,14390,111258,125648,14196,111452,47786,1303,46483,47786,775,47011,836,46950,874,46912,47786,1290,1290,1290,6827,40420
ACSSF,2014e1,dc,000,0165,0000012,23150,17916,5222,12694,5234,1247,3987,23150,6469,16681,4457,991,3466,50333,2586,47747,50333,858,49475,50333,13437,36896,45876,1088,44788,50333,2575,47758,50333,1946,48387,104933,18225,86708,104933,17082,87851,104933,17132,87801,104933,13529,91404,104933,14748,90185,104933,12117,92816,104933,15027,89906,104933,15356,89577,104933,15228,89705,45876,992,44884,45876,465,45411,530,45346,563,45313,45876,938,938,938,7174,38531
ACSSF,2014e1,dc,000,0165,0000013,16313,10825,4615,6210,5488,2112,3376,16313,6727,9586,8938,0,8938,68711,4700,64011,68711,1138,67573,68711,42290,26421,59773,2135,57638,68711,4099,64612,68711,2028,66683,154765,19246,135519,154765,18281,136484,154765,18021,136744,154765,14299,140466,154765,15932,138833,154765,14658,140107,154765,15296,139469,154765,16717,138048,154765,16232,138533,59773,1436,58337,59773,450,59323,652,59121,805,58968,59773,897,897,897,5629,53958
ACSSF,2014e1,dc,000,0165,0000014,25745,20952,6022,14930,4793,1233,3560,25745,7255,18490,7076,257,6819,84379,5414,78965,84379,4690,79689,84379,16140,68239,77303,958,76345,84379,2103,82276,84379,1169,83210,152350,22297,130053,152350,21290,131060,152350,21121,131229,152350,17760,134590,152350,18549,133801,152350,17654,134696,152350,19350,133000,152350,19999,132351,152350,19764,132586,77303,1472,75831,77303,973,76330,1134,76169,1139,76164,77303,1939,1939,1939,15030,61978
ACSSF,2014e1,dc,000,0165,0000015,112492,85550,27484,58066,26942,7484,19458,112492,34968,77524,28806,1950,26856,306184,18097,288087,306184,11008,295176,306184,87322,218862,277378,6965,270413,306184,12694,293490,306184,7462,298722,647966,95028,552938,647966,89453,558513,647966,89670,558296,647966,70103,577863,647966,77079,570887,647966,69039,578927,647966,80245,567721,647966,83176,564790,647966,81879,566087,277378,6235,271143,277378,2885,274493,3374,274004,3737,273641,277378,6753,6753,6753,47799,227843
