ACSSF,2014e1,dc,000,0145,0000001,277378,112492,78232,1176,28812,3166,0,41,89,380,596,164886,75567,1626,81847,1866,0,0,114,870,2996,277378,112492,2467,2197,2299,1716,2437,3720,7173,14777,13740,20820,41146,164886,12141,14693,8674,8061,8718,14739,17626,22093,18339,19995,19807,71648,109643,46965,28715608900,16835796400,14016290100,2819506300,11879812500,,,,,,,,,,,,,,,,,,,,,,,,,,,,,,,,,,,,,,,,,,,,,,,,,,,,,,,,,,,,,,,,,,,,,,,,,,,,,,,,,,,,,,,,,,,,,,,,,,,,,,,,,,,112492,4664,327,249,334,3754,4015,428,101,569,2917,6157,371,192,1051,4543,7173,260,45,736,6132,14777,625,177,1517,12458,75706,1744,497,2324,71141
ACSSF,2014e1,dc,000,0145,0000002,277378,112492,78232,1176,28812,3166,0,41,89,380,596,164886,75567,1626,81847,1866,0,0,114,870,2996,277378,112492,2467,2197,2299,1716,2437,3720,7173,14777,13740,20820,41146,164886,12141,14693,8674,8061,8718,14739,17626,22093,18339,19995,19807,71648,109643,46965,28715608900,16835796400,14016290100,2819506300,11879812500,,,,,,,,,,,,,,,,,,,,,,,,,,,,,,,,,,,,,,,,,,,,,,,,,,,,,,,,,,,,,,,,,,,,,,,,,,,,,,,,,,,,,,,,,,,,,,,,,,,,,,,,,,,112492,4664,327,249,334,3754,4015,428,101,569,2917,6157,371,192,1051,4543,7173,260,45,736,6132,14777,625,177,1517,12458,75706,1744,497,2324,71141
ACSSF,2014e1,dc,000,0145,0000003,277378,112492,78232,1176,28812,3166,0,41,89,380,596,164886,75567,1626,81847,1866,0,0,114,870,2996,277378,112492,2467,2197,2299,1716,2437,3720,7173,14777,13740,20820,41146,164886,12141,14693,8674,8061,8718,14739,17626,22093,18339,19995,19807,71648,109643,46965,28715608900,16835796400,14016290100,2819506300,11879812500,,,,,,,,,,,,,,,,,,,,,,,,,,,,,,,,,,,,,,,,,,,,,,,,,,,,,,,,,,,,,,,,,,,,,,,,,,,,,,,,,,,,,,,,,,,,,,,,,,,,,,,,,,,112492,4664,327,249,334,3754,4015,428,101,569,2917,6157,371,192,1051,4543,7173,260,45,736,6132,14777,625,177,1517,12458,75706,1744,497,2324,71141
ACSSF,2014e1,dc,000,0145,0000004,277378,112492,78232,1176,28812,3166,0,41,89,380,596,164886,75567,1626,81847,1866,0,0,114,870,2996,277378,112492,2467,2197,2299,1716,2437,3720,7173,14777,13740,20820,41146,164886,12141,14693,8674,8061,8718,14739,17626,22093,18339,19995,19807,71648,109643,46965,28715608900,16835796400,14016290100,2819506300,11879812500,,,,,,,,,,,,,,,,,,,,,,,,,,,,,,,,,,,,,,,,,,,,,,,,,,,,,,,,,,,,,,,,,,,,,,,,,,,,,,,,,,,,,,,,,,,,,,,,,,,,,,,,,,,112492,4664,327,249,334,3754,4015,428,101,569,2917,6157,371,192,1051,4543,7173,260,45,736,6132,14777,625,177,1517,12458,75706,1744,497,2324,71141
ACSSF,2014e1,dc,000,0145,0000005,277378,112492,78232,1176,28812,3166,0,41,89,380,596,164886,75567,1626,81847,1866,0,0,114,870,2996,277378,112492,2467,2197,2299,1716,2437,3720,7173,14777,13740,20820,41146,164886,12141,14693,8674,8061,8718,14739,17626,22093,18339,19995,19807,71648,109643,46965,28715608900,16835796400,14016290100,2819506300,11879812500,,,,,,,,,,,,,,,,,,,,,,,,,,,,,,,,,,,,,,,,,,,,,,,,,,,,,,,,,,,,,,,,,,,,,,,,,,,,,,,,,,,,,,,,,,,,,,,,,,,,,,,,,,,112492,4664,327,249,334,3754,4015,428,101,569,2917,6157,371,192,1051,4543,7173,260,45,736,6132,14777,625,177,1517,12458,75706,1744,497,2324,71141
ACSSF,2014e1,dc,000,0145,0000006,277378,112492,78232,1176,28812,3166,0,41,89,380,596,164886,75567,1626,81847,1866,0,0,114,870,2996,277378,112492,2467,2197,2299,1716,2437,3720,7173,14777,13740,20820,41146,164886,12141,14693,8674,8061,8718,14739,17626,22093,18339,19995,19807,71648,109643,46965,28715608900,16835796400,14016290100,2819506300,11879812500,,,,,,,,,,,,,,,,,,,,,,,,,,,,,,,,,,,,,,,,,,,,,,,,,,,,,,,,,,,,,,,,,,,,,,,,,,,,,,,,,,,,,,,,,,,,,,,,,,,,,,,,,,,112492,4664,327,249,334,3754,4015,428,101,569,2917,6157,371,192,1051,4543,7173,260,45,736,6132,14777,625,177,1517,12458,75706,1744,497,2324,71141
ACSSF,2014e1,dc,000,0145,0000007,277378,112492,78232,1176,28812,3166,0,41,89,380,596,164886,75567,1626,81847,1866,0,0,114,870,2996,277378,112492,2467,2197,2299,1716,2437,3720,7173,14777,13740,20820,41146,164886,12141,14693,8674,8061,8718,14739,17626,22093,18339,19995,19807,71648,109643,46965,28715608900,16835796400,14016290100,2819506300,11879812500,,,,,,,,,,,,,,,,,,,,,,,,,,,,,,,,,,,,,,,,,,,,,,,,,,,,,,,,,,,,,,,,,,,,,,,,,,,,,,,,,,,,,,,,,,,,,,,,,,,,,,,,,,,112492,4664,327,249,334,3754,4015,428,101,569,2917,6157,371,192,1051,4543,7173,260,45,736,6132,14777,625,177,1517,12458,75706,1744,497,2324,71141
ACSSF,2014e1,dc,000,0145,0000008,277378,112492,78232,1176,28812,3166,0,41,89,380,596,164886,75567,1626,81847,1866,0,0,114,870,2996,277378,112492,2467,2197,2299,1716,2437,3720,7173,14777,13740,20820,41146,164886,12141,14693,8674,8061,8718,14739,17626,22093,18339,19995,19807,71648,109643,46965,28715608900,16835796400,14016290100,2819506300,11879812500,,,,,,,,,,,,,,,,,,,,,,,,,,,,,,,,,,,,,,,,,,,,,,,,,,,,,,,,,,,,,,,,,,,,,,,,,,,,,,,,,,,,,,,,,,,,,,,,,,,,,,,,,,,112492,4664,327,249,334,3754,4015,428,101,569,2917,6157,371,192,1051,4543,7173,260,45,736,6132,14777,625,177,1517,12458,75706,1744,497,2324,71141
ACSSF,2014e1,dc,000,0145,0000009,277378,112492,78232,1176,28812,3166,0,41,89,380,596,164886,75567,1626,81847,1866,0,0,114,870,2996,277378,112492,2467,2197,2299,1716,2437,3720,7173,14777,13740,20820,41146,164886,12141,14693,8674,8061,8718,14739,17626,22093,18339,19995,19807,71648,109643,46965,28715608900,16835796400,14016290100,2819506300,11879812500,,,,,,,,,,,,,,,,,,,,,,,,,,,,,,,,,,,,,,,,,,,,,,,,,,,,,,,,,,,,,,,,,,,,,,,,,,,,,,,,,,,,,,,,,,,,,,,,,,,,,,,,,,,112492,4664,327,249,334,3754,4015,428,101,569,2917,6157,371,192,1051,4543,7173,260,45,736,6132,14777,625,177,1517,12458,75706,1744,497,2324,71141
ACSSF,2014e1,dc,000,0145,0000010,46640,24752,18211,186,4827,1142,0,0,65,75,246,21888,10651,280,9454,718,0,0,0,179,606,46640,24752,123,164,387,197,311,402,953,1947,2109,3442,14717,21888,1120,838,1121,270,694,1634,1598,2566,2851,3386,5810,122263,178793,82314,8323835400,5722943400,4540128600,1182814800,2600892000,,,,,,,,,,,,,,,,,,,,,,,,,,,,,,,,,,,,,,,,,,,,,,,,,,,,,,,,,,,,,,,,,,,,,,,,,,,,,,,,,,,,,,,,,,,,,,,,,,,,,,,,,,,,,,,,,,,,,,,,,,,,,,,,,,,,,,,,,
ACSSF,2014e1,dc,000,0145,0000011,47786,22532,18056,156,4104,175,0,41,0,0,0,25254,13601,436,9825,403,0,0,0,368,621,47786,22532,621,267,367,610,220,815,1532,4054,3014,4491,6541,25254,1440,2476,798,1207,1608,2013,3027,4732,3740,2533,1680,70320,97776,50147,4381347900,2826768200,2383715900,443052300,1554579700,,,,,,,,,,,,,,,,,,,,,,,,,,,,,,,,,,,,,,,,,,,,,,,,,,,,,,,,,,,,,,,,,,,,,,,,,,,,,,,,,,,,,,,,,,,,,,,,,,,,,,,,,,,,,,,,,,,,,,,,,,,,,,,,,,,,,,,,,
ACSSF,2014e1,dc,000,0145,0000012,45876,23150,17780,196,4736,350,0,0,24,64,0,22726,11882,138,9853,221,0,0,38,109,485,45876,23150,522,387,462,337,371,1185,1738,2921,2454,5283,7490,22726,1492,2540,2195,706,790,1929,2535,2953,2312,2958,2316,74512,109249,43152,4474527800,3020636000,2525127700,495508300,1453891800,,,,,,,,,,,,,,,,,,,,,,,,,,,,,,,,,,,,,,,,,,,,,,,,,,,,,,,,,,,,,,,,,,,,,,,,,,,,,,,,,,,,,,,,,,,,,,,,,,,,,,,,,,,23150,909,62,0,43,804,799,120,0,0,679,1556,111,42,121,1282,1738,51,0,0,1687,2921,121,0,326,2474,15227,306,83,133,14705
ACSSF,2014e1,dc,000,0145,0000013,,,,,,,,,,,,,,,,,,,,,,59773,16313,953,505,397,431,968,1094,1778,3578,2955,2469,1185,43460,4114,5697,3271,3774,3691,6059,6836,4849,3305,1430,434,32465,62574,26241,2776757800,1179061900,914328800,264733100,1597695900,,,,,,,,,,,,,,,,,,,,,,,,,,,,,,,,,,,,,,,,,,,,,,,,,,,,,,,,,,,,,,,,,,,,,,,,,,,,,,,,,,,,,,,,,,,,,,,,,,,,,,,,,,,16313,1458,98,249,204,907,828,77,101,351,299,2062,87,86,730,1159,1778,209,0,501,1068,3578,198,109,1041,2230,6609,658,367,1582,4002
ACSSF,2014e1,dc,000,0145,0000014,77303,25745,12737,463,10957,1210,0,0,0,155,223,51558,17737,401,31956,386,0,0,76,123,879,77303,25745,248,874,686,141,567,224,1172,2277,3208,5135,11213,51558,3975,3142,1289,2104,1935,3104,3630,6993,6131,9688,9567,90950,133188,73614,8759140000,4086386900,3652989100,433397800,4672753100,,,,,,,,,,,,,,,,,,,,,,,,,,,,,,,,,,,,,,,,,,,,,,,,,,,,,,,,,,,,,,,,,,,,,,,,,,,,,,,,,,,,,,,,,,,,,,,,,,,,,,,,,,,,,,,,,,,,,,,,,,,,,,,,,,,,,,,,,
ACSSF,2014e1,dc,000,0145,0000015,277378,112492,78232,1176,28812,3166,0,41,89,380,596,164886,75567,1626,81847,1866,0,0,114,870,2996,277378,112492,2467,2197,2299,1716,2437,3720,7173,14777,13740,20820,41146,164886,12141,14693,8674,8061,8718,14739,17626,22093,18339,19995,19807,71648,109643,46965,28715608900,16835796400,14016290100,2819506300,11879812500,,,,,,,,,,,,,,,,,,,,,,,,,,,,,,,,,,,,,,,,,,,,,,,,,,,,,,,,,,,,,,,,,,,,,,,,,,,,,,,,,,,,,,,,,,,,,,,,,,,,,,,,,,,112492,4664,327,249,334,3754,4015,428,101,569,2917,6157,371,192,1051,4543,7173,260,45,736,6132,14777,625,177,1517,12458,75706,1744,497,2324,71141
