ACSSF,2014e1,dc,000,0067,0000001,,,,,,,,,,,,,,,,,,,,,,,,,,,,,,,,,,,,,,,,,,,,,,,,,,,,,,,,,,,,,,,,,,,,,,,,,,,,,,,,,,,117864,16707,2292,1382,14415,1704,866,12711,9930,101157,63952,24312,37205,7792,3452,29413,15889,44582,1495,533,254,962,147,0,815,614,43087,38899,14479,4188,1648,1037,2540,1510,62600,13479,1220,589,12259,924,633,11335,9010,49121,19088,7347,30033,4510,1353,25523,13709,,,,,,,,,,,,,,,,,,,,,,,,,,,,,,,,,,,,,,,,,,,,,,,,,,,,5227,1123,414,414,709,494,94,215,133,4104,1998,958,2106,1490,918,616,373,,,,,,,,,,,,,,,,,,38699,651,292,99,359,0,0,359,200,38048,34525,12586,3523,1419,984,2104,1247
ACSSF,2014e1,dc,000,0067,0000002,,,,,,,,,,,,,,,,,,,,,,,,,,,,,,,,,,,,,,,,,,,,,,,,,,,,,,,,,,,,,,,,,,,,,,,,,,,,,,,,,,,117864,16707,2292,1382,14415,1704,866,12711,9930,101157,63952,24312,37205,7792,3452,29413,15889,44582,1495,533,254,962,147,0,815,614,43087,38899,14479,4188,1648,1037,2540,1510,62600,13479,1220,589,12259,924,633,11335,9010,49121,19088,7347,30033,4510,1353,25523,13709,,,,,,,,,,,,,,,,,,,,,,,,,,,,,,,,,,,,,,,,,,,,,,,,,,,,5227,1123,414,414,709,494,94,215,133,4104,1998,958,2106,1490,918,616,373,,,,,,,,,,,,,,,,,,38699,651,292,99,359,0,0,359,200,38048,34525,12586,3523,1419,984,2104,1247
ACSSF,2014e1,dc,000,0067,0000003,,,,,,,,,,,,,,,,,,,,,,,,,,,,,,,,,,,,,,,,,,,,,,,,,,,,,,,,,,,,,,,,,,,,,,,,,,,,,,,,,,,117864,16707,2292,1382,14415,1704,866,12711,9930,101157,63952,24312,37205,7792,3452,29413,15889,44582,1495,533,254,962,147,0,815,614,43087,38899,14479,4188,1648,1037,2540,1510,62600,13479,1220,589,12259,924,633,11335,9010,49121,19088,7347,30033,4510,1353,25523,13709,,,,,,,,,,,,,,,,,,,,,,,,,,,,,,,,,,,,,,,,,,,,,,,,,,,,5227,1123,414,414,709,494,94,215,133,4104,1998,958,2106,1490,918,616,373,,,,,,,,,,,,,,,,,,38699,651,292,99,359,0,0,359,200,38048,34525,12586,3523,1419,984,2104,1247
ACSSF,2014e1,dc,000,0067,0000004,,,,,,,,,,,,,,,,,,,,,,,,,,,,,,,,,,,,,,,,,,,,,,,,,,,,,,,,,,,,,,,,,,,,,,,,,,,,,,,,,,,117864,16707,2292,1382,14415,1704,866,12711,9930,101157,63952,24312,37205,7792,3452,29413,15889,44582,1495,533,254,962,147,0,815,614,43087,38899,14479,4188,1648,1037,2540,1510,62600,13479,1220,589,12259,924,633,11335,9010,49121,19088,7347,30033,4510,1353,25523,13709,,,,,,,,,,,,,,,,,,,,,,,,,,,,,,,,,,,,,,,,,,,,,,,,,,,,5227,1123,414,414,709,494,94,215,133,4104,1998,958,2106,1490,918,616,373,,,,,,,,,,,,,,,,,,38699,651,292,99,359,0,0,359,200,38048,34525,12586,3523,1419,984,2104,1247
ACSSF,2014e1,dc,000,0067,0000005,,,,,,,,,,,,,,,,,,,,,,,,,,,,,,,,,,,,,,,,,,,,,,,,,,,,,,,,,,,,,,,,,,,,,,,,,,,,,,,,,,,117864,16707,2292,1382,14415,1704,866,12711,9930,101157,63952,24312,37205,7792,3452,29413,15889,44582,1495,533,254,962,147,0,815,614,43087,38899,14479,4188,1648,1037,2540,1510,62600,13479,1220,589,12259,924,633,11335,9010,49121,19088,7347,30033,4510,1353,25523,13709,,,,,,,,,,,,,,,,,,,,,,,,,,,,,,,,,,,,,,,,,,,,,,,,,,,,5227,1123,414,414,709,494,94,215,133,4104,1998,958,2106,1490,918,616,373,,,,,,,,,,,,,,,,,,38699,651,292,99,359,0,0,359,200,38048,34525,12586,3523,1419,984,2104,1247
ACSSF,2014e1,dc,000,0067,0000006,,,,,,,,,,,,,,,,,,,,,,,,,,,,,,,,,,,,,,,,,,,,,,,,,,,,,,,,,,,,,,,,,,,,,,,,,,,,,,,,,,,117864,16707,2292,1382,14415,1704,866,12711,9930,101157,63952,24312,37205,7792,3452,29413,15889,44582,1495,533,254,962,147,0,815,614,43087,38899,14479,4188,1648,1037,2540,1510,62600,13479,1220,589,12259,924,633,11335,9010,49121,19088,7347,30033,4510,1353,25523,13709,,,,,,,,,,,,,,,,,,,,,,,,,,,,,,,,,,,,,,,,,,,,,,,,,,,,5227,1123,414,414,709,494,94,215,133,4104,1998,958,2106,1490,918,616,373,,,,,,,,,,,,,,,,,,38699,651,292,99,359,0,0,359,200,38048,34525,12586,3523,1419,984,2104,1247
ACSSF,2014e1,dc,000,0067,0000007,,,,,,,,,,,,,,,,,,,,,,,,,,,,,,,,,,,,,,,,,,,,,,,,,,,,,,,,,,,,,,,,,,,,,,,,,,,,,,,,,,,117864,16707,2292,1382,14415,1704,866,12711,9930,101157,63952,24312,37205,7792,3452,29413,15889,44582,1495,533,254,962,147,0,815,614,43087,38899,14479,4188,1648,1037,2540,1510,62600,13479,1220,589,12259,924,633,11335,9010,49121,19088,7347,30033,4510,1353,25523,13709,,,,,,,,,,,,,,,,,,,,,,,,,,,,,,,,,,,,,,,,,,,,,,,,,,,,5227,1123,414,414,709,494,94,215,133,4104,1998,958,2106,1490,918,616,373,,,,,,,,,,,,,,,,,,38699,651,292,99,359,0,0,359,200,38048,34525,12586,3523,1419,984,2104,1247
ACSSF,2014e1,dc,000,0067,0000008,,,,,,,,,,,,,,,,,,,,,,,,,,,,,,,,,,,,,,,,,,,,,,,,,,,,,,,,,,,,,,,,,,,,,,,,,,,,,,,,,,,117864,16707,2292,1382,14415,1704,866,12711,9930,101157,63952,24312,37205,7792,3452,29413,15889,44582,1495,533,254,962,147,0,815,614,43087,38899,14479,4188,1648,1037,2540,1510,62600,13479,1220,589,12259,924,633,11335,9010,49121,19088,7347,30033,4510,1353,25523,13709,,,,,,,,,,,,,,,,,,,,,,,,,,,,,,,,,,,,,,,,,,,,,,,,,,,,5227,1123,414,414,709,494,94,215,133,4104,1998,958,2106,1490,918,616,373,,,,,,,,,,,,,,,,,,38699,651,292,99,359,0,0,359,200,38048,34525,12586,3523,1419,984,2104,1247
ACSSF,2014e1,dc,000,0067,0000009,,,,,,,,,,,,,,,,,,,,,,,,,,,,,,,,,,,,,,,,,,,,,,,,,,,,,,,,,,,,,,,,,,,,,,,,,,,,,,,,,,,117864,16707,2292,1382,14415,1704,866,12711,9930,101157,63952,24312,37205,7792,3452,29413,15889,44582,1495,533,254,962,147,0,815,614,43087,38899,14479,4188,1648,1037,2540,1510,62600,13479,1220,589,12259,924,633,11335,9010,49121,19088,7347,30033,4510,1353,25523,13709,,,,,,,,,,,,,,,,,,,,,,,,,,,,,,,,,,,,,,,,,,,,,,,,,,,,5227,1123,414,414,709,494,94,215,133,4104,1998,958,2106,1490,918,616,373,,,,,,,,,,,,,,,,,,38699,651,292,99,359,0,0,359,200,38048,34525,12586,3523,1419,984,2104,1247
ACSSF,2014e1,dc,000,0067,0000010,,,,,,,,,,,,,,,,,,,,,,,,,,,,,,,,,,,,,,,,,,,,,,,,,,,,,,,,,,,,,,,,,,,,,,,,,,,,,,,,,,,20417,467,225,99,242,0,0,242,242,19950,17695,7688,2255,658,620,1597,945,18800,371,225,99,146,0,0,146,146,18429,16441,7155,1988,658,620,1330,705,,,,,,,,,,,,,,,,,,,,,,,,,,,,,,,,,,,,,,,,,,,,,,,,,,,,,,,,,,,,,,,,,,,,,,,,,,,,,,,,,,,,,,,,,,,,,,,,,,,,,,,17168,199,139,99,60,0,0,60,60,16969,15063,6358,1906,658,620,1248,672
ACSSF,2014e1,dc,000,0067,0000011,,,,,,,,,,,,,,,,,,,,,,,,,,,,,,,,,,,,,,,,,,,,,,,,,,,,,,,,,,,,,,,,,,,,,,,,,,,,,,,,,,,24020,2792,659,620,2133,258,0,1875,1492,21228,12932,5723,8296,2510,1246,5786,2687,,,,,,,,,,,,,,,,,,12948,1621,90,51,1531,161,0,1370,1069,11327,6093,2617,5234,679,125,4555,1934,,,,,,,,,,,,,,,,,,,,,,,,,,,,,,,,,,,,,,,,,,,,,,,,,,,,3760,726,414,414,312,97,0,215,133,3034,1117,659,1917,1364,918,553,373,,,,,,,,,,,,,,,,,,,,,,,,,,,,,,,,,,
ACSSF,2014e1,dc,000,0067,0000012,,,,,,,,,,,,,,,,,,,,,,,,,,,,,,,,,,,,,,,,,,,,,,,,,,,,,,,,,,,,,,,,,,,,,,,,,,,,,,,,,,,19870,1694,414,182,1280,242,190,1038,614,18176,11467,4387,6709,1253,377,5456,2759,,,,,,,,,,,,,,,,,,11609,1377,377,182,1000,200,148,800,569,10232,4092,1469,6140,910,215,5230,2645,,,,,,,,,,,,,,,,,,,,,,,,,,,,,,,,,,,,,,,,,,,,,,,,,,,,,,,,,,,,,,,,,,,,,,,,,,,,,,,,,,,,,,,,,,,,,,,,,,,,,,
ACSSF,2014e1,dc,000,0067,0000013,,,,,,,,,,,,,,,,,,,,,,,,,,,,,,,,,,,,,,,,,,,,,,,,,,,,,,,,,,,,,,,,,,,,,,,,,,,,,,,,,,,33185,9801,694,356,9107,963,582,8144,6665,23384,7641,3118,15743,2478,881,13265,7966,,,,,,,,,,,,,,,,,,31002,9306,694,356,8612,563,485,8049,6570,21696,6471,2471,15225,2378,800,12847,7745,,,,,,,,,,,,,,,,,,,,,,,,,,,,,,,,,,,,,,,,,,,,,,,,,,,,,,,,,,,,,,,,,,,,,,,,,,,,,,,,,,,,,,,,,,,,,,,,,,,,,,
ACSSF,2014e1,dc,000,0067,0000014,,,,,,,,,,,,,,,,,,,,,,,,,,,,,,,,,,,,,,,,,,,,,,,,,,,,,,,,,,,,,,,,,,,,,,,,,,,,,,,,,,,20372,1953,300,125,1653,241,94,1412,917,18419,14217,3396,4202,893,328,3309,1532,,,,,,,,,,,,,,,,,,6466,1079,59,0,1020,0,0,1020,706,5387,2122,634,3265,543,213,2722,1216,,,,,,,,,,,,,,,,,,,,,,,,,,,,,,,,,,,,,,,,,,,,,,,,,,,,,,,,,,,,,,,,,,,,,,,,,,,,,,,,,,,,,,,,,,,,,,,,,,,,,,
ACSSF,2014e1,dc,000,0067,0000015,,,,,,,,,,,,,,,,,,,,,,,,,,,,,,,,,,,,,,,,,,,,,,,,,,,,,,,,,,,,,,,,,,,,,,,,,,,,,,,,,,,117864,16707,2292,1382,14415,1704,866,12711,9930,101157,63952,24312,37205,7792,3452,29413,15889,44582,1495,533,254,962,147,0,815,614,43087,38899,14479,4188,1648,1037,2540,1510,62600,13479,1220,589,12259,924,633,11335,9010,49121,19088,7347,30033,4510,1353,25523,13709,,,,,,,,,,,,,,,,,,,,,,,,,,,,,,,,,,,,,,,,,,,,,,,,,,,,5227,1123,414,414,709,494,94,215,133,4104,1998,958,2106,1490,918,616,373,,,,,,,,,,,,,,,,,,38699,651,292,99,359,0,0,359,200,38048,34525,12586,3523,1419,984,2104,1247
