ACSSF,2014e1,dc,000,0097,0000001,260792,115236,8297,1819,104,1715,899,816,6478,12900,7264,242,7022,3879,3143,5636,57972,46783,353,46430,38196,8234,11189,19184,9822,0,9822,8433,1389,9362,5535,2216,2060,156,3319,11348,1980,1869,111,9368,145556,9527,1796,0,1796,1215,581,7731,14039,9712,0,9712,7627,2085,4327,70200,56642,0,56642,48262,8380,13558,23483,12395,0,12395,11300,1095,11088,7453,2357,2224,133,5096,20854,1941,1805,136,18913,,,,,,,,,,,,,,,,,,,,,,,,,,,,,,,,,,,,,,,,,,,,,,,,,,,,,,,,,,,,,,,,,,,,,,,,,,,,,,,,,,,,,,,,,,,,,,,,,,,,,,,,,,,,,,,,,,,,,,,,,,,,,,,,,,,,,,,,,,,,,,,,,,,,,,,,,,,,,,
ACSSF,2014e1,dc,000,0097,0000002,260792,115236,8297,1819,104,1715,899,816,6478,12900,7264,242,7022,3879,3143,5636,57972,46783,353,46430,38196,8234,11189,19184,9822,0,9822,8433,1389,9362,5535,2216,2060,156,3319,11348,1980,1869,111,9368,145556,9527,1796,0,1796,1215,581,7731,14039,9712,0,9712,7627,2085,4327,70200,56642,0,56642,48262,8380,13558,23483,12395,0,12395,11300,1095,11088,7453,2357,2224,133,5096,20854,1941,1805,136,18913,,,,,,,,,,,,,,,,,,,,,,,,,,,,,,,,,,,,,,,,,,,,,,,,,,,,,,,,,,,,,,,,,,,,,,,,,,,,,,,,,,,,,,,,,,,,,,,,,,,,,,,,,,,,,,,,,,,,,,,,,,,,,,,,,,,,,,,,,,,,,,,,,,,,,,,,,,,,,,
ACSSF,2014e1,dc,000,0097,0000003,260792,115236,8297,1819,104,1715,899,816,6478,12900,7264,242,7022,3879,3143,5636,57972,46783,353,46430,38196,8234,11189,19184,9822,0,9822,8433,1389,9362,5535,2216,2060,156,3319,11348,1980,1869,111,9368,145556,9527,1796,0,1796,1215,581,7731,14039,9712,0,9712,7627,2085,4327,70200,56642,0,56642,48262,8380,13558,23483,12395,0,12395,11300,1095,11088,7453,2357,2224,133,5096,20854,1941,1805,136,18913,,,,,,,,,,,,,,,,,,,,,,,,,,,,,,,,,,,,,,,,,,,,,,,,,,,,,,,,,,,,,,,,,,,,,,,,,,,,,,,,,,,,,,,,,,,,,,,,,,,,,,,,,,,,,,,,,,,,,,,,,,,,,,,,,,,,,,,,,,,,,,,,,,,,,,,,,,,,,,
ACSSF,2014e1,dc,000,0097,0000004,260792,115236,8297,1819,104,1715,899,816,6478,12900,7264,242,7022,3879,3143,5636,57972,46783,353,46430,38196,8234,11189,19184,9822,0,9822,8433,1389,9362,5535,2216,2060,156,3319,11348,1980,1869,111,9368,145556,9527,1796,0,1796,1215,581,7731,14039,9712,0,9712,7627,2085,4327,70200,56642,0,56642,48262,8380,13558,23483,12395,0,12395,11300,1095,11088,7453,2357,2224,133,5096,20854,1941,1805,136,18913,,,,,,,,,,,,,,,,,,,,,,,,,,,,,,,,,,,,,,,,,,,,,,,,,,,,,,,,,,,,,,,,,,,,,,,,,,,,,,,,,,,,,,,,,,,,,,,,,,,,,,,,,,,,,,,,,,,,,,,,,,,,,,,,,,,,,,,,,,,,,,,,,,,,,,,,,,,,,,
ACSSF,2014e1,dc,000,0097,0000005,260792,115236,8297,1819,104,1715,899,816,6478,12900,7264,242,7022,3879,3143,5636,57972,46783,353,46430,38196,8234,11189,19184,9822,0,9822,8433,1389,9362,5535,2216,2060,156,3319,11348,1980,1869,111,9368,145556,9527,1796,0,1796,1215,581,7731,14039,9712,0,9712,7627,2085,4327,70200,56642,0,56642,48262,8380,13558,23483,12395,0,12395,11300,1095,11088,7453,2357,2224,133,5096,20854,1941,1805,136,18913,,,,,,,,,,,,,,,,,,,,,,,,,,,,,,,,,,,,,,,,,,,,,,,,,,,,,,,,,,,,,,,,,,,,,,,,,,,,,,,,,,,,,,,,,,,,,,,,,,,,,,,,,,,,,,,,,,,,,,,,,,,,,,,,,,,,,,,,,,,,,,,,,,,,,,,,,,,,,,
ACSSF,2014e1,dc,000,0097,0000006,260792,115236,8297,1819,104,1715,899,816,6478,12900,7264,242,7022,3879,3143,5636,57972,46783,353,46430,38196,8234,11189,19184,9822,0,9822,8433,1389,9362,5535,2216,2060,156,3319,11348,1980,1869,111,9368,145556,9527,1796,0,1796,1215,581,7731,14039,9712,0,9712,7627,2085,4327,70200,56642,0,56642,48262,8380,13558,23483,12395,0,12395,11300,1095,11088,7453,2357,2224,133,5096,20854,1941,1805,136,18913,,,,,,,,,,,,,,,,,,,,,,,,,,,,,,,,,,,,,,,,,,,,,,,,,,,,,,,,,,,,,,,,,,,,,,,,,,,,,,,,,,,,,,,,,,,,,,,,,,,,,,,,,,,,,,,,,,,,,,,,,,,,,,,,,,,,,,,,,,,,,,,,,,,,,,,,,,,,,,
ACSSF,2014e1,dc,000,0097,0000007,260792,115236,8297,1819,104,1715,899,816,6478,12900,7264,242,7022,3879,3143,5636,57972,46783,353,46430,38196,8234,11189,19184,9822,0,9822,8433,1389,9362,5535,2216,2060,156,3319,11348,1980,1869,111,9368,145556,9527,1796,0,1796,1215,581,7731,14039,9712,0,9712,7627,2085,4327,70200,56642,0,56642,48262,8380,13558,23483,12395,0,12395,11300,1095,11088,7453,2357,2224,133,5096,20854,1941,1805,136,18913,,,,,,,,,,,,,,,,,,,,,,,,,,,,,,,,,,,,,,,,,,,,,,,,,,,,,,,,,,,,,,,,,,,,,,,,,,,,,,,,,,,,,,,,,,,,,,,,,,,,,,,,,,,,,,,,,,,,,,,,,,,,,,,,,,,,,,,,,,,,,,,,,,,,,,,,,,,,,,
ACSSF,2014e1,dc,000,0097,0000008,260792,115236,8297,1819,104,1715,899,816,6478,12900,7264,242,7022,3879,3143,5636,57972,46783,353,46430,38196,8234,11189,19184,9822,0,9822,8433,1389,9362,5535,2216,2060,156,3319,11348,1980,1869,111,9368,145556,9527,1796,0,1796,1215,581,7731,14039,9712,0,9712,7627,2085,4327,70200,56642,0,56642,48262,8380,13558,23483,12395,0,12395,11300,1095,11088,7453,2357,2224,133,5096,20854,1941,1805,136,18913,,,,,,,,,,,,,,,,,,,,,,,,,,,,,,,,,,,,,,,,,,,,,,,,,,,,,,,,,,,,,,,,,,,,,,,,,,,,,,,,,,,,,,,,,,,,,,,,,,,,,,,,,,,,,,,,,,,,,,,,,,,,,,,,,,,,,,,,,,,,,,,,,,,,,,,,,,,,,,
ACSSF,2014e1,dc,000,0097,0000009,260792,115236,8297,1819,104,1715,899,816,6478,12900,7264,242,7022,3879,3143,5636,57972,46783,353,46430,38196,8234,11189,19184,9822,0,9822,8433,1389,9362,5535,2216,2060,156,3319,11348,1980,1869,111,9368,145556,9527,1796,0,1796,1215,581,7731,14039,9712,0,9712,7627,2085,4327,70200,56642,0,56642,48262,8380,13558,23483,12395,0,12395,11300,1095,11088,7453,2357,2224,133,5096,20854,1941,1805,136,18913,,,,,,,,,,,,,,,,,,,,,,,,,,,,,,,,,,,,,,,,,,,,,,,,,,,,,,,,,,,,,,,,,,,,,,,,,,,,,,,,,,,,,,,,,,,,,,,,,,,,,,,,,,,,,,,,,,,,,,,,,,,,,,,,,,,,,,,,,,,,,,,,,,,,,,,,,,,,,,
ACSSF,2014e1,dc,000,0097,0000010,,,,,,,,,,,,,,,,,,,,,,,,,,,,,,,,,,,,,,,,,,,,,,,,,,,,,,,,,,,,,,,,,,,,,,,,,,,,,,,,,,,,,,,,,,,,,,,,,,,,,,,,,,,,,,,,,,,,,,,,,,,,,,,,,,,,,,,,,,,,,,,,,,,,,,,,,,,,,,,,,,,,,,,,,,,,,,,,,,,,,,,,,,,,,,,,,,,,,,,,,,,,,,,,,,,,,,,,,,,,,,,,,,,,,,,,,,,,,
ACSSF,2014e1,dc,000,0097,0000011,53378,24222,1342,377,0,377,168,209,965,2187,1230,0,1230,806,424,957,12453,11398,0,11398,9813,1585,1055,3820,2283,0,2283,2200,83,1537,1459,705,705,0,754,2961,446,375,71,2515,29156,855,59,0,59,0,59,796,2103,1227,0,1227,1057,170,876,14302,12435,0,12435,11154,1281,1867,5207,3501,0,3501,3397,104,1706,1347,256,256,0,1091,5342,469,412,57,4873,,,,,,,,,,,,,,,,,,,,,,,,,,,,,,,,,,,,,,,,,,,,,,,,,,,,,,,,,,,,,,,,,,,,,,,,,,,,,,,,,,,,,,,,,,,,,,,,,,,,,,,,,,,,,,,,,,,,,,,,,,,,,,,,,,,,,,,,,,,,,,,,,,,,,,,,,,,,,,
ACSSF,2014e1,dc,000,0097,0000012,51611,25191,1194,162,8,154,64,90,1032,2359,1238,52,1186,617,569,1121,12742,9610,71,9539,7637,1902,3132,4381,1763,0,1763,1439,324,2618,1310,444,444,0,866,3205,541,501,40,2664,26420,1057,85,0,85,85,0,972,1952,1558,0,1558,1233,325,394,11737,9632,0,9632,8189,1443,2105,4396,2094,0,2094,2011,83,2302,1437,497,497,0,940,5841,582,539,43,5259,,,,,,,,,,,,,,,,,,,,,,,,,,,,,,,,,,,,,,,,,,,,,,,,,,,,,,,,,,,,,,,,,,,,,,,,,,,,,,,,,,,,,,,,,,,,,,,,,,,,,,,,,,,,,,,,,,,,,,,,,,,,,,,,,,,,,,,,,,,,,,,,,,,,,,,,,,,,,,
ACSSF,2014e1,dc,000,0097,0000013,111728,46848,3582,416,43,373,196,177,3166,6741,4229,161,4068,1977,2091,2512,22628,17421,240,17181,13127,4054,5207,8541,4202,0,4202,3315,887,4339,1502,434,278,156,1068,3854,819,819,0,3035,64880,4995,1347,0,1347,825,522,3648,5536,4325,0,4325,3095,1230,1211,34441,25976,0,25976,21258,4718,8465,9983,5523,0,5523,4752,771,4460,3356,1120,1047,73,2236,6569,586,586,0,5983,,,,,,,,,,,,,,,,,,,,,,,,,,,,,,,,,,,,,,,,,,,,,,,,,,,,,,,,,,,,,,,,,,,,,,,,,,,,,,,,,,,,,,,,,,,,,,,,,,,,,,,,,,,,,,,,,,,,,,,,,,,,,,,,,,,,,,,,,,,,,,,,,,,,,,,,,,,,,,
ACSSF,2014e1,dc,000,0097,0000014,38841,16848,1964,747,53,694,354,340,1217,1582,567,29,538,479,59,1015,8945,7393,42,7351,6708,643,1552,2235,1438,0,1438,1343,95,797,1052,547,547,0,505,1070,107,107,0,963,21993,2350,265,0,265,265,0,2085,3820,2158,0,2158,1798,360,1662,8345,7398,0,7398,6593,805,947,3514,1097,0,1097,960,137,2417,1123,484,424,60,639,2841,304,268,36,2537,,,,,,,,,,,,,,,,,,,,,,,,,,,,,,,,,,,,,,,,,,,,,,,,,,,,,,,,,,,,,,,,,,,,,,,,,,,,,,,,,,,,,,,,,,,,,,,,,,,,,,,,,,,,,,,,,,,,,,,,,,,,,,,,,,,,,,,,,,,,,,,,,,,,,,,,,,,,,,
ACSSF,2014e1,dc,000,0097,0000015,260792,115236,8297,1819,104,1715,899,816,6478,12900,7264,242,7022,3879,3143,5636,57972,46783,353,46430,38196,8234,11189,19184,9822,0,9822,8433,1389,9362,5535,2216,2060,156,3319,11348,1980,1869,111,9368,145556,9527,1796,0,1796,1215,581,7731,14039,9712,0,9712,7627,2085,4327,70200,56642,0,56642,48262,8380,13558,23483,12395,0,12395,11300,1095,11088,7453,2357,2224,133,5096,20854,1941,1805,136,18913,,,,,,,,,,,,,,,,,,,,,,,,,,,,,,,,,,,,,,,,,,,,,,,,,,,,,,,,,,,,,,,,,,,,,,,,,,,,,,,,,,,,,,,,,,,,,,,,,,,,,,,,,,,,,,,,,,,,,,,,,,,,,,,,,,,,,,,,,,,,,,,,,,,,,,,,,,,,,,
