ACSSF,2014e1,dc,000,0089,0000001,,,,,,,,,,,,,,,,,,,,,,,,,,,,,,,,,,,,,,,,,,,,,,,,,,,,,,,,,,,,,,,,,,,,,,,,,,,,,,,,,,,,,,,,,,,,,,,,212830,105965,69821,0,69821,25,0,308,107,388,74,197,176,1195,404,682,2058,2092,3590,2253,2092,6919,5225,11212,30824,36144,14675,21469,3318,2330,1275,772,773,251,779,273,961,170,703,1927,964,1219,367,1228,844,768,653,1894,106865,58876,0,58876,97,0,52,133,437,194,124,31,432,263,683,3208,1749,2876,2832,2926,6348,4848,11120,20523,47989,19964,28025,5408,3408,1629,931,1150,879,1388,328,1638,444,1116,1639,1182,1052,361,850,891,719,860,2152
ACSSF,2014e1,dc,000,0089,0000002,,,,,,,,,,,,,,,,,,,,,,,,,,,,,,,,,,,,,,,,,,,,,,,,,,,,,,,,,,,,,,,,,,,,,,,,,,,,,,,,,,,,,,,,,,,,,,,,212830,105965,69821,0,69821,25,0,308,107,388,74,197,176,1195,404,682,2058,2092,3590,2253,2092,6919,5225,11212,30824,36144,14675,21469,3318,2330,1275,772,773,251,779,273,961,170,703,1927,964,1219,367,1228,844,768,653,1894,106865,58876,0,58876,97,0,52,133,437,194,124,31,432,263,683,3208,1749,2876,2832,2926,6348,4848,11120,20523,47989,19964,28025,5408,3408,1629,931,1150,879,1388,328,1638,444,1116,1639,1182,1052,361,850,891,719,860,2152
ACSSF,2014e1,dc,000,0089,0000003,,,,,,,,,,,,,,,,,,,,,,,,,,,,,,,,,,,,,,,,,,,,,,,,,,,,,,,,,,,,,,,,,,,,,,,,,,,,,,,,,,,,,,,,,,,,,,,,212830,105965,69821,0,69821,25,0,308,107,388,74,197,176,1195,404,682,2058,2092,3590,2253,2092,6919,5225,11212,30824,36144,14675,21469,3318,2330,1275,772,773,251,779,273,961,170,703,1927,964,1219,367,1228,844,768,653,1894,106865,58876,0,58876,97,0,52,133,437,194,124,31,432,263,683,3208,1749,2876,2832,2926,6348,4848,11120,20523,47989,19964,28025,5408,3408,1629,931,1150,879,1388,328,1638,444,1116,1639,1182,1052,361,850,891,719,860,2152
ACSSF,2014e1,dc,000,0089,0000004,,,,,,,,,,,,,,,,,,,,,,,,,,,,,,,,,,,,,,,,,,,,,,,,,,,,,,,,,,,,,,,,,,,,,,,,,,,,,,,,,,,,,,,,,,,,,,,,212830,105965,69821,0,69821,25,0,308,107,388,74,197,176,1195,404,682,2058,2092,3590,2253,2092,6919,5225,11212,30824,36144,14675,21469,3318,2330,1275,772,773,251,779,273,961,170,703,1927,964,1219,367,1228,844,768,653,1894,106865,58876,0,58876,97,0,52,133,437,194,124,31,432,263,683,3208,1749,2876,2832,2926,6348,4848,11120,20523,47989,19964,28025,5408,3408,1629,931,1150,879,1388,328,1638,444,1116,1639,1182,1052,361,850,891,719,860,2152
ACSSF,2014e1,dc,000,0089,0000005,,,,,,,,,,,,,,,,,,,,,,,,,,,,,,,,,,,,,,,,,,,,,,,,,,,,,,,,,,,,,,,,,,,,,,,,,,,,,,,,,,,,,,,,,,,,,,,,212830,105965,69821,0,69821,25,0,308,107,388,74,197,176,1195,404,682,2058,2092,3590,2253,2092,6919,5225,11212,30824,36144,14675,21469,3318,2330,1275,772,773,251,779,273,961,170,703,1927,964,1219,367,1228,844,768,653,1894,106865,58876,0,58876,97,0,52,133,437,194,124,31,432,263,683,3208,1749,2876,2832,2926,6348,4848,11120,20523,47989,19964,28025,5408,3408,1629,931,1150,879,1388,328,1638,444,1116,1639,1182,1052,361,850,891,719,860,2152
ACSSF,2014e1,dc,000,0089,0000006,,,,,,,,,,,,,,,,,,,,,,,,,,,,,,,,,,,,,,,,,,,,,,,,,,,,,,,,,,,,,,,,,,,,,,,,,,,,,,,,,,,,,,,,,,,,,,,,212830,105965,69821,0,69821,25,0,308,107,388,74,197,176,1195,404,682,2058,2092,3590,2253,2092,6919,5225,11212,30824,36144,14675,21469,3318,2330,1275,772,773,251,779,273,961,170,703,1927,964,1219,367,1228,844,768,653,1894,106865,58876,0,58876,97,0,52,133,437,194,124,31,432,263,683,3208,1749,2876,2832,2926,6348,4848,11120,20523,47989,19964,28025,5408,3408,1629,931,1150,879,1388,328,1638,444,1116,1639,1182,1052,361,850,891,719,860,2152
ACSSF,2014e1,dc,000,0089,0000007,,,,,,,,,,,,,,,,,,,,,,,,,,,,,,,,,,,,,,,,,,,,,,,,,,,,,,,,,,,,,,,,,,,,,,,,,,,,,,,,,,,,,,,,,,,,,,,,212830,105965,69821,0,69821,25,0,308,107,388,74,197,176,1195,404,682,2058,2092,3590,2253,2092,6919,5225,11212,30824,36144,14675,21469,3318,2330,1275,772,773,251,779,273,961,170,703,1927,964,1219,367,1228,844,768,653,1894,106865,58876,0,58876,97,0,52,133,437,194,124,31,432,263,683,3208,1749,2876,2832,2926,6348,4848,11120,20523,47989,19964,28025,5408,3408,1629,931,1150,879,1388,328,1638,444,1116,1639,1182,1052,361,850,891,719,860,2152
ACSSF,2014e1,dc,000,0089,0000008,,,,,,,,,,,,,,,,,,,,,,,,,,,,,,,,,,,,,,,,,,,,,,,,,,,,,,,,,,,,,,,,,,,,,,,,,,,,,,,,,,,,,,,,,,,,,,,,212830,105965,69821,0,69821,25,0,308,107,388,74,197,176,1195,404,682,2058,2092,3590,2253,2092,6919,5225,11212,30824,36144,14675,21469,3318,2330,1275,772,773,251,779,273,961,170,703,1927,964,1219,367,1228,844,768,653,1894,106865,58876,0,58876,97,0,52,133,437,194,124,31,432,263,683,3208,1749,2876,2832,2926,6348,4848,11120,20523,47989,19964,28025,5408,3408,1629,931,1150,879,1388,328,1638,444,1116,1639,1182,1052,361,850,891,719,860,2152
ACSSF,2014e1,dc,000,0089,0000009,,,,,,,,,,,,,,,,,,,,,,,,,,,,,,,,,,,,,,,,,,,,,,,,,,,,,,,,,,,,,,,,,,,,,,,,,,,,,,,,,,,,,,,,,,,,,,,,212830,105965,69821,0,69821,25,0,308,107,388,74,197,176,1195,404,682,2058,2092,3590,2253,2092,6919,5225,11212,30824,36144,14675,21469,3318,2330,1275,772,773,251,779,273,961,170,703,1927,964,1219,367,1228,844,768,653,1894,106865,58876,0,58876,97,0,52,133,437,194,124,31,432,263,683,3208,1749,2876,2832,2926,6348,4848,11120,20523,47989,19964,28025,5408,3408,1629,931,1150,879,1388,328,1638,444,1116,1639,1182,1052,361,850,891,719,860,2152
ACSSF,2014e1,dc,000,0089,0000010,,,,,,,,,,,,,,,,,,,,,,,,,,,,,,,,,,,,,,,,,,,,,,,,,,,,,,,,,,,,,,,,,,,,,,,,,,,,,,,,,,,,,,,,,,,,,,,,72154,33498,19241,0,19241,0,0,78,0,268,0,0,48,118,225,105,404,518,1407,83,533,1197,1070,1838,11349,14257,6693,7564,1570,1028,375,354,343,111,390,0,359,55,376,377,378,328,0,181,176,82,54,1027,38656,17790,0,17790,47,0,48,0,147,69,0,31,0,263,262,769,467,533,855,857,1535,1251,3237,7419,20866,10330,10536,2686,1116,502,617,314,409,291,72,501,113,222,471,251,440,64,254,298,410,454,1051
ACSSF,2014e1,dc,000,0089,0000011,,,,,,,,,,,,,,,,,,,,,,,,,,,,,,,,,,,,,,,,,,,,,,,,,,,,,,,,,,,,,,,,,,,,,,,,,,,,,,,,,,,,,,,,,,,,,,,,,,,,,,,,,,,,,,,,,,,,,,,,,,,,,,,,,,,,,,,,,,,,,,,,,,,,,,,,,,,,,,,,,,,,,,,,,,,,,,,,,,,,,,,,,,,,,,
ACSSF,2014e1,dc,000,0089,0000012,,,,,,,,,,,,,,,,,,,,,,,,,,,,,,,,,,,,,,,,,,,,,,,,,,,,,,,,,,,,,,,,,,,,,,,,,,,,,,,,,,,,,,,,,,,,,,,,34042,16094,11752,0,11752,25,0,29,35,25,44,111,18,261,58,190,588,240,343,390,211,1729,495,2250,4710,4342,1988,2354,153,100,238,180,142,51,124,0,132,26,126,219,98,35,0,276,59,168,46,181,17948,11231,0,11231,50,0,4,47,103,0,0,0,178,0,236,596,395,863,502,785,1305,761,2011,3395,6717,3099,3618,507,191,182,83,406,150,308,0,232,116,267,284,47,108,0,35,98,44,137,423
ACSSF,2014e1,dc,000,0089,0000013,,,,,,,,,,,,,,,,,,,,,,,,,,,,,,,,,,,,,,,,,,,,,,,,,,,,,,,,,,,,,,,,,,,,,,,,,,,,,,,,,,,,,,,,,,,,,,,,,,,,,,,,,,,,,,,,,,,,,,,,,,,,,,,,,,,,,,,,,,,,,,,,,,,,,,,,,,,,,,,,,,,,,,,,,,,,,,,,,,,,,,,,,,,,,,
ACSSF,2014e1,dc,000,0089,0000014,,,,,,,,,,,,,,,,,,,,,,,,,,,,,,,,,,,,,,,,,,,,,,,,,,,,,,,,,,,,,,,,,,,,,,,,,,,,,,,,,,,,,,,,,,,,,,,,76437,41263,28711,0,28711,0,0,135,72,91,30,81,105,249,121,40,810,774,1288,1423,920,3071,2832,5254,11415,12552,3845,8707,1265,828,568,118,239,89,265,273,269,89,118,959,406,470,233,506,452,518,356,686,35174,21644,0,21644,0,0,0,86,98,125,20,0,107,0,160,1120,557,1025,705,891,2501,2156,4417,7676,13530,4254,9276,1739,1434,354,184,269,66,645,256,160,79,446,650,597,436,222,521,354,101,169,594
ACSSF,2014e1,dc,000,0089,0000015,,,,,,,,,,,,,,,,,,,,,,,,,,,,,,,,,,,,,,,,,,,,,,,,,,,,,,,,,,,,,,,,,,,,,,,,,,,,,,,,,,,,,,,,,,,,,,,,212830,105965,69821,0,69821,25,0,308,107,388,74,197,176,1195,404,682,2058,2092,3590,2253,2092,6919,5225,11212,30824,36144,14675,21469,3318,2330,1275,772,773,251,779,273,961,170,703,1927,964,1219,367,1228,844,768,653,1894,106865,58876,0,58876,97,0,52,133,437,194,124,31,432,263,683,3208,1749,2876,2832,2926,6348,4848,11120,20523,47989,19964,28025,5408,3408,1629,931,1150,879,1388,328,1638,444,1116,1639,1182,1052,361,850,891,719,860,2152
