ACSSF,2014e1,dc,000,0162,0000001,658893,485,658408,658893,16402,642491,658893,9259,649634,658893,16417,642476,658893,566944,39044,527900,91949,7359,84590,104123,12174,2816,9358,91949,13712,78237,,,,,,,,35515,7329,28186,658893,82112,576781,648586,50547,598039,648586,134952,23066,3118,19948,111886,513634,343062,43201,299861,343062,52623,2644,49979,290439,343062,139694,18902,120792,203368,343062,326050,64996,261054,17012,343062,326050,55593,270457,17012,332669,2739,329930
ACSSF,2014e1,dc,000,0162,0000002,658893,485,658408,658893,16402,642491,658893,9259,649634,658893,16417,642476,658893,566944,39044,527900,91949,7359,84590,104123,12174,2816,9358,91949,13712,78237,,,,,,,,35515,7329,28186,658893,82112,576781,648586,50547,598039,648586,134952,23066,3118,19948,111886,513634,343062,43201,299861,343062,52623,2644,49979,290439,343062,139694,18902,120792,203368,343062,326050,64996,261054,17012,343062,326050,55593,270457,17012,332669,2739,329930
ACSSF,2014e1,dc,000,0162,0000003,658893,485,658408,658893,16402,642491,658893,9259,649634,658893,16417,642476,658893,566944,39044,527900,91949,7359,84590,104123,12174,2816,9358,91949,13712,78237,,,,,,,,35515,7329,28186,658893,82112,576781,648586,50547,598039,648586,134952,23066,3118,19948,111886,513634,343062,43201,299861,343062,52623,2644,49979,290439,343062,139694,18902,120792,203368,343062,326050,64996,261054,17012,343062,326050,55593,270457,17012,332669,2739,329930
ACSSF,2014e1,dc,000,0162,0000004,658893,485,658408,658893,16402,642491,658893,9259,649634,658893,16417,642476,658893,566944,39044,527900,91949,7359,84590,104123,12174,2816,9358,91949,13712,78237,,,,,,,,35515,7329,28186,658893,82112,576781,648586,50547,598039,648586,134952,23066,3118,19948,111886,513634,343062,43201,299861,343062,52623,2644,49979,290439,343062,139694,18902,120792,203368,343062,326050,64996,261054,17012,343062,326050,55593,270457,17012,332669,2739,329930
ACSSF,2014e1,dc,000,0162,0000005,658893,485,658408,658893,16402,642491,658893,9259,649634,658893,16417,642476,658893,566944,39044,527900,91949,7359,84590,104123,12174,2816,9358,91949,13712,78237,,,,,,,,35515,7329,28186,658893,82112,576781,648586,50547,598039,648586,134952,23066,3118,19948,111886,513634,343062,43201,299861,343062,52623,2644,49979,290439,343062,139694,18902,120792,203368,343062,326050,64996,261054,17012,343062,326050,55593,270457,17012,332669,2739,329930
ACSSF,2014e1,dc,000,0162,0000006,658893,485,658408,658893,16402,642491,658893,9259,649634,658893,16417,642476,658893,566944,39044,527900,91949,7359,84590,104123,12174,2816,9358,91949,13712,78237,,,,,,,,35515,7329,28186,658893,82112,576781,648586,50547,598039,648586,134952,23066,3118,19948,111886,513634,343062,43201,299861,343062,52623,2644,49979,290439,343062,139694,18902,120792,203368,343062,326050,64996,261054,17012,343062,326050,55593,270457,17012,332669,2739,329930
ACSSF,2014e1,dc,000,0162,0000007,658893,485,658408,658893,16402,642491,658893,9259,649634,658893,16417,642476,658893,566944,39044,527900,91949,7359,84590,104123,12174,2816,9358,91949,13712,78237,,,,,,,,35515,7329,28186,658893,82112,576781,648586,50547,598039,648586,134952,23066,3118,19948,111886,513634,343062,43201,299861,343062,52623,2644,49979,290439,343062,139694,18902,120792,203368,343062,326050,64996,261054,17012,343062,326050,55593,270457,17012,332669,2739,329930
ACSSF,2014e1,dc,000,0162,0000008,658893,485,658408,658893,16402,642491,658893,9259,649634,658893,16417,642476,658893,566944,39044,527900,91949,7359,84590,104123,12174,2816,9358,91949,13712,78237,,,,,,,,35515,7329,28186,658893,82112,576781,648586,50547,598039,648586,134952,23066,3118,19948,111886,513634,343062,43201,299861,343062,52623,2644,49979,290439,343062,139694,18902,120792,203368,343062,326050,64996,261054,17012,343062,326050,55593,270457,17012,332669,2739,329930
ACSSF,2014e1,dc,000,0162,0000009,658893,485,658408,658893,16402,642491,658893,9259,649634,658893,16417,642476,658893,566944,39044,527900,91949,7359,84590,104123,12174,2816,9358,91949,13712,78237,,,,,,,,35515,7329,28186,658893,82112,576781,648586,50547,598039,648586,134952,23066,3118,19948,111886,513634,343062,43201,299861,343062,52623,2644,49979,290439,343062,139694,18902,120792,203368,343062,326050,64996,261054,17012,343062,326050,55593,270457,17012,332669,2739,329930
ACSSF,2014e1,dc,000,0162,0000010,110997,127,110870,110997,1850,109147,110997,734,110263,110997,847,110150,110997,91081,5242,85839,19916,1577,18339,22993,3077,441,2636,19916,2076,17840,,,,,,,,7927,1203,6724,110997,10976,100021,109505,7530,101975,109505,29056,5462,577,4885,23594,80449,61533,6043,55490,61533,6659,52,6607,54874,61533,27775,3526,24249,33758,61533,56140,9387,46753,5393,61533,56140,7593,48547,5393,58265,221,58044
ACSSF,2014e1,dc,000,0162,0000011,126768,53,126715,126768,4155,122613,126768,2748,124020,126768,4190,122578,126768,93310,5998,87312,33458,3397,30061,35954,2496,1119,1377,33458,7580,25878,,,,,,,,10495,3071,7424,126768,24903,101865,124884,10409,114475,124884,18642,2547,155,2392,16095,106242,68752,7819,60933,68752,10286,1330,8956,58466,68752,31385,3725,27660,37367,68752,66707,13698,53009,2045,68752,66707,12034,54673,2045,67967,891,67076
ACSSF,2014e1,dc,000,0162,0000012,108785,124,108661,108785,3375,105410,108785,1203,107582,108785,3192,105593,108785,100853,7243,93610,7932,511,7421,9167,1235,216,1019,7932,971,6961,,,,,,,,4192,883,3309,108785,12201,96584,106799,9078,97721,106799,20074,3894,483,3411,16180,86725,55855,6982,48873,55855,9199,284,8915,46656,55855,22010,2715,19295,33845,55855,51947,9718,42229,3908,55855,51947,8042,43905,3908,54387,369,54018
ACSSF,2014e1,dc,000,0162,0000013,158257,60,158197,158257,3876,154381,158257,2086,156171,158257,6332,151925,158257,153456,9568,143888,4801,276,4525,6050,1249,99,1150,4801,262,4539,,,,,,,,2567,608,1959,158257,15142,143115,155249,12392,142857,155249,24562,4582,1179,3403,19980,130687,54734,8897,45837,54734,10622,671,9951,44112,54734,29957,5497,24460,24777,54734,53736,13840,39896,998,54734,53736,12596,41140,998,53734,402,53332
ACSSF,2014e1,dc,000,0162,0000014,154086,121,153965,154086,3146,150940,154086,2488,151598,154086,1856,152230,154086,128244,10993,117251,25842,1598,24244,29959,4117,941,3176,25842,2823,23019,,,,,,,,10334,1564,8770,154086,18890,135196,152149,11138,141011,152149,42618,6581,724,5857,36037,109531,102188,13460,88728,102188,15857,307,15550,86331,102188,28567,3439,25128,73621,102188,97520,18353,79167,4668,102188,97520,15328,82192,4668,98316,856,97460
ACSSF,2014e1,dc,000,0162,0000015,658893,485,658408,658893,16402,642491,658893,9259,649634,658893,16417,642476,658893,566944,39044,527900,91949,7359,84590,104123,12174,2816,9358,91949,13712,78237,,,,,,,,35515,7329,28186,658893,82112,576781,648586,50547,598039,648586,134952,23066,3118,19948,111886,513634,343062,43201,299861,343062,52623,2644,49979,290439,343062,139694,18902,120792,203368,343062,326050,64996,261054,17012,343062,326050,55593,270457,17012,332669,2739,329930
