ACSSF,2014e1,dc,000,0057,0000001,254672,119050,61500,34706,1015,8888,752,16139,44479,20948,1689,8066,1186,12590,13071,6970,249,1162,820,3870,135622,77136,35189,4753,9706,2115,25373,42359,16094,3350,7345,2951,12619,16127,5159,1022,1101,3564,5281,286004,10383,13895,7693,11962,71149,13044,4243,13123,38362,12015,26708,24489,11686,16789,10463,54194,18712,4353,14448,5460,11221,,,,,,,14392,9102,1104,1613,510,2063,,,,,,,3516,1739,173,624,171,809,6211,2934,260,402,115,2500,162863,78881,5704,17553,4867,55858,18443,10535,882,2456,518,4052
ACSSF,2014e1,dc,000,0057,0000002,254672,119050,61500,34706,1015,8888,752,16139,44479,20948,1689,8066,1186,12590,13071,6970,249,1162,820,3870,135622,77136,35189,4753,9706,2115,25373,42359,16094,3350,7345,2951,12619,16127,5159,1022,1101,3564,5281,286004,10383,13895,7693,11962,71149,13044,4243,13123,38362,12015,26708,24489,11686,16789,10463,54194,18712,4353,14448,5460,11221,,,,,,,14392,9102,1104,1613,510,2063,,,,,,,3516,1739,173,624,171,809,6211,2934,260,402,115,2500,162863,78881,5704,17553,4867,55858,18443,10535,882,2456,518,4052
ACSSF,2014e1,dc,000,0057,0000003,254672,119050,61500,34706,1015,8888,752,16139,44479,20948,1689,8066,1186,12590,13071,6970,249,1162,820,3870,135622,77136,35189,4753,9706,2115,25373,42359,16094,3350,7345,2951,12619,16127,5159,1022,1101,3564,5281,286004,10383,13895,7693,11962,71149,13044,4243,13123,38362,12015,26708,24489,11686,16789,10463,54194,18712,4353,14448,5460,11221,,,,,,,14392,9102,1104,1613,510,2063,,,,,,,3516,1739,173,624,171,809,6211,2934,260,402,115,2500,162863,78881,5704,17553,4867,55858,18443,10535,882,2456,518,4052
ACSSF,2014e1,dc,000,0057,0000004,254672,119050,61500,34706,1015,8888,752,16139,44479,20948,1689,8066,1186,12590,13071,6970,249,1162,820,3870,135622,77136,35189,4753,9706,2115,25373,42359,16094,3350,7345,2951,12619,16127,5159,1022,1101,3564,5281,286004,10383,13895,7693,11962,71149,13044,4243,13123,38362,12015,26708,24489,11686,16789,10463,54194,18712,4353,14448,5460,11221,,,,,,,14392,9102,1104,1613,510,2063,,,,,,,3516,1739,173,624,171,809,6211,2934,260,402,115,2500,162863,78881,5704,17553,4867,55858,18443,10535,882,2456,518,4052
ACSSF,2014e1,dc,000,0057,0000005,254672,119050,61500,34706,1015,8888,752,16139,44479,20948,1689,8066,1186,12590,13071,6970,249,1162,820,3870,135622,77136,35189,4753,9706,2115,25373,42359,16094,3350,7345,2951,12619,16127,5159,1022,1101,3564,5281,286004,10383,13895,7693,11962,71149,13044,4243,13123,38362,12015,26708,24489,11686,16789,10463,54194,18712,4353,14448,5460,11221,,,,,,,14392,9102,1104,1613,510,2063,,,,,,,3516,1739,173,624,171,809,6211,2934,260,402,115,2500,162863,78881,5704,17553,4867,55858,18443,10535,882,2456,518,4052
ACSSF,2014e1,dc,000,0057,0000006,254672,119050,61500,34706,1015,8888,752,16139,44479,20948,1689,8066,1186,12590,13071,6970,249,1162,820,3870,135622,77136,35189,4753,9706,2115,25373,42359,16094,3350,7345,2951,12619,16127,5159,1022,1101,3564,5281,286004,10383,13895,7693,11962,71149,13044,4243,13123,38362,12015,26708,24489,11686,16789,10463,54194,18712,4353,14448,5460,11221,,,,,,,14392,9102,1104,1613,510,2063,,,,,,,3516,1739,173,624,171,809,6211,2934,260,402,115,2500,162863,78881,5704,17553,4867,55858,18443,10535,882,2456,518,4052
ACSSF,2014e1,dc,000,0057,0000007,254672,119050,61500,34706,1015,8888,752,16139,44479,20948,1689,8066,1186,12590,13071,6970,249,1162,820,3870,135622,77136,35189,4753,9706,2115,25373,42359,16094,3350,7345,2951,12619,16127,5159,1022,1101,3564,5281,286004,10383,13895,7693,11962,71149,13044,4243,13123,38362,12015,26708,24489,11686,16789,10463,54194,18712,4353,14448,5460,11221,,,,,,,14392,9102,1104,1613,510,2063,,,,,,,3516,1739,173,624,171,809,6211,2934,260,402,115,2500,162863,78881,5704,17553,4867,55858,18443,10535,882,2456,518,4052
ACSSF,2014e1,dc,000,0057,0000008,254672,119050,61500,34706,1015,8888,752,16139,44479,20948,1689,8066,1186,12590,13071,6970,249,1162,820,3870,135622,77136,35189,4753,9706,2115,25373,42359,16094,3350,7345,2951,12619,16127,5159,1022,1101,3564,5281,286004,10383,13895,7693,11962,71149,13044,4243,13123,38362,12015,26708,24489,11686,16789,10463,54194,18712,4353,14448,5460,11221,,,,,,,14392,9102,1104,1613,510,2063,,,,,,,3516,1739,173,624,171,809,6211,2934,260,402,115,2500,162863,78881,5704,17553,4867,55858,18443,10535,882,2456,518,4052
ACSSF,2014e1,dc,000,0057,0000009,254672,119050,61500,34706,1015,8888,752,16139,44479,20948,1689,8066,1186,12590,13071,6970,249,1162,820,3870,135622,77136,35189,4753,9706,2115,25373,42359,16094,3350,7345,2951,12619,16127,5159,1022,1101,3564,5281,286004,10383,13895,7693,11962,71149,13044,4243,13123,38362,12015,26708,24489,11686,16789,10463,54194,18712,4353,14448,5460,11221,,,,,,,14392,9102,1104,1613,510,2063,,,,,,,3516,1739,173,624,171,809,6211,2934,260,402,115,2500,162863,78881,5704,17553,4867,55858,18443,10535,882,2456,518,4052
ACSSF,2014e1,dc,000,0057,0000010,65201,30164,11052,7118,72,1296,62,2504,13214,7112,198,1705,277,3922,5898,3118,38,402,78,2262,35037,13730,7013,465,1252,257,4743,14404,5567,1072,1919,787,5059,6903,2686,226,41,1142,2808,72595,1202,3489,1539,4105,21016,3229,943,2314,6842,2603,8953,7474,3287,3277,2322,2547,1284,239,530,262,232,,,,,,,2972,2136,0,322,0,514,,,,,,,,,,,,,,,,,,,53956,26169,1560,5262,2191,18774,4688,2755,291,501,68,1073
ACSSF,2014e1,dc,000,0057,0000011,44709,19613,9816,5447,277,1357,207,2528,8169,3842,292,1939,67,2029,1628,951,123,224,38,292,25096,13851,6111,1298,1859,437,4146,8572,2954,712,2547,712,1647,2673,682,278,457,679,577,50202,2737,2480,1077,2430,10379,2479,643,3073,8650,2438,3987,3385,2371,2819,1254,17038,5833,1805,5228,1388,2784,,,,,,,,,,,,,,,,,,,,,,,,,1133,469,0,201,33,430,20799,10221,842,2050,549,7137,4860,2477,385,987,218,793
ACSSF,2014e1,dc,000,0057,0000012,43731,19721,11011,5340,204,1938,187,3342,6503,2765,242,1216,296,1984,2207,1047,63,354,310,433,24010,15312,7163,949,1454,493,5253,6189,2472,682,612,480,1943,2509,942,60,273,342,892,48535,1710,2359,1205,1959,11970,2058,724,2591,6224,2200,4335,4263,1765,2915,2257,11425,3944,992,2548,1235,2706,,,,,,,,,,,,,,,,,,,,,,,,,,,,,,,27605,13389,946,2898,676,9696,2141,1069,51,264,126,631
ACSSF,2014e1,dc,000,0057,0000013,16262,5695,1938,786,63,206,0,883,3081,818,288,1258,263,454,676,325,25,52,238,36,10567,5121,1019,486,1236,298,2082,3956,930,446,1186,457,937,1490,269,102,209,761,149,17157,525,174,941,395,1864,442,44,1410,4496,2017,722,875,808,1421,1023,13063,2983,1119,3829,1845,3287,,,,,,,,,,,,,,,,,,,,,,,,,,,,,,,1683,782,130,85,131,555,,,,,,
ACSSF,2014e1,dc,000,0057,0000014,84769,43857,27683,16015,399,4091,296,6882,13512,6411,669,1948,283,4201,2662,1529,0,130,156,847,40912,29122,13883,1555,3905,630,9149,9238,4171,438,1081,515,3033,2552,580,356,121,640,855,97515,4209,5393,2931,3073,25920,4836,1889,3735,12150,2757,8711,8492,3455,6357,3607,10121,4668,198,2313,730,2212,,,,,,,7884,4791,666,1092,405,930,,,,,,,,,,,,,2053,1158,133,47,0,715,58820,28320,2226,7258,1320,19696,5952,3727,111,665,65,1384
ACSSF,2014e1,dc,000,0057,0000015,254672,119050,61500,34706,1015,8888,752,16139,44479,20948,1689,8066,1186,12590,13071,6970,249,1162,820,3870,135622,77136,35189,4753,9706,2115,25373,42359,16094,3350,7345,2951,12619,16127,5159,1022,1101,3564,5281,286004,10383,13895,7693,11962,71149,13044,4243,13123,38362,12015,26708,24489,11686,16789,10463,54194,18712,4353,14448,5460,11221,,,,,,,14392,9102,1104,1613,510,2063,,,,,,,3516,1739,173,624,171,809,6211,2934,260,402,115,2500,162863,78881,5704,17553,4867,55858,18443,10535,882,2456,518,4052
