ACSSF,2014e1,dc,000,0018,0000001,,,,,,,,,,,,,,,,,,,,,,,,,,,,,,,,,,,,,,,,,,,,,,,,,,,,,,,,40094,22264,52195,59482,32415,,,,,,624327,110666,47572,466089,232199,60128,26243,145828,293606,34741,13102,245763,11571,1489,151,9931,86951,14308,8076,64567,,,,,,,,,,,,,,,,,,,,,,,,,,,,,,,,,,,,,,,,,,,,,,,,,,,,,,,,,,,,,,,,,,,
ACSSF,2014e1,dc,000,0018,0000002,,,,,,,,,,,,,,,,,,,,,,,,,,,,,,,,,,,,,,,,,,,,,,,,,,,,,,,,40094,22264,52195,59482,32415,,,,,,624327,110666,47572,466089,232199,60128,26243,145828,293606,34741,13102,245763,11571,1489,151,9931,86951,14308,8076,64567,,,,,,,,,,,,,,,,,,,,,,,,,,,,,,,,,,,,,,,,,,,,,,,,,,,,,,,,,,,,,,,,,,,
ACSSF,2014e1,dc,000,0018,0000003,,,,,,,,,,,,,,,,,,,,,,,,,,,,,,,,,,,,,,,,,,,,,,,,,,,,,,,,40094,22264,52195,59482,32415,,,,,,624327,110666,47572,466089,232199,60128,26243,145828,293606,34741,13102,245763,11571,1489,151,9931,86951,14308,8076,64567,,,,,,,,,,,,,,,,,,,,,,,,,,,,,,,,,,,,,,,,,,,,,,,,,,,,,,,,,,,,,,,,,,,
ACSSF,2014e1,dc,000,0018,0000004,,,,,,,,,,,,,,,,,,,,,,,,,,,,,,,,,,,,,,,,,,,,,,,,,,,,,,,,40094,22264,52195,59482,32415,,,,,,624327,110666,47572,466089,232199,60128,26243,145828,293606,34741,13102,245763,11571,1489,151,9931,86951,14308,8076,64567,,,,,,,,,,,,,,,,,,,,,,,,,,,,,,,,,,,,,,,,,,,,,,,,,,,,,,,,,,,,,,,,,,,
ACSSF,2014e1,dc,000,0018,0000005,,,,,,,,,,,,,,,,,,,,,,,,,,,,,,,,,,,,,,,,,,,,,,,,,,,,,,,,40094,22264,52195,59482,32415,,,,,,624327,110666,47572,466089,232199,60128,26243,145828,293606,34741,13102,245763,11571,1489,151,9931,86951,14308,8076,64567,,,,,,,,,,,,,,,,,,,,,,,,,,,,,,,,,,,,,,,,,,,,,,,,,,,,,,,,,,,,,,,,,,,
ACSSF,2014e1,dc,000,0018,0000006,,,,,,,,,,,,,,,,,,,,,,,,,,,,,,,,,,,,,,,,,,,,,,,,,,,,,,,,40094,22264,52195,59482,32415,,,,,,624327,110666,47572,466089,232199,60128,26243,145828,293606,34741,13102,245763,11571,1489,151,9931,86951,14308,8076,64567,,,,,,,,,,,,,,,,,,,,,,,,,,,,,,,,,,,,,,,,,,,,,,,,,,,,,,,,,,,,,,,,,,,
ACSSF,2014e1,dc,000,0018,0000007,,,,,,,,,,,,,,,,,,,,,,,,,,,,,,,,,,,,,,,,,,,,,,,,,,,,,,,,40094,22264,52195,59482,32415,,,,,,624327,110666,47572,466089,232199,60128,26243,145828,293606,34741,13102,245763,11571,1489,151,9931,86951,14308,8076,64567,,,,,,,,,,,,,,,,,,,,,,,,,,,,,,,,,,,,,,,,,,,,,,,,,,,,,,,,,,,,,,,,,,,
ACSSF,2014e1,dc,000,0018,0000008,,,,,,,,,,,,,,,,,,,,,,,,,,,,,,,,,,,,,,,,,,,,,,,,,,,,,,,,40094,22264,52195,59482,32415,,,,,,624327,110666,47572,466089,232199,60128,26243,145828,293606,34741,13102,245763,11571,1489,151,9931,86951,14308,8076,64567,,,,,,,,,,,,,,,,,,,,,,,,,,,,,,,,,,,,,,,,,,,,,,,,,,,,,,,,,,,,,,,,,,,
ACSSF,2014e1,dc,000,0018,0000009,,,,,,,,,,,,,,,,,,,,,,,,,,,,,,,,,,,,,,,,,,,,,,,,,,,,,,,,40094,22264,52195,59482,32415,,,,,,624327,110666,47572,466089,232199,60128,26243,145828,293606,34741,13102,245763,11571,1489,151,9931,86951,14308,8076,64567,,,,,,,,,,,,,,,,,,,,,,,,,,,,,,,,,,,,,,,,,,,,,,,,,,,,,,,,,,,,,,,,,,,
ACSSF,2014e1,dc,000,0018,0000010,,,,,,,,,,,,,,,,,,,,,,,,,,,,,,,,,,,,,,,,,,,,,,,,,,,,,,,,61972,37115,67871,57713,50254,,,,,,101925,7809,2801,91315,20538,879,396,19263,60272,4913,1545,53814,2830,0,0,2830,18285,2017,860,15408,,,,,,,,,,,,,,,,,,,,,,,,,,,,,,,,,,,,,,,,,,,,,,,,,,,,,,,,,,,,,,,,,,,
ACSSF,2014e1,dc,000,0018,0000011,,,,,,,,,,,,,,,,,,,,,,,,,,,,,,,,,,,,,,,,,,,,,,,,,,,,,,,,36980,32242,50017,50928,26145,,,,,,123486,17627,9767,96092,39453,7304,3603,28546,48666,5038,1958,41670,2496,263,0,2233,32871,5022,4206,23643,,,,,,,,,,,,,,,,,,,,,,,,,,,,,,,,,,,,,,,,,,,,,,,,,,,,,,,,,,,,,,,,,,,
ACSSF,2014e1,dc,000,0018,0000012,,,,,,,,,,,,,,,,,,,,,,,,,,,,,,,,,,,,,,,,,,,,,,,,,,,,,,,,39617,21132,51545,56917,40244,,,,,,103149,15822,5485,81842,39216,7905,2614,28697,55186,6845,2231,46110,1229,167,60,1002,7518,905,580,6033,,,,,,,,,,,,,,,,,,,,,,,,,,,,,,,,,,,,,,,,,,,,,,,,,,,,,,,,,,,,,,,,,,,
ACSSF,2014e1,dc,000,0018,0000013,,,,,,,,,,,,,,,,,,,,,,,,,,,,,,,,,,,,,,,,,,,,,,,,,,,,,,,,21560,20270,25470,72310,22114,,,,,,154963,50599,19676,84688,104226,37678,14266,52282,45079,10692,5011,29376,1208,830,47,331,4450,1399,352,2699,,,,,,,,,,,,,,,,,,,,,,,,,,,,,,,,,,,,,,,,,,,,,,,,,,,,,,,,,,,,,,,,,,,
ACSSF,2014e1,dc,000,0018,0000014,,,,,,,,,,,,,,,,,,,,,,,,,,,,,,,,,,,,,,,,,,,,,,,,,,,,,,,,51843,18640,61619,93899,40721,,,,,,140804,18809,9843,112152,28766,6362,5364,17040,84403,7253,2357,74793,3808,229,44,3535,23827,4965,2078,16784,,,,,,,,,,,,,,,,,,,,,,,,,,,,,,,,,,,,,,,,,,,,,,,,,,,,,,,,,,,,,,,,,,,
ACSSF,2014e1,dc,000,0018,0000015,,,,,,,,,,,,,,,,,,,,,,,,,,,,,,,,,,,,,,,,,,,,,,,,,,,,,,,,40094,22264,52195,59482,32415,,,,,,624327,110666,47572,466089,232199,60128,26243,145828,293606,34741,13102,245763,11571,1489,151,9931,86951,14308,8076,64567,,,,,,,,,,,,,,,,,,,,,,,,,,,,,,,,,,,,,,,,,,,,,,,,,,,,,,,,,,,,,,,,,,,
