ACSSF,2014e1,dc,000,0023,0000001,,,,,,,614069,107663,46628,459778,501801,82059,40058,379684,60137,14082,4254,41801,0,0,0,0,42463,9067,2272,31124,9668,2455,44,7169,,,,,,,,,,,,,,,,,,,,,,,,,608293,263039,345254,498295,241416,256879,58883,11789,47094,0,0,0,41425,7443,33982,9690,2391,7299,,,,,,,,,,,,,,,,,,,,,,,,,,,,,,,,,,,,,,,,,,,,,,,,,,,,,,,,,,,,,,,,,,,,,,,,,,,,,,,648586,513634,123520,86992,74442,12550,34690,17815,16875,1054,252,802,784,11432,,,,,,,,,,,,,,,,,,,,,,,,,,,,,,,,,,,,,,,,,,,,,,,,648586,513634,123520,86992,74442,12550,34690,17815,16875,1054,784,11432,,,,,,,,,,,,,,,,
ACSSF,2014e1,dc,000,0023,0000002,,,,,,,614069,107663,46628,459778,501801,82059,40058,379684,60137,14082,4254,41801,0,0,0,0,42463,9067,2272,31124,9668,2455,44,7169,,,,,,,,,,,,,,,,,,,,,,,,,608293,263039,345254,498295,241416,256879,58883,11789,47094,0,0,0,41425,7443,33982,9690,2391,7299,,,,,,,,,,,,,,,,,,,,,,,,,,,,,,,,,,,,,,,,,,,,,,,,,,,,,,,,,,,,,,,,,,,,,,,,,,,,,,,648586,513634,123520,86992,74442,12550,34690,17815,16875,1054,252,802,784,11432,,,,,,,,,,,,,,,,,,,,,,,,,,,,,,,,,,,,,,,,,,,,,,,,648586,513634,123520,86992,74442,12550,34690,17815,16875,1054,784,11432,,,,,,,,,,,,,,,,
ACSSF,2014e1,dc,000,0023,0000003,,,,,,,614069,107663,46628,459778,501801,82059,40058,379684,60137,14082,4254,41801,0,0,0,0,42463,9067,2272,31124,9668,2455,44,7169,,,,,,,,,,,,,,,,,,,,,,,,,608293,263039,345254,498295,241416,256879,58883,11789,47094,0,0,0,41425,7443,33982,9690,2391,7299,,,,,,,,,,,,,,,,,,,,,,,,,,,,,,,,,,,,,,,,,,,,,,,,,,,,,,,,,,,,,,,,,,,,,,,,,,,,,,,648586,513634,123520,86992,74442,12550,34690,17815,16875,1054,252,802,784,11432,,,,,,,,,,,,,,,,,,,,,,,,,,,,,,,,,,,,,,,,,,,,,,,,648586,513634,123520,86992,74442,12550,34690,17815,16875,1054,784,11432,,,,,,,,,,,,,,,,
ACSSF,2014e1,dc,000,0023,0000004,,,,,,,614069,107663,46628,459778,501801,82059,40058,379684,60137,14082,4254,41801,0,0,0,0,42463,9067,2272,31124,9668,2455,44,7169,,,,,,,,,,,,,,,,,,,,,,,,,608293,263039,345254,498295,241416,256879,58883,11789,47094,0,0,0,41425,7443,33982,9690,2391,7299,,,,,,,,,,,,,,,,,,,,,,,,,,,,,,,,,,,,,,,,,,,,,,,,,,,,,,,,,,,,,,,,,,,,,,,,,,,,,,,648586,513634,123520,86992,74442,12550,34690,17815,16875,1054,252,802,784,11432,,,,,,,,,,,,,,,,,,,,,,,,,,,,,,,,,,,,,,,,,,,,,,,,648586,513634,123520,86992,74442,12550,34690,17815,16875,1054,784,11432,,,,,,,,,,,,,,,,
ACSSF,2014e1,dc,000,0023,0000005,,,,,,,614069,107663,46628,459778,501801,82059,40058,379684,60137,14082,4254,41801,0,0,0,0,42463,9067,2272,31124,9668,2455,44,7169,,,,,,,,,,,,,,,,,,,,,,,,,608293,263039,345254,498295,241416,256879,58883,11789,47094,0,0,0,41425,7443,33982,9690,2391,7299,,,,,,,,,,,,,,,,,,,,,,,,,,,,,,,,,,,,,,,,,,,,,,,,,,,,,,,,,,,,,,,,,,,,,,,,,,,,,,,648586,513634,123520,86992,74442,12550,34690,17815,16875,1054,252,802,784,11432,,,,,,,,,,,,,,,,,,,,,,,,,,,,,,,,,,,,,,,,,,,,,,,,648586,513634,123520,86992,74442,12550,34690,17815,16875,1054,784,11432,,,,,,,,,,,,,,,,
ACSSF,2014e1,dc,000,0023,0000006,,,,,,,614069,107663,46628,459778,501801,82059,40058,379684,60137,14082,4254,41801,0,0,0,0,42463,9067,2272,31124,9668,2455,44,7169,,,,,,,,,,,,,,,,,,,,,,,,,608293,263039,345254,498295,241416,256879,58883,11789,47094,0,0,0,41425,7443,33982,9690,2391,7299,,,,,,,,,,,,,,,,,,,,,,,,,,,,,,,,,,,,,,,,,,,,,,,,,,,,,,,,,,,,,,,,,,,,,,,,,,,,,,,648586,513634,123520,86992,74442,12550,34690,17815,16875,1054,252,802,784,11432,,,,,,,,,,,,,,,,,,,,,,,,,,,,,,,,,,,,,,,,,,,,,,,,648586,513634,123520,86992,74442,12550,34690,17815,16875,1054,784,11432,,,,,,,,,,,,,,,,
ACSSF,2014e1,dc,000,0023,0000007,,,,,,,614069,107663,46628,459778,501801,82059,40058,379684,60137,14082,4254,41801,0,0,0,0,42463,9067,2272,31124,9668,2455,44,7169,,,,,,,,,,,,,,,,,,,,,,,,,608293,263039,345254,498295,241416,256879,58883,11789,47094,0,0,0,41425,7443,33982,9690,2391,7299,,,,,,,,,,,,,,,,,,,,,,,,,,,,,,,,,,,,,,,,,,,,,,,,,,,,,,,,,,,,,,,,,,,,,,,,,,,,,,,648586,513634,123520,86992,74442,12550,34690,17815,16875,1054,252,802,784,11432,,,,,,,,,,,,,,,,,,,,,,,,,,,,,,,,,,,,,,,,,,,,,,,,648586,513634,123520,86992,74442,12550,34690,17815,16875,1054,784,11432,,,,,,,,,,,,,,,,
ACSSF,2014e1,dc,000,0023,0000008,,,,,,,614069,107663,46628,459778,501801,82059,40058,379684,60137,14082,4254,41801,0,0,0,0,42463,9067,2272,31124,9668,2455,44,7169,,,,,,,,,,,,,,,,,,,,,,,,,608293,263039,345254,498295,241416,256879,58883,11789,47094,0,0,0,41425,7443,33982,9690,2391,7299,,,,,,,,,,,,,,,,,,,,,,,,,,,,,,,,,,,,,,,,,,,,,,,,,,,,,,,,,,,,,,,,,,,,,,,,,,,,,,,648586,513634,123520,86992,74442,12550,34690,17815,16875,1054,252,802,784,11432,,,,,,,,,,,,,,,,,,,,,,,,,,,,,,,,,,,,,,,,,,,,,,,,648586,513634,123520,86992,74442,12550,34690,17815,16875,1054,784,11432,,,,,,,,,,,,,,,,
ACSSF,2014e1,dc,000,0023,0000009,,,,,,,614069,107663,46628,459778,501801,82059,40058,379684,60137,14082,4254,41801,0,0,0,0,42463,9067,2272,31124,9668,2455,44,7169,,,,,,,,,,,,,,,,,,,,,,,,,608293,263039,345254,498295,241416,256879,58883,11789,47094,0,0,0,41425,7443,33982,9690,2391,7299,,,,,,,,,,,,,,,,,,,,,,,,,,,,,,,,,,,,,,,,,,,,,,,,,,,,,,,,,,,,,,,,,,,,,,,,,,,,,,,648586,513634,123520,86992,74442,12550,34690,17815,16875,1054,252,802,784,11432,,,,,,,,,,,,,,,,,,,,,,,,,,,,,,,,,,,,,,,,,,,,,,,,648586,513634,123520,86992,74442,12550,34690,17815,16875,1054,784,11432,,,,,,,,,,,,,,,,
ACSSF,2014e1,dc,000,0023,0000010,,,,,,,100433,7809,2801,89823,77236,3269,1831,72136,9391,1331,159,7901,0,0,0,0,9956,2216,767,6973,3850,993,44,2813,,,,,,,,,,,,,,,,,,,,,,,,,100217,58702,41515,77164,52902,24262,9285,2553,6732,0,0,0,9918,1989,7929,3850,1258,2592,,,,,,,,,,,,,,,,,,,,,,,,,,,,,,,,,,,,,,,,,,,,,,,,,,,,,,,,,,,,,,,,,,,,,,,,,,,,,,,109505,80449,24649,15551,12815,2736,8861,3727,5134,237,0,237,0,4407,,,,,,,,,,,,,,,,,,,,,,,,,,,,,,,,,,,,,,,,,,,,,,,,109505,80449,24649,15551,12815,2736,8861,3727,5134,237,0,4407,,,,,,,,,,,,,,,,
ACSSF,2014e1,dc,000,0023,0000011,,,,,,,121602,16561,9638,95403,104406,12580,9034,82792,9995,2692,359,6944,0,0,0,0,5599,1011,245,4343,1602,278,0,1324,,,,,,,,,,,,,,,,,,,,,,,,,121006,60547,60459,104045,55952,48093,9955,2586,7369,0,0,0,5371,1388,3983,1635,621,1014,,,,,,,,,,,,,,,,,,,,,,,,,,,,,,,,,,,,,,,,,,,,,,,,,,,,,,,,,,,,,,,,,,,,,,,,,,,,,,,124884,106242,16867,12898,11116,1782,3704,2623,1081,101,58,43,164,1775,,,,,,,,,,,,,,,,,,,,,,,,,,,,,,,,,,,,,,,,,,,,,,,,124884,106242,16867,12898,11116,1782,3704,2623,1081,101,164,1775,,,,,,,,,,,,,,,,
ACSSF,2014e1,dc,000,0023,0000012,,,,,,,101163,15784,5321,80058,84163,12491,4015,67657,9548,1652,972,6924,0,0,0,0,6938,1506,334,5098,514,135,0,379,,,,,,,,,,,,,,,,,,,,,,,,,99373,54899,44474,83324,50378,32946,9013,2660,6353,0,0,0,6533,1706,4827,503,155,348,,,,,,,,,,,,,,,,,,,,,,,,,,,,,,,,,,,,,,,,,,,,,,,,,,,,,,,,,,,,,,,,,,,,,,,,,,,,,,,106799,86725,19497,14659,12592,2067,4393,2462,1931,37,37,0,408,577,,,,,,,,,,,,,,,,,,,,,,,,,,,,,,,,,,,,,,,,,,,,,,,,106799,86725,19497,14659,12592,2067,4393,2462,1931,37,408,577,,,,,,,,,,,,,,,,
ACSSF,2014e1,dc,000,0023,0000013,,,,,,,152004,48700,19302,84002,129050,40162,16774,72114,17638,6797,2247,8594,0,0,0,0,5052,1558,281,3213,264,183,0,81,,,,,,,,,,,,,,,,,,,,,,,,,150008,43409,106599,127421,40978,86443,17456,1954,15502,0,0,0,4867,433,4434,264,44,220,,,,,,,,,,,,,,,,,,,,,,,,,,,,,,,,,,,,,,,,,,,,,,,,,,,,,,,,,,,,,,,,,,,,,,,,,,,,,,,155249,130687,24298,22270,18998,3272,1701,482,1219,229,9,220,98,264,,,,,,,,,,,,,,,,,,,,,,,,,,,,,,,,,,,,,,,,,,,,,,,,155249,130687,24298,22270,18998,3272,1701,482,1219,229,98,264,,,,,,,,,,,,,,,,
ACSSF,2014e1,dc,000,0023,0000014,,,,,,,138867,18809,9566,110492,106946,13557,8404,84985,13565,1610,517,11438,0,0,0,0,14918,2776,645,11497,3438,866,0,2572,,,,,,,,,,,,,,,,,,,,,,,,,137689,45482,92207,106341,41206,65135,13174,2036,11138,0,0,0,14736,1927,12809,3438,313,3125,,,,,,,,,,,,,,,,,,,,,,,,,,,,,,,,,,,,,,,,,,,,,,,,,,,,,,,,,,,,,,,,,,,,,,,,,,,,,,,152149,109531,38209,21614,18921,2693,16031,8521,7510,450,148,302,114,4409,,,,,,,,,,,,,,,,,,,,,,,,,,,,,,,,,,,,,,,,,,,,,,,,152149,109531,38209,21614,18921,2693,16031,8521,7510,450,114,4409,,,,,,,,,,,,,,,,
ACSSF,2014e1,dc,000,0023,0000015,,,,,,,614069,107663,46628,459778,501801,82059,40058,379684,60137,14082,4254,41801,0,0,0,0,42463,9067,2272,31124,9668,2455,44,7169,,,,,,,,,,,,,,,,,,,,,,,,,608293,263039,345254,498295,241416,256879,58883,11789,47094,0,0,0,41425,7443,33982,9690,2391,7299,,,,,,,,,,,,,,,,,,,,,,,,,,,,,,,,,,,,,,,,,,,,,,,,,,,,,,,,,,,,,,,,,,,,,,,,,,,,,,,648586,513634,123520,86992,74442,12550,34690,17815,16875,1054,252,802,784,11432,,,,,,,,,,,,,,,,,,,,,,,,,,,,,,,,,,,,,,,,,,,,,,,,648586,513634,123520,86992,74442,12550,34690,17815,16875,1054,784,11432,,,,,,,,,,,,,,,,
