ACSSF,2014e1,dc,000,0004,0000001,658893,265077,321346,1859,24910,172,28798,16731,1379,15352,,,,,,,,,,,,,,,,,,,,,,,,,,,,,,,,,,,,,,,,,,,,,,,,,,,,,,,,,,,,,,,,,,,,,,,,278978,328170,6512,32607,774,30422,,,,,,,,,,,,,,,,,,,,,,,,,,,,,,,,,,,,,,,,,,,,,,,,,,,,,,,,24910,4785,231,0,63,104,7914,3114,0,338,1401,2624,0,181,0,278,0,767,376,467,230,1450,0,146,441,,,,,,,,,,,,,658893,642162,265077,321346,1859,24910,172,28798,16731,1379,15352,14919,3926,2023,5726,723,2521,1785,27,,,,,,,,,,24910,4785,8381,3114,1401,2624,1450,3155,,,,,
ACSSF,2014e1,dc,000,0004,0000002,658893,265077,321346,1859,24910,172,28798,16731,1379,15352,,,,,,,,,,,,,,,,,,,,,,,,,,,,,,,,,,,,,,,,,,,,,,,,,,,,,,,,,,,,,,,,,,,,,,,,278978,328170,6512,32607,774,30422,,,,,,,,,,,,,,,,,,,,,,,,,,,,,,,,,,,,,,,,,,,,,,,,,,,,,,,,,,,,,,,,,,,,,,,,,,,,,,,,,,,,,,,,,,,,,658893,642162,265077,321346,1859,24910,172,28798,16731,1379,15352,14919,3926,2023,5726,723,2521,1785,27,,,,,,,,,,24910,4785,8381,3114,1401,2624,1450,3155,,,,,
ACSSF,2014e1,dc,000,0004,0000003,658893,265077,321346,1859,24910,172,28798,16731,1379,15352,,,,,,,,,,,,,,,,,,,,,,,,,,,,,,,,,,,,,,,,,,,,,,,,,,,,,,,,,,,,,,,,,,,,,,,,278978,328170,6512,32607,774,30422,,,,,,,,,,,,,,,,,,,,,,,,,,,,,,,,,,,,,,,,,,,,,,,,,,,,,,,,,,,,,,,,,,,,,,,,,,,,,,,,,,,,,,,,,,,,,658893,642162,265077,321346,1859,24910,172,28798,16731,1379,15352,14919,3926,2023,5726,723,2521,1785,27,,,,,,,,,,24910,4785,8381,3114,1401,2624,1450,3155,,,,,
ACSSF,2014e1,dc,000,0004,0000004,658893,265077,321346,1859,24910,172,28798,16731,1379,15352,,,,,,,,,,,,,,,,,,,,,,,,,,,,,,,,,,,,,,,,,,,,,,,,,,,,,,,,,,,,,,,,,,,,,,,,278978,328170,6512,32607,774,30422,,,,,,,,,,,,,,,,,,,,,,,,,,,,,,,,,,,,,,,,,,,,,,,,,,,,,,,,,,,,,,,,,,,,,,,,,,,,,,,,,,,,,,,,,,,,,658893,642162,265077,321346,1859,24910,172,28798,16731,1379,15352,14919,3926,2023,5726,723,2521,1785,27,,,,,,,,,,24910,4785,8381,3114,1401,2624,1450,3155,,,,,
ACSSF,2014e1,dc,000,0004,0000005,658893,265077,321346,1859,24910,172,28798,16731,1379,15352,,,,,,,,,,,,,,,,,,,,,,,,,,,,,,,,,,,,,,,,,,,,,,,,,,,,,,,,,,,,,,,,,,,,,,,,278978,328170,6512,32607,774,30422,,,,,,,,,,,,,,,,,,,,,,,,,,,,,,,,,,,,,,,,,,,,,,,,,,,,,,,,,,,,,,,,,,,,,,,,,,,,,,,,,,,,,,,,,,,,,658893,642162,265077,321346,1859,24910,172,28798,16731,1379,15352,14919,3926,2023,5726,723,2521,1785,27,,,,,,,,,,24910,4785,8381,3114,1401,2624,1450,3155,,,,,
ACSSF,2014e1,dc,000,0004,0000006,658893,265077,321346,1859,24910,172,28798,16731,1379,15352,,,,,,,,,,,,,,,,,,,,,,,,,,,,,,,,,,,,,,,,,,,,,,,,,,,,,,,,,,,,,,,,,,,,,,,,278978,328170,6512,32607,774,30422,,,,,,,,,,,,,,,,,,,,,,,,,,,,,,,,,,,,,,,,,,,,,,,,,,,,,,,,,,,,,,,,,,,,,,,,,,,,,,,,,,,,,,,,,,,,,658893,642162,265077,321346,1859,24910,172,28798,16731,1379,15352,14919,3926,2023,5726,723,2521,1785,27,,,,,,,,,,24910,4785,8381,3114,1401,2624,1450,3155,,,,,
ACSSF,2014e1,dc,000,0004,0000007,658893,265077,321346,1859,24910,172,28798,16731,1379,15352,,,,,,,,,,,,,,,,,,,,,,,,,,,,,,,,,,,,,,,,,,,,,,,,,,,,,,,,,,,,,,,,,,,,,,,,278978,328170,6512,32607,774,30422,,,,,,,,,,,,,,,,,,,,,,,,,,,,,,,,,,,,,,,,,,,,,,,,,,,,,,,,,,,,,,,,,,,,,,,,,,,,,,,,,,,,,,,,,,,,,658893,642162,265077,321346,1859,24910,172,28798,16731,1379,15352,14919,3926,2023,5726,723,2521,1785,27,,,,,,,,,,24910,4785,8381,3114,1401,2624,1450,3155,,,,,
ACSSF,2014e1,dc,000,0004,0000008,658893,265077,321346,1859,24910,172,28798,16731,1379,15352,,,,,,,,,,,,,,,,,,,,,,,,,,,,,,,,,,,,,,,,,,,,,,,,,,,,,,,,,,,,,,,,,,,,,,,,278978,328170,6512,32607,774,30422,,,,,,,,,,,,,,,,,,,,,,,,,,,,,,,,,,,,,,,,,,,,,,,,,,,,,,,,,,,,,,,,,,,,,,,,,,,,,,,,,,,,,,,,,,,,,658893,642162,265077,321346,1859,24910,172,28798,16731,1379,15352,14919,3926,2023,5726,723,2521,1785,27,,,,,,,,,,24910,4785,8381,3114,1401,2624,1450,3155,,,,,
ACSSF,2014e1,dc,000,0004,0000009,658893,265077,321346,1859,24910,172,28798,16731,1379,15352,,,,,,,,,,,,,,,,,,,,,,,,,,,,,,,,,,,,,,,,,,,,,,,,,,,,,,,,,,,,,,,,,,,,,,,,278978,328170,6512,32607,774,30422,,,,,,,,,,,,,,,,,,,,,,,,,,,,,,,,,,,,,,,,,,,,,,,,,,,,,,,,,,,,,,,,,,,,,,,,,,,,,,,,,,,,,,,,,,,,,658893,642162,265077,321346,1859,24910,172,28798,16731,1379,15352,14919,3926,2023,5726,723,2521,1785,27,,,,,,,,,,24910,4785,8381,3114,1401,2624,1450,3155,,,,,
ACSSF,2014e1,dc,000,0004,0000010,110997,92705,6009,120,6342,0,1096,4725,396,4329,,,,,,,,,,,,,,,,,,,,,,,,,,,,,,,,,,,,,,,,,,,,,,,,,,,,,,,,,,,,,,,,,,,,,,,,96923,7776,840,8727,,1557,,,,,,,,,,,,,,,,,,,,,,,,,,,,,,,,,,,,,,,,,,,,,,,,,,,,,,,,,,,,,,,,,,,,,,,,,,,,,,,,,,,,,,,,,,,,,110997,106272,92705,6009,120,6342,0,1096,4725,396,4329,4465,1457,337,1990,74,607,260,0,,,,,,,,,,6342,1072,2484,926,245,663,91,861,,,,,
ACSSF,2014e1,dc,000,0004,0000011,126768,37189,63411,588,3324,35,19073,3148,203,2945,,,,,,,,,,,,,,,,,,,,,,,,,,,,,,,,,,,,,,,,,,,,,,,,,,,,,,,,,,,,,,,,,,,,,,,,39787,64161,2422,4503,,19276,,,,,,,,,,,,,,,,,,,,,,,,,,,,,,,,,,,,,,,,,,,,,,,,,,,,,,,,,,,,,,,,,,,,,,,,,,,,,,,,,,,,,,,,,,,,,126768,123620,37189,63411,588,3324,35,19073,3148,203,2945,2783,224,1238,763,145,413,365,0,,,,,,,,,,3324,508,1419,124,88,129,726,330,,,,,
ACSSF,2014e1,dc,000,0004,0000012,108785,40648,60376,237,2774,0,1674,3076,275,2801,,,,,,,,,,,,,,,,,,,,,,,,,,,,,,,,,,,,,,,,,,,,,,,,,,,,,,,,,,,,,,,,,,,,,,,,43097,62182,1123,3717,,1977,,,,,,,,,,,,,,,,,,,,,,,,,,,,,,,,,,,,,,,,,,,,,,,,,,,,,,,,,,,,,,,,,,,,,,,,,,,,,,,,,,,,,,,,,,,,,108785,105709,40648,60376,237,2774,0,1674,3076,275,2801,2820,1119,320,731,212,438,256,0,,,,,,,,,,2774,481,551,296,474,391,155,426,,,,,
ACSSF,2014e1,dc,000,0004,0000013,158257,5150,148647,275,495,46,1880,1764,239,1525,,,,,,,,,,,,,,,,,,,,,,,,,,,,,,,,,,,,,,,,,,,,,,,,,,,,,,,,,,,,,,,,,,,,,,,,6258,150110,930,1059,,2119,,,,,,,,,,,,,,,,,,,,,,,,,,,,,,,,,,,,,,,,,,,,,,,,,,,,,,,,,,,,,,,,,,,,,,,,,,,,,,,,,,,,,,,,,,,,,158257,156493,5150,148647,275,495,46,1880,1764,239,1525,1290,476,0,162,159,493,447,27,,,,,,,,,,,,,,,,,,,,,,
ACSSF,2014e1,dc,000,0004,0000014,154086,89385,42903,639,11975,91,5075,4018,266,3752,,,,,,,,,,,,,,,,,,,,,,,,,,,,,,,,,,,,,,,,,,,,,,,,,,,,,,,,,,,,,,,,,,,,,,,,92913,43941,1197,14601,416,5493,,,,,,,,,,,,,,,,,,,,,,,,,,,,,,,,,,,,,,,,,,,,,,,,,,,,,,,,,,,,,,,,,,,,,,,,,,,,,,,,,,,,,,,,,,,,,154086,150068,89385,42903,639,11975,91,5075,4018,266,3752,3561,650,128,2080,133,570,457,0,,,,,,,,,,11975,2330,3899,1768,560,1402,478,1538,,,,,
ACSSF,2014e1,dc,000,0004,0000015,658893,265077,321346,1859,24910,172,28798,16731,1379,15352,,,,,,,,,,,,,,,,,,,,,,,,,,,,,,,,,,,,,,,,,,,,,,,,,,,,,,,,,,,,,,,,,,,,,,,,278978,328170,6512,32607,774,30422,,,,,,,,,,,,,,,,,,,,,,,,,,,,,,,,,,,,,,,,,,,,,,,,,,,,,,,,,,,,,,,,,,,,,,,,,,,,,,,,,,,,,,,,,,,,,658893,642162,265077,321346,1859,24910,172,28798,16731,1379,15352,14919,3926,2023,5726,723,2521,1785,27,,,,,,,,,,24910,4785,8381,3114,1401,2624,1450,3155,,,,,
