ACSSF,2014e1,dc,000,0116,0000001,345592,210,9624,3775,1607,17048,10365,13566,23225,80921,66325,35971,29973,52982,207506,86,1729,1613,445,2293,1742,10445,12979,61496,45199,10117,19982,39380,53709,0,157,208,38,925,825,0,2225,8475,11269,20103,4814,4670,61143,70,706,430,1124,11676,2621,2611,7276,9633,8636,4732,3663,7965,9456,54,6303,70,0,282,365,440,291,270,375,289,170,547,13778,0,729,1454,0,1872,4812,70,454,1047,846,730,1344,420
ACSSF,2014e1,dc,000,0116,0000002,345592,210,9624,3775,1607,17048,10365,13566,23225,80921,66325,35971,29973,52982,207506,86,1729,1613,445,2293,1742,10445,12979,61496,45199,10117,19982,39380,53709,0,157,208,38,925,825,0,2225,8475,11269,20103,4814,4670,61143,70,706,430,1124,11676,2621,2611,7276,9633,8636,4732,3663,7965,9456,54,6303,70,0,282,365,440,291,270,375,289,170,547,13778,0,729,1454,0,1872,4812,70,454,1047,846,730,1344,420
ACSSF,2014e1,dc,000,0116,0000003,345592,210,9624,3775,1607,17048,10365,13566,23225,80921,66325,35971,29973,52982,207506,86,1729,1613,445,2293,1742,10445,12979,61496,45199,10117,19982,39380,53709,0,157,208,38,925,825,0,2225,8475,11269,20103,4814,4670,61143,70,706,430,1124,11676,2621,2611,7276,9633,8636,4732,3663,7965,9456,54,6303,70,0,282,365,440,291,270,375,289,170,547,13778,0,729,1454,0,1872,4812,70,454,1047,846,730,1344,420
ACSSF,2014e1,dc,000,0116,0000004,345592,210,9624,3775,1607,17048,10365,13566,23225,80921,66325,35971,29973,52982,207506,86,1729,1613,445,2293,1742,10445,12979,61496,45199,10117,19982,39380,53709,0,157,208,38,925,825,0,2225,8475,11269,20103,4814,4670,61143,70,706,430,1124,11676,2621,2611,7276,9633,8636,4732,3663,7965,9456,54,6303,70,0,282,365,440,291,270,375,289,170,547,13778,0,729,1454,0,1872,4812,70,454,1047,846,730,1344,420
ACSSF,2014e1,dc,000,0116,0000005,345592,210,9624,3775,1607,17048,10365,13566,23225,80921,66325,35971,29973,52982,207506,86,1729,1613,445,2293,1742,10445,12979,61496,45199,10117,19982,39380,53709,0,157,208,38,925,825,0,2225,8475,11269,20103,4814,4670,61143,70,706,430,1124,11676,2621,2611,7276,9633,8636,4732,3663,7965,9456,54,6303,70,0,282,365,440,291,270,375,289,170,547,13778,0,729,1454,0,1872,4812,70,454,1047,846,730,1344,420
ACSSF,2014e1,dc,000,0116,0000006,345592,210,9624,3775,1607,17048,10365,13566,23225,80921,66325,35971,29973,52982,207506,86,1729,1613,445,2293,1742,10445,12979,61496,45199,10117,19982,39380,53709,0,157,208,38,925,825,0,2225,8475,11269,20103,4814,4670,61143,70,706,430,1124,11676,2621,2611,7276,9633,8636,4732,3663,7965,9456,54,6303,70,0,282,365,440,291,270,375,289,170,547,13778,0,729,1454,0,1872,4812,70,454,1047,846,730,1344,420
ACSSF,2014e1,dc,000,0116,0000007,345592,210,9624,3775,1607,17048,10365,13566,23225,80921,66325,35971,29973,52982,207506,86,1729,1613,445,2293,1742,10445,12979,61496,45199,10117,19982,39380,53709,0,157,208,38,925,825,0,2225,8475,11269,20103,4814,4670,61143,70,706,430,1124,11676,2621,2611,7276,9633,8636,4732,3663,7965,9456,54,6303,70,0,282,365,440,291,270,375,289,170,547,13778,0,729,1454,0,1872,4812,70,454,1047,846,730,1344,420
ACSSF,2014e1,dc,000,0116,0000008,345592,210,9624,3775,1607,17048,10365,13566,23225,80921,66325,35971,29973,52982,207506,86,1729,1613,445,2293,1742,10445,12979,61496,45199,10117,19982,39380,53709,0,157,208,38,925,825,0,2225,8475,11269,20103,4814,4670,61143,70,706,430,1124,11676,2621,2611,7276,9633,8636,4732,3663,7965,9456,54,6303,70,0,282,365,440,291,270,375,289,170,547,13778,0,729,1454,0,1872,4812,70,454,1047,846,730,1344,420
ACSSF,2014e1,dc,000,0116,0000009,345592,210,9624,3775,1607,17048,10365,13566,23225,80921,66325,35971,29973,52982,207506,86,1729,1613,445,2293,1742,10445,12979,61496,45199,10117,19982,39380,53709,0,157,208,38,925,825,0,2225,8475,11269,20103,4814,4670,61143,70,706,430,1124,11676,2621,2611,7276,9633,8636,4732,3663,7965,9456,54,6303,70,0,282,365,440,291,270,375,289,170,547,13778,0,729,1454,0,1872,4812,70,454,1047,846,730,1344,420
ACSSF,2014e1,dc,000,0116,0000010,,,,,,,,,,,,,,,,,,,,,,,,,,,,,,,,,,,,,,,,,,,,,,,,,,,,,,,,,,,,,,,,,,,,,,,,,,,,,,,,,,,,
ACSSF,2014e1,dc,000,0116,0000011,,,,,,,,,,,,,,,,,,,,,,,,,,,,,,,,,,,,,,,,,,,,,,,,,,,,,,,,,,,,,,,,,,,,,,,,,,,,,,,,,,,,
ACSSF,2014e1,dc,000,0116,0000012,56071,97,1134,728,503,2682,1389,3015,3465,11884,11195,4121,5118,10740,36657,43,240,173,83,454,238,2442,2041,9055,8094,1732,3820,8242,6035,0,118,0,0,107,105,0,619,877,1655,1435,586,533,9753,0,203,128,420,1685,317,428,714,1594,1229,804,575,1656,976,54,459,0,0,19,0,145,0,113,0,28,44,114,2650,0,114,427,0,417,729,0,91,245,217,122,93,195
ACSSF,2014e1,dc,000,0116,0000013,54801,0,1985,728,257,5873,3314,1211,3584,6864,14419,5135,2677,8754,16643,0,234,124,0,150,333,365,805,2405,7193,760,1152,3122,15419,0,39,0,38,526,356,0,628,2765,5159,2590,741,2577,15455,0,217,121,219,4255,855,744,1720,1472,1542,1432,408,2470,2642,0,880,0,0,0,365,102,291,85,272,261,26,360,4642,0,615,483,0,942,1405,0,140,137,253,92,350,225
ACSSF,2014e1,dc,000,0116,0000014,,,,,,,,,,,,,,,,,,,,,,,,,,,,,,,,,,,,,,,,,,,,,,,,,,,,,,,,,,,,,,,,,,,,,,,,,,,,,,,,,,,,
ACSSF,2014e1,dc,000,0116,0000015,345592,210,9624,3775,1607,17048,10365,13566,23225,80921,66325,35971,29973,52982,207506,86,1729,1613,445,2293,1742,10445,12979,61496,45199,10117,19982,39380,53709,0,157,208,38,925,825,0,2225,8475,11269,20103,4814,4670,61143,70,706,430,1124,11676,2621,2611,7276,9633,8636,4732,3663,7965,9456,54,6303,70,0,282,365,440,291,270,375,289,170,547,13778,0,729,1454,0,1872,4812,70,454,1047,846,730,1344,420
