ACSSF,2016e1,dc,000,0023,0000001,,,,,,,638541,118720,39598,480223,527028,96114,33528,397386,57907,9883,3308,44716,0,0,0,0,43691,9955,2132,31604,9915,2768,630,6517,,,,,,,,,,,,,,,,,,,,,,,,,632253,262674,369579,523678,237500,286178,57057,14286,42771,0,0,0,41575,7926,33649,9943,2962,6981,,,,,,,,,,,,,,,,,,,,,,,,,,,,,,,,,,,,,,,,,,,,,,,,,,,,,,,,,,,,,,,,,,,,,,,,,,,,,,,672022,538547,122320,82143,70465,11678,38377,20720,17657,944,362,582,856,11155,,,,,,,,,,,,,,,,,,,,,,,,,,,,,,,,,,,,,,,,,,,,,,,,672022,538547,122320,82143,70465,11678,38377,20720,17657,944,856,11155,,,,,,,,,,,,,,,,
ACSSF,2016e1,dc,000,0023,0000002,,,,,,,638541,118720,39598,480223,527028,96114,33528,397386,57907,9883,3308,44716,0,0,0,0,43691,9955,2132,31604,9915,2768,630,6517,,,,,,,,,,,,,,,,,,,,,,,,,632253,262674,369579,523678,237500,286178,57057,14286,42771,0,0,0,41575,7926,33649,9943,2962,6981,,,,,,,,,,,,,,,,,,,,,,,,,,,,,,,,,,,,,,,,,,,,,,,,,,,,,,,,,,,,,,,,,,,,,,,,,,,,,,,672022,538547,122320,82143,70465,11678,38377,20720,17657,944,362,582,856,11155,,,,,,,,,,,,,,,,,,,,,,,,,,,,,,,,,,,,,,,,,,,,,,,,672022,538547,122320,82143,70465,11678,38377,20720,17657,944,856,11155,,,,,,,,,,,,,,,,
ACSSF,2016e1,dc,000,0023,0000003,,,,,,,638541,118720,39598,480223,527028,96114,33528,397386,57907,9883,3308,44716,0,0,0,0,43691,9955,2132,31604,9915,2768,630,6517,,,,,,,,,,,,,,,,,,,,,,,,,632253,262674,369579,523678,237500,286178,57057,14286,42771,0,0,0,41575,7926,33649,9943,2962,6981,,,,,,,,,,,,,,,,,,,,,,,,,,,,,,,,,,,,,,,,,,,,,,,,,,,,,,,,,,,,,,,,,,,,,,,,,,,,,,,672022,538547,122320,82143,70465,11678,38377,20720,17657,944,362,582,856,11155,,,,,,,,,,,,,,,,,,,,,,,,,,,,,,,,,,,,,,,,,,,,,,,,672022,538547,122320,82143,70465,11678,38377,20720,17657,944,856,11155,,,,,,,,,,,,,,,,
ACSSF,2016e1,dc,000,0023,0000004,,,,,,,638541,118720,39598,480223,527028,96114,33528,397386,57907,9883,3308,44716,0,0,0,0,43691,9955,2132,31604,9915,2768,630,6517,,,,,,,,,,,,,,,,,,,,,,,,,632253,262674,369579,523678,237500,286178,57057,14286,42771,0,0,0,41575,7926,33649,9943,2962,6981,,,,,,,,,,,,,,,,,,,,,,,,,,,,,,,,,,,,,,,,,,,,,,,,,,,,,,,,,,,,,,,,,,,,,,,,,,,,,,,672022,538547,122320,82143,70465,11678,38377,20720,17657,944,362,582,856,11155,,,,,,,,,,,,,,,,,,,,,,,,,,,,,,,,,,,,,,,,,,,,,,,,672022,538547,122320,82143,70465,11678,38377,20720,17657,944,856,11155,,,,,,,,,,,,,,,,
ACSSF,2016e1,dc,000,0023,0000005,,,,,,,638541,118720,39598,480223,527028,96114,33528,397386,57907,9883,3308,44716,0,0,0,0,43691,9955,2132,31604,9915,2768,630,6517,,,,,,,,,,,,,,,,,,,,,,,,,632253,262674,369579,523678,237500,286178,57057,14286,42771,0,0,0,41575,7926,33649,9943,2962,6981,,,,,,,,,,,,,,,,,,,,,,,,,,,,,,,,,,,,,,,,,,,,,,,,,,,,,,,,,,,,,,,,,,,,,,,,,,,,,,,672022,538547,122320,82143,70465,11678,38377,20720,17657,944,362,582,856,11155,,,,,,,,,,,,,,,,,,,,,,,,,,,,,,,,,,,,,,,,,,,,,,,,672022,538547,122320,82143,70465,11678,38377,20720,17657,944,856,11155,,,,,,,,,,,,,,,,
ACSSF,2016e1,dc,000,0023,0000006,,,,,,,638541,118720,39598,480223,527028,96114,33528,397386,57907,9883,3308,44716,0,0,0,0,43691,9955,2132,31604,9915,2768,630,6517,,,,,,,,,,,,,,,,,,,,,,,,,632253,262674,369579,523678,237500,286178,57057,14286,42771,0,0,0,41575,7926,33649,9943,2962,6981,,,,,,,,,,,,,,,,,,,,,,,,,,,,,,,,,,,,,,,,,,,,,,,,,,,,,,,,,,,,,,,,,,,,,,,,,,,,,,,672022,538547,122320,82143,70465,11678,38377,20720,17657,944,362,582,856,11155,,,,,,,,,,,,,,,,,,,,,,,,,,,,,,,,,,,,,,,,,,,,,,,,672022,538547,122320,82143,70465,11678,38377,20720,17657,944,856,11155,,,,,,,,,,,,,,,,
ACSSF,2016e1,dc,000,0023,0000007,,,,,,,638541,118720,39598,480223,527028,96114,33528,397386,57907,9883,3308,44716,0,0,0,0,43691,9955,2132,31604,9915,2768,630,6517,,,,,,,,,,,,,,,,,,,,,,,,,632253,262674,369579,523678,237500,286178,57057,14286,42771,0,0,0,41575,7926,33649,9943,2962,6981,,,,,,,,,,,,,,,,,,,,,,,,,,,,,,,,,,,,,,,,,,,,,,,,,,,,,,,,,,,,,,,,,,,,,,,,,,,,,,,672022,538547,122320,82143,70465,11678,38377,20720,17657,944,362,582,856,11155,,,,,,,,,,,,,,,,,,,,,,,,,,,,,,,,,,,,,,,,,,,,,,,,672022,538547,122320,82143,70465,11678,38377,20720,17657,944,856,11155,,,,,,,,,,,,,,,,
ACSSF,2016e1,dc,000,0023,0000008,,,,,,,638541,118720,39598,480223,527028,96114,33528,397386,57907,9883,3308,44716,0,0,0,0,43691,9955,2132,31604,9915,2768,630,6517,,,,,,,,,,,,,,,,,,,,,,,,,632253,262674,369579,523678,237500,286178,57057,14286,42771,0,0,0,41575,7926,33649,9943,2962,6981,,,,,,,,,,,,,,,,,,,,,,,,,,,,,,,,,,,,,,,,,,,,,,,,,,,,,,,,,,,,,,,,,,,,,,,,,,,,,,,672022,538547,122320,82143,70465,11678,38377,20720,17657,944,362,582,856,11155,,,,,,,,,,,,,,,,,,,,,,,,,,,,,,,,,,,,,,,,,,,,,,,,672022,538547,122320,82143,70465,11678,38377,20720,17657,944,856,11155,,,,,,,,,,,,,,,,
ACSSF,2016e1,dc,000,0023,0000009,,,,,,,638541,118720,39598,480223,527028,96114,33528,397386,57907,9883,3308,44716,0,0,0,0,43691,9955,2132,31604,9915,2768,630,6517,,,,,,,,,,,,,,,,,,,,,,,,,632253,262674,369579,523678,237500,286178,57057,14286,42771,0,0,0,41575,7926,33649,9943,2962,6981,,,,,,,,,,,,,,,,,,,,,,,,,,,,,,,,,,,,,,,,,,,,,,,,,,,,,,,,,,,,,,,,,,,,,,,,,,,,,,,672022,538547,122320,82143,70465,11678,38377,20720,17657,944,362,582,856,11155,,,,,,,,,,,,,,,,,,,,,,,,,,,,,,,,,,,,,,,,,,,,,,,,672022,538547,122320,82143,70465,11678,38377,20720,17657,944,856,11155,,,,,,,,,,,,,,,,
ACSSF,2016e1,dc,000,0023,0000010,,,,,,,98019,9467,2482,86070,78034,5883,1983,70168,9199,1225,0,7974,0,0,0,0,9173,2062,499,6612,1613,297,0,1316,,,,,,,,,,,,,,,,,,,,,,,,,97788,59420,38368,77863,52268,25595,9164,3912,5252,0,0,0,9120,2246,6874,1641,994,647,,,,,,,,,,,,,,,,,,,,,,,,,,,,,,,,,,,,,,,,,,,,,,,,,,,,,,,,,,,,,,,,,,,,,,,,,,,,,,,106907,81145,23851,13655,11967,1688,9889,5246,4643,307,153,154,0,1911,,,,,,,,,,,,,,,,,,,,,,,,,,,,,,,,,,,,,,,,,,,,,,,,106907,81145,23851,13655,11967,1688,9889,5246,4643,307,0,1911,,,,,,,,,,,,,,,,
ACSSF,2016e1,dc,000,0023,0000011,,,,,,,126052,16865,9334,99853,108089,14241,8069,85779,11307,1408,707,9192,0,0,0,0,5434,773,500,4161,1222,443,58,721,,,,,,,,,,,,,,,,,,,,,,,,,125245,59605,65640,107488,54751,52737,11314,2840,8474,0,0,0,5221,1543,3678,1222,471,751,,,,,,,,,,,,,,,,,,,,,,,,,,,,,,,,,,,,,,,,,,,,,,,,,,,,,,,,,,,,,,,,,,,,,,,,,,,,,,,129427,109698,18400,14328,12144,2184,3877,2002,1875,59,59,0,136,1329,,,,,,,,,,,,,,,,,,,,,,,,,,,,,,,,,,,,,,,,,,,,,,,,129427,109698,18400,14328,12144,2184,3877,2002,1875,59,136,1329,,,,,,,,,,,,,,,,
ACSSF,2016e1,dc,000,0023,0000012,,,,,,,111415,16715,4669,90031,95900,13761,3520,78619,7353,1157,719,5477,0,0,0,0,6866,1686,259,4921,1296,111,171,1014,,,,,,,,,,,,,,,,,,,,,,,,,108734,56938,51796,94443,52767,41676,6819,2241,4578,0,0,0,6176,1482,4694,1296,448,848,,,,,,,,,,,,,,,,,,,,,,,,,,,,,,,,,,,,,,,,,,,,,,,,,,,,,,,,,,,,,,,,,,,,,,,,,,,,,,,116803,97933,17489,11887,9845,2042,5354,3670,1684,144,17,127,104,1381,,,,,,,,,,,,,,,,,,,,,,,,,,,,,,,,,,,,,,,,,,,,,,,,116803,97933,17489,11887,9845,2042,5354,3670,1684,144,104,1381,,,,,,,,,,,,,,,,
ACSSF,2016e1,dc,000,0023,0000013,,,,,,,159533,51959,17953,89621,139010,44764,15630,78616,12408,3996,1642,6770,0,0,0,0,7315,2975,578,3762,800,224,103,473,,,,,,,,,,,,,,,,,,,,,,,,,158187,42184,116003,138514,39280,99234,12132,1570,10562,0,0,0,6741,1245,5496,800,89,711,,,,,,,,,,,,,,,,,,,,,,,,,,,,,,,,,,,,,,,,,,,,,,,,,,,,,,,,,,,,,,,,,,,,,,,,,,,,,,,162927,140805,21322,16926,14397,2529,3797,724,3073,161,60,101,438,800,,,,,,,,,,,,,,,,,,,,,,,,,,,,,,,,,,,,,,,,,,,,,,,,162927,140805,21322,16926,14397,2529,3797,724,3073,161,438,800,,,,,,,,,,,,,,,,
ACSSF,2016e1,dc,000,0023,0000014,,,,,,,143522,23714,5160,114648,105995,17465,4326,84204,17640,2097,240,15303,0,0,0,0,14903,2459,296,12148,4984,1693,298,2993,,,,,,,,,,,,,,,,,,,,,,,,,142299,44527,97772,105370,38434,66936,17628,3723,13905,0,0,0,14317,1410,12907,4984,960,4024,,,,,,,,,,,,,,,,,,,,,,,,,,,,,,,,,,,,,,,,,,,,,,,,,,,,,,,,,,,,,,,,,,,,,,,,,,,,,,,155958,108966,41258,25347,22112,3235,15460,9078,6382,273,73,200,178,5734,,,,,,,,,,,,,,,,,,,,,,,,,,,,,,,,,,,,,,,,,,,,,,,,155958,108966,41258,25347,22112,3235,15460,9078,6382,273,178,5734,,,,,,,,,,,,,,,,
ACSSF,2016e1,dc,000,0023,0000015,,,,,,,638541,118720,39598,480223,527028,96114,33528,397386,57907,9883,3308,44716,0,0,0,0,43691,9955,2132,31604,9915,2768,630,6517,,,,,,,,,,,,,,,,,,,,,,,,,632253,262674,369579,523678,237500,286178,57057,14286,42771,0,0,0,41575,7926,33649,9943,2962,6981,,,,,,,,,,,,,,,,,,,,,,,,,,,,,,,,,,,,,,,,,,,,,,,,,,,,,,,,,,,,,,,,,,,,,,,,,,,,,,,672022,538547,122320,82143,70465,11678,38377,20720,17657,944,362,582,856,11155,,,,,,,,,,,,,,,,,,,,,,,,,,,,,,,,,,,,,,,,,,,,,,,,672022,538547,122320,82143,70465,11678,38377,20720,17657,944,856,11155,,,,,,,,,,,,,,,,
