ACSSF,2012m1,dc,000,0075,0000001,,,,,,,,,,,,,,,,,,,,,,,,,,,,,,,,,,,,,,,,,,,,,,,,,,,,,,,,,,,,,,,,,,,,,,,,,,,,,,,,,,,3951,1571,745,753,1415,584,402,1395,1254,3781,3094,1867,2435,1249,941,2078,1568,2294,486,450,416,173,197,197,173,173,2225,2199,1431,1192,650,479,1017,781,2734,1417,373,245,1412,534,339,1388,1252,2588,1691,1200,2173,1020,719,1871,1451,,,,,,,,,,,,,,,,,,,,,,,,,,,,,,,,,,,,,,,,,,,,,,,,,,,,1254,528,395,401,438,216,216,362,331,1160,954,637,631,197,160,594,469,,,,,,,,,,,,,,,,,,1975,258,226,169,99,197,197,99,99,1987,2168,1411,989,535,398,802,547
ACSSF,2012m1,dc,000,0075,0000002,,,,,,,,,,,,,,,,,,,,,,,,,,,,,,,,,,,,,,,,,,,,,,,,,,,,,,,,,,,,,,,,,,,,,,,,,,,,,,,,,,,3951,1571,745,753,1415,584,402,1395,1254,3781,3094,1867,2435,1249,941,2078,1568,2294,486,450,416,173,197,197,173,173,2225,2199,1431,1192,650,479,1017,781,2734,1417,373,245,1412,534,339,1388,1252,2588,1691,1200,2173,1020,719,1871,1451,,,,,,,,,,,,,,,,,,,,,,,,,,,,,,,,,,,,,,,,,,,,,,,,,,,,1254,528,395,401,438,216,216,362,331,1160,954,637,631,197,160,594,469,,,,,,,,,,,,,,,,,,1975,258,226,169,99,197,197,99,99,1987,2168,1411,989,535,398,802,547
ACSSF,2012m1,dc,000,0075,0000003,,,,,,,,,,,,,,,,,,,,,,,,,,,,,,,,,,,,,,,,,,,,,,,,,,,,,,,,,,,,,,,,,,,,,,,,,,,,,,,,,,,3951,1571,745,753,1415,584,402,1395,1254,3781,3094,1867,2435,1249,941,2078,1568,2294,486,450,416,173,197,197,173,173,2225,2199,1431,1192,650,479,1017,781,2734,1417,373,245,1412,534,339,1388,1252,2588,1691,1200,2173,1020,719,1871,1451,,,,,,,,,,,,,,,,,,,,,,,,,,,,,,,,,,,,,,,,,,,,,,,,,,,,1254,528,395,401,438,216,216,362,331,1160,954,637,631,197,160,594,469,,,,,,,,,,,,,,,,,,1975,258,226,169,99,197,197,99,99,1987,2168,1411,989,535,398,802,547
ACSSF,2012m1,dc,000,0075,0000004,,,,,,,,,,,,,,,,,,,,,,,,,,,,,,,,,,,,,,,,,,,,,,,,,,,,,,,,,,,,,,,,,,,,,,,,,,,,,,,,,,,3951,1571,745,753,1415,584,402,1395,1254,3781,3094,1867,2435,1249,941,2078,1568,2294,486,450,416,173,197,197,173,173,2225,2199,1431,1192,650,479,1017,781,2734,1417,373,245,1412,534,339,1388,1252,2588,1691,1200,2173,1020,719,1871,1451,,,,,,,,,,,,,,,,,,,,,,,,,,,,,,,,,,,,,,,,,,,,,,,,,,,,1254,528,395,401,438,216,216,362,331,1160,954,637,631,197,160,594,469,,,,,,,,,,,,,,,,,,1975,258,226,169,99,197,197,99,99,1987,2168,1411,989,535,398,802,547
ACSSF,2012m1,dc,000,0075,0000005,,,,,,,,,,,,,,,,,,,,,,,,,,,,,,,,,,,,,,,,,,,,,,,,,,,,,,,,,,,,,,,,,,,,,,,,,,,,,,,,,,,3951,1571,745,753,1415,584,402,1395,1254,3781,3094,1867,2435,1249,941,2078,1568,2294,486,450,416,173,197,197,173,173,2225,2199,1431,1192,650,479,1017,781,2734,1417,373,245,1412,534,339,1388,1252,2588,1691,1200,2173,1020,719,1871,1451,,,,,,,,,,,,,,,,,,,,,,,,,,,,,,,,,,,,,,,,,,,,,,,,,,,,1254,528,395,401,438,216,216,362,331,1160,954,637,631,197,160,594,469,,,,,,,,,,,,,,,,,,1975,258,226,169,99,197,197,99,99,1987,2168,1411,989,535,398,802,547
ACSSF,2012m1,dc,000,0075,0000006,,,,,,,,,,,,,,,,,,,,,,,,,,,,,,,,,,,,,,,,,,,,,,,,,,,,,,,,,,,,,,,,,,,,,,,,,,,,,,,,,,,3951,1571,745,753,1415,584,402,1395,1254,3781,3094,1867,2435,1249,941,2078,1568,2294,486,450,416,173,197,197,173,173,2225,2199,1431,1192,650,479,1017,781,2734,1417,373,245,1412,534,339,1388,1252,2588,1691,1200,2173,1020,719,1871,1451,,,,,,,,,,,,,,,,,,,,,,,,,,,,,,,,,,,,,,,,,,,,,,,,,,,,1254,528,395,401,438,216,216,362,331,1160,954,637,631,197,160,594,469,,,,,,,,,,,,,,,,,,1975,258,226,169,99,197,197,99,99,1987,2168,1411,989,535,398,802,547
ACSSF,2012m1,dc,000,0075,0000007,,,,,,,,,,,,,,,,,,,,,,,,,,,,,,,,,,,,,,,,,,,,,,,,,,,,,,,,,,,,,,,,,,,,,,,,,,,,,,,,,,,3951,1571,745,753,1415,584,402,1395,1254,3781,3094,1867,2435,1249,941,2078,1568,2294,486,450,416,173,197,197,173,173,2225,2199,1431,1192,650,479,1017,781,2734,1417,373,245,1412,534,339,1388,1252,2588,1691,1200,2173,1020,719,1871,1451,,,,,,,,,,,,,,,,,,,,,,,,,,,,,,,,,,,,,,,,,,,,,,,,,,,,1254,528,395,401,438,216,216,362,331,1160,954,637,631,197,160,594,469,,,,,,,,,,,,,,,,,,1975,258,226,169,99,197,197,99,99,1987,2168,1411,989,535,398,802,547
ACSSF,2012m1,dc,000,0075,0000008,,,,,,,,,,,,,,,,,,,,,,,,,,,,,,,,,,,,,,,,,,,,,,,,,,,,,,,,,,,,,,,,,,,,,,,,,,,,,,,,,,,3951,1571,745,753,1415,584,402,1395,1254,3781,3094,1867,2435,1249,941,2078,1568,2294,486,450,416,173,197,197,173,173,2225,2199,1431,1192,650,479,1017,781,2734,1417,373,245,1412,534,339,1388,1252,2588,1691,1200,2173,1020,719,1871,1451,,,,,,,,,,,,,,,,,,,,,,,,,,,,,,,,,,,,,,,,,,,,,,,,,,,,1254,528,395,401,438,216,216,362,331,1160,954,637,631,197,160,594,469,,,,,,,,,,,,,,,,,,1975,258,226,169,99,197,197,99,99,1987,2168,1411,989,535,398,802,547
ACSSF,2012m1,dc,000,0075,0000009,,,,,,,,,,,,,,,,,,,,,,,,,,,,,,,,,,,,,,,,,,,,,,,,,,,,,,,,,,,,,,,,,,,,,,,,,,,,,,,,,,,3951,1571,745,753,1415,584,402,1395,1254,3781,3094,1867,2435,1249,941,2078,1568,2294,486,450,416,173,197,197,173,173,2225,2199,1431,1192,650,479,1017,781,2734,1417,373,245,1412,534,339,1388,1252,2588,1691,1200,2173,1020,719,1871,1451,,,,,,,,,,,,,,,,,,,,,,,,,,,,,,,,,,,,,,,,,,,,,,,,,,,,1254,528,395,401,438,216,216,362,331,1160,954,637,631,197,160,594,469,,,,,,,,,,,,,,,,,,1975,258,226,169,99,197,197,99,99,1987,2168,1411,989,535,398,802,547
ACSSF,2012m1,dc,000,0075,0000010,,,,,,,,,,,,,,,,,,,,,,,,,,,,,,,,,,,,,,,,,,,,,,,,,,,,,,,,,,,,,,,,,,,,,,,,,,,,,,,,,,,,,,,,,,,,,,,,,,,,,,,,,,,,,,,,,,,,,,,,,,,,,,,,,,,,,,,,,,,,,,,,,,,,,,,,,,,,,,,,,,,,,,,,,,,,,,,,,,,,,,,,,,,,,,,,,,,,,,,,,,,,,,,,,,,,,,,,,,,,,,,,,,,,,,,,,,,
ACSSF,2012m1,dc,000,0075,0000011,,,,,,,,,,,,,,,,,,,,,,,,,,,,,,,,,,,,,,,,,,,,,,,,,,,,,,,,,,,,,,,,,,,,,,,,,,,,,,,,,,,1838,751,517,560,573,284,284,535,511,1780,1462,1008,1205,708,419,935,776,1098,417,404,377,125,197,197,125,125,1024,674,453,649,490,276,394,372,1198,427,164,164,432,183,183,386,382,1156,1063,696,999,479,287,893,611,,,,,,,,,,,,,,,,,,,,,,,,,,,,,,,,,,,,,,,,,,,,,,,,,,,,779,542,363,367,402,209,209,324,281,527,382,261,342,122,197,326,258,,,,,,,,,,,,,,,,,,634,152,152,86,197,197,197,197,197,603,580,340,293,194,78,210,66
ACSSF,2012m1,dc,000,0075,0000012,,,,,,,,,,,,,,,,,,,,,,,,,,,,,,,,,,,,,,,,,,,,,,,,,,,,,,,,,,,,,,,,,,,,,,,,,,,,,,,,,,,1724,760,212,174,719,170,132,732,541,1653,1208,822,1119,528,488,1049,831,,,,,,,,,,,,,,,,,,1373,716,116,197,714,149,104,709,512,1306,744,513,1059,517,484,985,768,,,,,,,,,,,,,,,,,,,,,,,,,,,,,,,,,,,,,,,,,,,,,,,,,,,,,,,,,,,,,,,,,,,,,,,,,,,,,,,,,,,,,,,,,,,,,,,,,,,,,,
ACSSF,2012m1,dc,000,0075,0000013,,,,,,,,,,,,,,,,,,,,,,,,,,,,,,,,,,,,,,,,,,,,,,,,,,,,,,,,,,,,,,,,,,,,,,,,,,,,,,,,,,,2146,1166,288,186,1139,362,251,1130,1065,1950,1315,856,1596,626,476,1533,1160,,,,,,,,,,,,,,,,,,2106,1192,284,180,1161,362,251,1149,1081,1900,1152,798,1578,609,451,1515,1120,,,,,,,,,,,,,,,,,,,,,,,,,,,,,,,,,,,,,,,,,,,,,,,,,,,,,,,,,,,,,,,,,,,,,,,,,,,,,,,,,,,,,,,,,,,,,,,,,,,,,,
ACSSF,2012m1,dc,000,0075,0000014,,,,,,,,,,,,,,,,,,,,,,,,,,,,,,,,,,,,,,,,,,,,,,,,,,,,,,,,,,,,,,,,,,,,,,,,,,,,,,,,,,,2127,534,248,168,454,230,38,381,255,2091,1526,881,1268,658,298,1113,844,1273,91,91,49,197,197,197,197,197,1284,1109,604,575,299,190,493,408,1114,475,158,197,419,226,197,344,255,1176,513,395,1053,515,102,928,649,,,,,,,,,,,,,,,,,,,,,,,,,,,,,,,,,,,,,,,,,,,,,,,,,,,,,,,,,,,,,,,,,,,,,,,,,,,,,,,,,,,,,,,,,,,,,,,,,,,,,,
ACSSF,2012m1,dc,000,0075,0000015,,,,,,,,,,,,,,,,,,,,,,,,,,,,,,,,,,,,,,,,,,,,,,,,,,,,,,,,,,,,,,,,,,,,,,,,,,,,,,,,,,,3951,1571,745,753,1415,584,402,1395,1254,3781,3094,1867,2435,1249,941,2078,1568,2294,486,450,416,173,197,197,173,173,2225,2199,1431,1192,650,479,1017,781,2734,1417,373,245,1412,534,339,1388,1252,2588,1691,1200,2173,1020,719,1871,1451,,,,,,,,,,,,,,,,,,,,,,,,,,,,,,,,,,,,,,,,,,,,,,,,,,,,1254,528,395,401,438,216,216,362,331,1160,954,637,631,197,160,594,469,,,,,,,,,,,,,,,,,,1975,258,226,169,99,197,197,99,99,1987,2168,1411,989,535,398,802,547
