ACSSF,2012m1,dc,000,0170,0000001,740,5310,3730,3603,1928,3749,913,840,460,3880,3806,1420,3999,841,778,440,5231,3554,3411,1680,3371,817,785,133,3850,3746,1904,3140,928,936,275,5914,3628,3183,2214,2164,1093,1091,380,3810,3401,2581,2354,1247,1207,580,727,7843,7405,3975,6742,1679,7678,6979,4865,5306,2255,6953,6415,5095,3978,1257,5719,5515,5050,3503,1299,9563,8985,8410,3785,1853,740,5310,5152,2505,5350,1368,1284,615,5231,5009,2777,4728,1222,1200,311,5914,5131,3623,3536,1764,1653,780
ACSSF,2012m1,dc,000,0170,0000002,740,5310,3730,3603,1928,3749,913,840,460,3880,3806,1420,3999,841,778,440,5231,3554,3411,1680,3371,817,785,133,3850,3746,1904,3140,928,936,275,5914,3628,3183,2214,2164,1093,1091,380,3810,3401,2581,2354,1247,1207,580,727,7843,7405,3975,6742,1679,7678,6979,4865,5306,2255,6953,6415,5095,3978,1257,5719,5515,5050,3503,1299,9563,8985,8410,3785,1853,740,5310,5152,2505,5350,1368,1284,615,5231,5009,2777,4728,1222,1200,311,5914,5131,3623,3536,1764,1653,780
ACSSF,2012m1,dc,000,0170,0000003,740,5310,3730,3603,1928,3749,913,840,460,3880,3806,1420,3999,841,778,440,5231,3554,3411,1680,3371,817,785,133,3850,3746,1904,3140,928,936,275,5914,3628,3183,2214,2164,1093,1091,380,3810,3401,2581,2354,1247,1207,580,727,7843,7405,3975,6742,1679,7678,6979,4865,5306,2255,6953,6415,5095,3978,1257,5719,5515,5050,3503,1299,9563,8985,8410,3785,1853,740,5310,5152,2505,5350,1368,1284,615,5231,5009,2777,4728,1222,1200,311,5914,5131,3623,3536,1764,1653,780
ACSSF,2012m1,dc,000,0170,0000004,740,5310,3730,3603,1928,3749,913,840,460,3880,3806,1420,3999,841,778,440,5231,3554,3411,1680,3371,817,785,133,3850,3746,1904,3140,928,936,275,5914,3628,3183,2214,2164,1093,1091,380,3810,3401,2581,2354,1247,1207,580,727,7843,7405,3975,6742,1679,7678,6979,4865,5306,2255,6953,6415,5095,3978,1257,5719,5515,5050,3503,1299,9563,8985,8410,3785,1853,740,5310,5152,2505,5350,1368,1284,615,5231,5009,2777,4728,1222,1200,311,5914,5131,3623,3536,1764,1653,780
ACSSF,2012m1,dc,000,0170,0000005,740,5310,3730,3603,1928,3749,913,840,460,3880,3806,1420,3999,841,778,440,5231,3554,3411,1680,3371,817,785,133,3850,3746,1904,3140,928,936,275,5914,3628,3183,2214,2164,1093,1091,380,3810,3401,2581,2354,1247,1207,580,727,7843,7405,3975,6742,1679,7678,6979,4865,5306,2255,6953,6415,5095,3978,1257,5719,5515,5050,3503,1299,9563,8985,8410,3785,1853,740,5310,5152,2505,5350,1368,1284,615,5231,5009,2777,4728,1222,1200,311,5914,5131,3623,3536,1764,1653,780
ACSSF,2012m1,dc,000,0170,0000006,740,5310,3730,3603,1928,3749,913,840,460,3880,3806,1420,3999,841,778,440,5231,3554,3411,1680,3371,817,785,133,3850,3746,1904,3140,928,936,275,5914,3628,3183,2214,2164,1093,1091,380,3810,3401,2581,2354,1247,1207,580,727,7843,7405,3975,6742,1679,7678,6979,4865,5306,2255,6953,6415,5095,3978,1257,5719,5515,5050,3503,1299,9563,8985,8410,3785,1853,740,5310,5152,2505,5350,1368,1284,615,5231,5009,2777,4728,1222,1200,311,5914,5131,3623,3536,1764,1653,780
ACSSF,2012m1,dc,000,0170,0000007,740,5310,3730,3603,1928,3749,913,840,460,3880,3806,1420,3999,841,778,440,5231,3554,3411,1680,3371,817,785,133,3850,3746,1904,3140,928,936,275,5914,3628,3183,2214,2164,1093,1091,380,3810,3401,2581,2354,1247,1207,580,727,7843,7405,3975,6742,1679,7678,6979,4865,5306,2255,6953,6415,5095,3978,1257,5719,5515,5050,3503,1299,9563,8985,8410,3785,1853,740,5310,5152,2505,5350,1368,1284,615,5231,5009,2777,4728,1222,1200,311,5914,5131,3623,3536,1764,1653,780
ACSSF,2012m1,dc,000,0170,0000008,740,5310,3730,3603,1928,3749,913,840,460,3880,3806,1420,3999,841,778,440,5231,3554,3411,1680,3371,817,785,133,3850,3746,1904,3140,928,936,275,5914,3628,3183,2214,2164,1093,1091,380,3810,3401,2581,2354,1247,1207,580,727,7843,7405,3975,6742,1679,7678,6979,4865,5306,2255,6953,6415,5095,3978,1257,5719,5515,5050,3503,1299,9563,8985,8410,3785,1853,740,5310,5152,2505,5350,1368,1284,615,5231,5009,2777,4728,1222,1200,311,5914,5131,3623,3536,1764,1653,780
ACSSF,2012m1,dc,000,0170,0000009,740,5310,3730,3603,1928,3749,913,840,460,3880,3806,1420,3999,841,778,440,5231,3554,3411,1680,3371,817,785,133,3850,3746,1904,3140,928,936,275,5914,3628,3183,2214,2164,1093,1091,380,3810,3401,2581,2354,1247,1207,580,727,7843,7405,3975,6742,1679,7678,6979,4865,5306,2255,6953,6415,5095,3978,1257,5719,5515,5050,3503,1299,9563,8985,8410,3785,1853,740,5310,5152,2505,5350,1368,1284,615,5231,5009,2777,4728,1222,1200,311,5914,5131,3623,3536,1764,1653,780
ACSSF,2012m1,dc,000,0170,0000010,5221,3882,2255,2201,276,2162,436,423,150,2618,2566,174,2587,628,594,201,3755,2270,2172,182,2135,576,576,197,2437,2326,718,2133,475,437,158,2279,1474,1329,294,1326,702,690,220,1584,1269,222,1165,965,929,264,5743,1679,1679,1560,664,197,2900,2897,2841,795,108,1858,1793,1540,861,323,2436,2420,2403,619,131,5221,5000,4971,1392,544,5221,3882,3861,344,3833,787,740,271,3755,3596,757,3361,721,709,158,2279,1975,341,1945,1324,1291,351
ACSSF,2012m1,dc,000,0170,0000011,5323,3423,2469,2417,1323,2206,415,363,165,1968,2014,810,1852,481,429,232,3079,1842,1846,915,1569,188,183,47,2175,2103,1127,1796,447,447,197,2365,1418,1112,779,802,784,782,85,1690,1619,1283,845,986,931,289,7243,3163,3039,1759,2843,706,3681,3414,2436,2666,1175,3177,2890,1776,2091,774,3632,3490,3187,2487,746,6347,5522,4857,2373,1541,5323,3423,3459,1545,3152,666,606,284,3079,3013,1423,2624,492,491,47,2365,1973,1565,1104,1337,1304,297
ACSSF,2012m1,dc,000,0170,0000012,5521,3506,1822,1809,708,1729,409,324,216,2520,2485,747,2390,341,275,227,2599,1599,1477,998,1303,387,387,197,1504,1559,878,1491,291,291,197,3634,1962,1743,1228,987,783,760,190,2455,2010,1753,785,1043,1020,237,7711,2963,2643,1573,2151,848,3847,3407,2088,3137,1098,4442,4283,2981,3144,702,3312,3164,2119,2216,653,5329,5003,4592,1751,722,5521,3506,3419,1003,3271,501,423,322,2599,2505,1439,2305,484,484,197,3634,3054,2356,1455,1518,1478,337
ACSSF,2012m1,dc,000,0170,0000013,5249,2797,2121,2075,921,1819,277,221,159,1672,1659,814,1694,239,225,79,2258,1455,1365,1097,882,311,309,68,1566,1525,1243,954,342,273,229,3845,2148,1972,1672,873,690,710,187,2660,2397,2189,1148,937,913,235,7346,5605,5513,1744,5462,780,4041,3844,2067,3446,626,3390,3326,2739,1688,399,2393,2263,1942,1587,691,4032,3845,2667,2537,455,5249,2797,2752,1190,2613,367,316,179,2258,2131,1609,1471,481,450,240,3845,3390,3013,1481,1328,1299,310
ACSSF,2012m1,dc,000,0170,0000014,6511,4491,3232,3102,555,3073,633,576,225,2627,2639,667,2656,429,349,248,3366,2417,2378,931,2175,304,281,105,2182,2195,701,1917,328,324,61,2919,1763,1499,1045,1192,793,795,128,1922,1733,1019,1279,959,939,269,7521,3035,3009,1865,2543,892,5095,4217,2724,3069,1967,2334,1999,1652,1323,626,2721,2539,2112,1114,531,5840,5536,5475,966,1073,6511,4491,4368,926,4205,855,750,343,3366,3354,1216,2964,452,430,123,2919,2570,1662,1901,1286,1294,338
ACSSF,2012m1,dc,000,0170,0000015,740,5310,3730,3603,1928,3749,913,840,460,3880,3806,1420,3999,841,778,440,5231,3554,3411,1680,3371,817,785,133,3850,3746,1904,3140,928,936,275,5914,3628,3183,2214,2164,1093,1091,380,3810,3401,2581,2354,1247,1207,580,727,7843,7405,3975,6742,1679,7678,6979,4865,5306,2255,6953,6415,5095,3978,1257,5719,5515,5050,3503,1299,9563,8985,8410,3785,1853,740,5310,5152,2505,5350,1368,1284,615,5231,5009,2777,4728,1222,1200,311,5914,5131,3623,3536,1764,1653,780
