ACSSF,2012m1,dc,000,0103,0000001,2362,2318,2848,1121,875,2427,747,1688,4757,3665,5184,4133,4970,1821,887,1109,4595,1401,1653,3487,972,24226,20967,33602,12355,12873,30979,6468,10143,10106,12645,4525,8560,8749,1750,.,.,.,.,.,.,.,3216,3549,5998,751,3724,9263,4545,7888,28889,26098,11885,9914,8234,2577,1277,5679,4790,8538,1756,5142,2240,2181,5700,2349,948,3125,12125,2816,258,214,1545,197,1545,479,941,738,1200,608,1016,1568,1034,1488,708,867,546,562,283,544,267,1118,197,1118,230,658,648,597,763,607,1146,1144,1337,870,837,586,453,243,235
ACSSF,2012m1,dc,000,0103,0000002,2362,2318,2848,1121,875,2427,747,1688,4757,3665,5184,4133,4970,1821,887,1109,4595,1401,1653,3487,972,24226,20967,33602,12355,12873,30979,6468,10143,10106,12645,4525,8560,8749,1750,.,.,.,.,.,.,.,3216,3549,5998,751,3724,9263,4545,7888,28889,26098,11885,9914,8234,2577,1277,5679,4790,8538,1756,5142,2240,2181,5700,2349,948,3125,12125,2816,258,214,1545,197,1545,479,941,738,1200,608,1016,1568,1034,1488,708,867,546,562,283,544,267,1118,197,1118,230,658,648,597,763,607,1146,1144,1337,870,837,586,453,243,235
ACSSF,2012m1,dc,000,0103,0000003,2362,2318,2848,1121,875,2427,747,1688,4757,3665,5184,4133,4970,1821,887,1109,4595,1401,1653,3487,972,24226,20967,33602,12355,12873,30979,6468,10143,10106,12645,4525,8560,8749,1750,.,.,.,.,.,.,.,3216,3549,5998,751,3724,9263,4545,7888,28889,26098,11885,9914,8234,2577,1277,5679,4790,8538,1756,5142,2240,2181,5700,2349,948,3125,12125,2816,258,214,1545,197,1545,479,941,738,1200,608,1016,1568,1034,1488,708,867,546,562,283,544,267,1118,197,1118,230,658,648,597,763,607,1146,1144,1337,870,837,586,453,243,235
ACSSF,2012m1,dc,000,0103,0000004,2362,2318,2848,1121,875,2427,747,1688,4757,3665,5184,4133,4970,1821,887,1109,4595,1401,1653,3487,972,24226,20967,33602,12355,12873,30979,6468,10143,10106,12645,4525,8560,8749,1750,.,.,.,.,.,.,.,3216,3549,5998,751,3724,9263,4545,7888,28889,26098,11885,9914,8234,2577,1277,5679,4790,8538,1756,5142,2240,2181,5700,2349,948,3125,12125,2816,258,214,1545,197,1545,479,941,738,1200,608,1016,1568,1034,1488,708,867,546,562,283,544,267,1118,197,1118,230,658,648,597,763,607,1146,1144,1337,870,837,586,453,243,235
ACSSF,2012m1,dc,000,0103,0000005,2362,2318,2848,1121,875,2427,747,1688,4757,3665,5184,4133,4970,1821,887,1109,4595,1401,1653,3487,972,24226,20967,33602,12355,12873,30979,6468,10143,10106,12645,4525,8560,8749,1750,.,.,.,.,.,.,.,3216,3549,5998,751,3724,9263,4545,7888,28889,26098,11885,9914,8234,2577,1277,5679,4790,8538,1756,5142,2240,2181,5700,2349,948,3125,12125,2816,258,214,1545,197,1545,479,941,738,1200,608,1016,1568,1034,1488,708,867,546,562,283,544,267,1118,197,1118,230,658,648,597,763,607,1146,1144,1337,870,837,586,453,243,235
ACSSF,2012m1,dc,000,0103,0000006,2362,2318,2848,1121,875,2427,747,1688,4757,3665,5184,4133,4970,1821,887,1109,4595,1401,1653,3487,972,24226,20967,33602,12355,12873,30979,6468,10143,10106,12645,4525,8560,8749,1750,.,.,.,.,.,.,.,3216,3549,5998,751,3724,9263,4545,7888,28889,26098,11885,9914,8234,2577,1277,5679,4790,8538,1756,5142,2240,2181,5700,2349,948,3125,12125,2816,258,214,1545,197,1545,479,941,738,1200,608,1016,1568,1034,1488,708,867,546,562,283,544,267,1118,197,1118,230,658,648,597,763,607,1146,1144,1337,870,837,586,453,243,235
ACSSF,2012m1,dc,000,0103,0000007,2362,2318,2848,1121,875,2427,747,1688,4757,3665,5184,4133,4970,1821,887,1109,4595,1401,1653,3487,972,24226,20967,33602,12355,12873,30979,6468,10143,10106,12645,4525,8560,8749,1750,.,.,.,.,.,.,.,3216,3549,5998,751,3724,9263,4545,7888,28889,26098,11885,9914,8234,2577,1277,5679,4790,8538,1756,5142,2240,2181,5700,2349,948,3125,12125,2816,258,214,1545,197,1545,479,941,738,1200,608,1016,1568,1034,1488,708,867,546,562,283,544,267,1118,197,1118,230,658,648,597,763,607,1146,1144,1337,870,837,586,453,243,235
ACSSF,2012m1,dc,000,0103,0000008,2362,2318,2848,1121,875,2427,747,1688,4757,3665,5184,4133,4970,1821,887,1109,4595,1401,1653,3487,972,24226,20967,33602,12355,12873,30979,6468,10143,10106,12645,4525,8560,8749,1750,.,.,.,.,.,.,.,3216,3549,5998,751,3724,9263,4545,7888,28889,26098,11885,9914,8234,2577,1277,5679,4790,8538,1756,5142,2240,2181,5700,2349,948,3125,12125,2816,258,214,1545,197,1545,479,941,738,1200,608,1016,1568,1034,1488,708,867,546,562,283,544,267,1118,197,1118,230,658,648,597,763,607,1146,1144,1337,870,837,586,453,243,235
ACSSF,2012m1,dc,000,0103,0000009,2362,2318,2848,1121,875,2427,747,1688,4757,3665,5184,4133,4970,1821,887,1109,4595,1401,1653,3487,972,24226,20967,33602,12355,12873,30979,6468,10143,10106,12645,4525,8560,8749,1750,.,.,.,.,.,.,.,3216,3549,5998,751,3724,9263,4545,7888,28889,26098,11885,9914,8234,2577,1277,5679,4790,8538,1756,5142,2240,2181,5700,2349,948,3125,12125,2816,258,214,1545,197,1545,479,941,738,1200,608,1016,1568,1034,1488,708,867,546,562,283,544,267,1118,197,1118,230,658,648,597,763,607,1146,1144,1337,870,837,586,453,243,235
ACSSF,2012m1,dc,000,0103,0000010,4915,15954,6505,5428,5313,7455,2941,7712,12640,19661,6483,5835,7750,4468,12523,8432,45955,.,18428,35571,11391,,,,,,,,31387,44186,50407,12712,22323,33942,7303,.,.,.,.,.,.,.,.,.,.,.,.,.,.,34096,19011,32932,.,3896,366414,3999,9366,9951,20889,6606,5670,7689,4071,,,,,,,,,,,,,,,,,,,,,,,,,,,,,,,,,,,,,,,,,,,,,,
ACSSF,2012m1,dc,000,0103,0000011,3711,2692,7934,3173,3735,5429,2634,5811,7936,10117,13297,2758,7379,6967,6069,2410,3725,6223,4872,7145,2845,,,,,,,,21276,20893,30708,19205,21995,27069,7078,.,.,.,.,.,.,.,6909,1081,4077,3487,2756,5777,8814,39099,89615,36165,2121,43537,18211,13543,5611,9532,8819,17065,5644,3611,16127,3295,3834,9303,1798,5215,3340,3508,3282,2016,1628,197,1628,440,698,655,980,483,599,1445,603,1262,659,859,435,157,197,89,1834,981,197,981,230,388,575,465,202,306,1522,939,1268,680,642,558,411,54,197
ACSSF,2012m1,dc,000,0103,0000012,4553,6205,7581,5889,4536,4345,1335,5804,8826,7555,9120,9273,10959,1181,3531,4758,10500,2764,5875,5756,1943,33616,639,639,.,.,.,.,20954,42340,46121,.,50674,65938,53793,.,.,.,.,.,.,.,4322,10983,110751,14685,9304,7457,20699,,,,,,,,5823,10165,6851,9043,10736,7801,1145,28575,28410,33788,13786,36256,42440,27978,,,,,,,,,,,,,,,,,,,,,,,,,,,,,,,,,,,,,,,
ACSSF,2012m1,dc,000,0103,0000013,1046,1424,3049,2381,1578,1665,1468,21032,30190,31913,22008,18382,15904,8421,1284,1769,2685,2305,2172,1589,1435,31541,83379,.,.,2428,116,1861,,,,,,,,.,.,.,.,.,.,.,36654,53703,24889,.,44414,54997,.,14924,17733,7241,20881,13576,.,17690,25098,31670,36792,22008,20166,17013,8421,10959,15480,36378,22699,36668,56340,25171,,,,,,,,,,,,,,,,,,,,,,,,,,,,,,,,,,,,,,,
ACSSF,2012m1,dc,000,0103,0000014,3867,7065,4549,5760,3420,3699,2158,5888,6725,5571,7711,5956,6963,3518,9638,17366,16405,2335,9878,8710,5019,91783,14997,14997,.,74319,106687,.,15953,18378,19781,2291,16448,14140,2822,.,.,.,.,.,.,.,6777,12994,13238,27185,9297,41468,4413,11228,61770,70182,.,8630,41733,42491,5311,7063,6942,8376,5909,6705,3357,9715,10874,44279,15392,11991,20694,2469,3031,1839,1235,197,1235,139,531,405,643,274,749,1277,711,1033,16,692,289,431,160,420,1667,734,197,734,197,315,403,314,405,344,1304,1112,626,284,448,181,123,119,222
ACSSF,2012m1,dc,000,0103,0000015,2362,2318,2848,1121,875,2427,747,1688,4757,3665,5184,4133,4970,1821,887,1109,4595,1401,1653,3487,972,24226,20967,33602,12355,12873,30979,6468,10143,10106,12645,4525,8560,8749,1750,.,.,.,.,.,.,.,3216,3549,5998,751,3724,9263,4545,7888,28889,26098,11885,9914,8234,2577,1277,5679,4790,8538,1756,5142,2240,2181,5700,2349,948,3125,12125,2816,258,214,1545,197,1545,479,941,738,1200,608,1016,1568,1034,1488,708,867,546,562,283,544,267,1118,197,1118,230,658,648,597,763,607,1146,1144,1337,870,837,586,453,243,235
