ACSSF,2012m1,dc,000,0024,0000001,,,,,,,,,,,,,,,,,,,,,,,,,,,,,,,,,,,,,,,,,,,,,,,,,,,,,,,,,,,,,,,,,,,,,,,,,,,,,,,,,,,,,,,,,,,,,,,,,0.2,0.5,0.9,.,0.8,1.5,,,,,,,948,794,969,6225,3887,4312,5668,3429,3432,197,197,197,5001,2834,3487,1942,1146,1198,,,,,,,,,,,,,,,,,,,3954,5708,3294,197,3245,1548,2573,5160,3547,197,2852,512,,,,,,,1581,1683,790,197,772,604,,,,,,,4203,3725,1998,197,868,463,,,,,,,,,,,,,,,,,,,,,,,,,,,,,,,,,,,,,,,,,,,,,,,,,,,,,,,,,,,,
ACSSF,2012m1,dc,000,0024,0000002,,,,,,,,,,,,,,,,,,,,,,,,,,,,,,,,,,,,,,,,,,,,,,,,,,,,,,,,,,,,,,,,,,,,,,,,,,,,,,,,,,,,,,,,,,,,,,,,,0.2,0.5,0.9,.,0.8,1.5,,,,,,,948,794,969,6225,3887,4312,5668,3429,3432,197,197,197,5001,2834,3487,1942,1146,1198,,,,,,,,,,,,,,,,,,,3954,5708,3294,197,3245,1548,2573,5160,3547,197,2852,512,,,,,,,1581,1683,790,197,772,604,,,,,,,4203,3725,1998,197,868,463,,,,,,,,,,,,,,,,,,,,,,,,,,,,,,,,,,,,,,,,,,,,,,,,,,,,,,,,,,,,
ACSSF,2012m1,dc,000,0024,0000003,,,,,,,,,,,,,,,,,,,,,,,,,,,,,,,,,,,,,,,,,,,,,,,,,,,,,,,,,,,,,,,,,,,,,,,,,,,,,,,,,,,,,,,,,,,,,,,,,0.2,0.5,0.9,.,0.8,1.5,,,,,,,948,794,969,6225,3887,4312,5668,3429,3432,197,197,197,5001,2834,3487,1942,1146,1198,,,,,,,,,,,,,,,,,,,3954,5708,3294,197,3245,1548,2573,5160,3547,197,2852,512,,,,,,,1581,1683,790,197,772,604,,,,,,,4203,3725,1998,197,868,463,,,,,,,,,,,,,,,,,,,,,,,,,,,,,,,,,,,,,,,,,,,,,,,,,,,,,,,,,,,,
ACSSF,2012m1,dc,000,0024,0000004,,,,,,,,,,,,,,,,,,,,,,,,,,,,,,,,,,,,,,,,,,,,,,,,,,,,,,,,,,,,,,,,,,,,,,,,,,,,,,,,,,,,,,,,,,,,,,,,,0.2,0.5,0.9,.,0.8,1.5,,,,,,,948,794,969,6225,3887,4312,5668,3429,3432,197,197,197,5001,2834,3487,1942,1146,1198,,,,,,,,,,,,,,,,,,,3954,5708,3294,197,3245,1548,2573,5160,3547,197,2852,512,,,,,,,1581,1683,790,197,772,604,,,,,,,4203,3725,1998,197,868,463,,,,,,,,,,,,,,,,,,,,,,,,,,,,,,,,,,,,,,,,,,,,,,,,,,,,,,,,,,,,
ACSSF,2012m1,dc,000,0024,0000005,,,,,,,,,,,,,,,,,,,,,,,,,,,,,,,,,,,,,,,,,,,,,,,,,,,,,,,,,,,,,,,,,,,,,,,,,,,,,,,,,,,,,,,,,,,,,,,,,0.2,0.5,0.9,.,0.8,1.5,,,,,,,948,794,969,6225,3887,4312,5668,3429,3432,197,197,197,5001,2834,3487,1942,1146,1198,,,,,,,,,,,,,,,,,,,3954,5708,3294,197,3245,1548,2573,5160,3547,197,2852,512,,,,,,,1581,1683,790,197,772,604,,,,,,,4203,3725,1998,197,868,463,,,,,,,,,,,,,,,,,,,,,,,,,,,,,,,,,,,,,,,,,,,,,,,,,,,,,,,,,,,,
ACSSF,2012m1,dc,000,0024,0000006,,,,,,,,,,,,,,,,,,,,,,,,,,,,,,,,,,,,,,,,,,,,,,,,,,,,,,,,,,,,,,,,,,,,,,,,,,,,,,,,,,,,,,,,,,,,,,,,,0.2,0.5,0.9,.,0.8,1.5,,,,,,,948,794,969,6225,3887,4312,5668,3429,3432,197,197,197,5001,2834,3487,1942,1146,1198,,,,,,,,,,,,,,,,,,,3954,5708,3294,197,3245,1548,2573,5160,3547,197,2852,512,,,,,,,1581,1683,790,197,772,604,,,,,,,4203,3725,1998,197,868,463,,,,,,,,,,,,,,,,,,,,,,,,,,,,,,,,,,,,,,,,,,,,,,,,,,,,,,,,,,,,
ACSSF,2012m1,dc,000,0024,0000007,,,,,,,,,,,,,,,,,,,,,,,,,,,,,,,,,,,,,,,,,,,,,,,,,,,,,,,,,,,,,,,,,,,,,,,,,,,,,,,,,,,,,,,,,,,,,,,,,0.2,0.5,0.9,.,0.8,1.5,,,,,,,948,794,969,6225,3887,4312,5668,3429,3432,197,197,197,5001,2834,3487,1942,1146,1198,,,,,,,,,,,,,,,,,,,3954,5708,3294,197,3245,1548,2573,5160,3547,197,2852,512,,,,,,,1581,1683,790,197,772,604,,,,,,,4203,3725,1998,197,868,463,,,,,,,,,,,,,,,,,,,,,,,,,,,,,,,,,,,,,,,,,,,,,,,,,,,,,,,,,,,,
ACSSF,2012m1,dc,000,0024,0000008,,,,,,,,,,,,,,,,,,,,,,,,,,,,,,,,,,,,,,,,,,,,,,,,,,,,,,,,,,,,,,,,,,,,,,,,,,,,,,,,,,,,,,,,,,,,,,,,,0.2,0.5,0.9,.,0.8,1.5,,,,,,,948,794,969,6225,3887,4312,5668,3429,3432,197,197,197,5001,2834,3487,1942,1146,1198,,,,,,,,,,,,,,,,,,,3954,5708,3294,197,3245,1548,2573,5160,3547,197,2852,512,,,,,,,1581,1683,790,197,772,604,,,,,,,4203,3725,1998,197,868,463,,,,,,,,,,,,,,,,,,,,,,,,,,,,,,,,,,,,,,,,,,,,,,,,,,,,,,,,,,,,
ACSSF,2012m1,dc,000,0024,0000009,,,,,,,,,,,,,,,,,,,,,,,,,,,,,,,,,,,,,,,,,,,,,,,,,,,,,,,,,,,,,,,,,,,,,,,,,,,,,,,,,,,,,,,,,,,,,,,,,0.2,0.5,0.9,.,0.8,1.5,,,,,,,948,794,969,6225,3887,4312,5668,3429,3432,197,197,197,5001,2834,3487,1942,1146,1198,,,,,,,,,,,,,,,,,,,3954,5708,3294,197,3245,1548,2573,5160,3547,197,2852,512,,,,,,,1581,1683,790,197,772,604,,,,,,,4203,3725,1998,197,868,463,,,,,,,,,,,,,,,,,,,,,,,,,,,,,,,,,,,,,,,,,,,,,,,,,,,,,,,,,,,,
ACSSF,2012m1,dc,000,0024,0000010,,,,,,,,,,,,,,,,,,,,,,,,,,,,,,,,,,,,,,,,,,,,,,,,,,,,,,,,,,,,,,,,,,,,,,,,,,,,,,,,,,,,,,,,,,,,,,,,,2.0,1.7,1.7,.,3.0,1.2,,,,,,,5767,3827,3272,5258,3058,3329,2664,1629,1606,197,197,197,2302,1545,1762,1161,654,670,,,,,,,,,,,,,,,,,,,4364,4094,2350,197,2177,995,,,,,,,,,,,,,1281,1237,413,197,516,591,,,,,,,,,,,,,,,,,,,,,,,,,,,,,,,,,,,,,,,,,,,,,,,,,,,,,,,,,,,,,,,,,,,,,,,,
ACSSF,2012m1,dc,000,0024,0000011,,,,,,,,,,,,,,,,,,,,,,,,,,,,,,,,,,,,,,,,,,,,,,,,,,,,,,,,,,,,,,,,,,,,,,,,,,,,,,,,,,,,,,,,,,,,,,,,,1.3,1.4,1.2,.,1.1,15.0,,,,,,,7394,4083,4478,7164,3666,4418,2417,1474,1662,197,197,197,1860,1140,1090,364,240,302,,,,,,,,,,,,,,,,,,,4765,4464,1607,197,1202,150,4808,4582,1637,197,973,102,,,,,,,1023,945,202,197,267,110,,,,,,,4047,3592,999,197,558,269,,,,,,,,,,,,,,,,,,,,,,,,,,,,,,,,,,,,,,,,,,,,,,,,,,,,,,,,,,,,
ACSSF,2012m1,dc,000,0024,0000012,,,,,,,,,,,,,,,,,,,,,,,,,,,,,,,,,,,,,,,,,,,,,,,,,,,,,,,,,,,,,,,,,,,,,,,,,,,,,,,,,,,,,,,,,,,,,,,,,1.7,2.3,2.5,.,1.0,2.8,,,,,,,7818,4172,4662,7177,3926,4190,2471,1250,1620,197,197,197,1744,1252,983,598,462,275,,,,,,,,,,,,,,,,,,,3292,3084,1194,197,1019,546,6621,6039,1690,197,1470,160,,,,,,,,,,,,,,,,,,,,,,,,,,,,,,,,,,,,,,,,,,,,,,,,,,,,,,,,,,,,,,,,,,,,,,,,,,,,,,,,,,,,
ACSSF,2012m1,dc,000,0024,0000013,,,,,,,,,,,,,,,,,,,,,,,,,,,,,,,,,,,,,,,,,,,,,,,,,,,,,,,,,,,,,,,,,,,,,,,,,,,,,,,,,,,,,,,,,,,,,,,,,1.8,1.7,3.0,.,6.9,2.4,,,,,,,7518,4095,4409,6366,3387,4051,2993,1586,2030,197,197,197,2188,1165,1608,585,247,439,,,,,,,,,,,,,,,,,,,1333,1120,229,197,600,130,7279,6427,2769,197,1916,482,,,,,,,,,,,,,,,,,,,,,,,,,,,,,,,,,,,,,,,,,,,,,,,,,,,,,,,,,,,,,,,,,,,,,,,,,,,,,,,,,,,,
ACSSF,2012m1,dc,000,0024,0000014,,,,,,,,,,,,,,,,,,,,,,,,,,,,,,,,,,,,,,,,,,,,,,,,,,,,,,,,,,,,,,,,,,,,,,,,,,,,,,,,,,,,,,,,,,,,,,,,,0.5,0.9,1.5,.,1.0,1.8,,,,,,,7632,4872,4535,6669,4154,4449,3170,2267,1600,197,197,197,2357,1503,1527,1198,742,762,,,,,,,,,,,,,,,,,,,5288,4413,2373,197,1933,1082,4889,4781,1000,197,929,110,,,,,,,1533,1389,342,197,396,202,,,,,,,,,,,,,,,,,,,,,,,,,,,,,,,,,,,,,,,,,,,,,,,,,,,,,,,,,,,,,,,,,,,,,,,,
ACSSF,2012m1,dc,000,0024,0000015,,,,,,,,,,,,,,,,,,,,,,,,,,,,,,,,,,,,,,,,,,,,,,,,,,,,,,,,,,,,,,,,,,,,,,,,,,,,,,,,,,,,,,,,,,,,,,,,,0.2,0.5,0.9,.,0.8,1.5,,,,,,,948,794,969,6225,3887,4312,5668,3429,3432,197,197,197,5001,2834,3487,1942,1146,1198,,,,,,,,,,,,,,,,,,,3954,5708,3294,197,3245,1548,2573,5160,3547,197,2852,512,,,,,,,1581,1683,790,197,772,604,,,,,,,4203,3725,1998,197,868,463,,,,,,,,,,,,,,,,,,,,,,,,,,,,,,,,,,,,,,,,,,,,,,,,,,,,,,,,,,,,
