ACSSF,2012m1,dc,000,0110,0000001,1872,1277,602,788,167,772,580,615,1095,233,827,183,838,865,740,802,909,1869,150,1882,2083,1596,1962,332,993,197,993,838,460,963,609,599,615,135,549,599,419,407,95,669,1183,733,646,197,646,593,388,932,262,937,197,937,843,779,905,658,1785,197,1785,2052,1647,1826,444,1053,197,1053,1167,562,1107,853,535,518,129,822,868,576,573,110,1038,,,,,,,,,,,,,,,,,,,,,,,,,,,,,,,,,,,,,,,,,,,,,,,,,,,,,,,,,,,,,,,,,,,,,,,,,,,,,,,,,,,,,,,,,,,,,,,,,,,,,,,,,,,,,,,,,,,,,,,,,,,,,,,,,,,,,,,,,,,,,,,,,,,,,,,,,,,,,,
ACSSF,2012m1,dc,000,0110,0000002,1872,1277,602,788,167,772,580,615,1095,233,827,183,838,865,740,802,909,1869,150,1882,2083,1596,1962,332,993,197,993,838,460,963,609,599,615,135,549,599,419,407,95,669,1183,733,646,197,646,593,388,932,262,937,197,937,843,779,905,658,1785,197,1785,2052,1647,1826,444,1053,197,1053,1167,562,1107,853,535,518,129,822,868,576,573,110,1038,,,,,,,,,,,,,,,,,,,,,,,,,,,,,,,,,,,,,,,,,,,,,,,,,,,,,,,,,,,,,,,,,,,,,,,,,,,,,,,,,,,,,,,,,,,,,,,,,,,,,,,,,,,,,,,,,,,,,,,,,,,,,,,,,,,,,,,,,,,,,,,,,,,,,,,,,,,,,,
ACSSF,2012m1,dc,000,0110,0000003,1872,1277,602,788,167,772,580,615,1095,233,827,183,838,865,740,802,909,1869,150,1882,2083,1596,1962,332,993,197,993,838,460,963,609,599,615,135,549,599,419,407,95,669,1183,733,646,197,646,593,388,932,262,937,197,937,843,779,905,658,1785,197,1785,2052,1647,1826,444,1053,197,1053,1167,562,1107,853,535,518,129,822,868,576,573,110,1038,,,,,,,,,,,,,,,,,,,,,,,,,,,,,,,,,,,,,,,,,,,,,,,,,,,,,,,,,,,,,,,,,,,,,,,,,,,,,,,,,,,,,,,,,,,,,,,,,,,,,,,,,,,,,,,,,,,,,,,,,,,,,,,,,,,,,,,,,,,,,,,,,,,,,,,,,,,,,,
ACSSF,2012m1,dc,000,0110,0000004,1872,1277,602,788,167,772,580,615,1095,233,827,183,838,865,740,802,909,1869,150,1882,2083,1596,1962,332,993,197,993,838,460,963,609,599,615,135,549,599,419,407,95,669,1183,733,646,197,646,593,388,932,262,937,197,937,843,779,905,658,1785,197,1785,2052,1647,1826,444,1053,197,1053,1167,562,1107,853,535,518,129,822,868,576,573,110,1038,,,,,,,,,,,,,,,,,,,,,,,,,,,,,,,,,,,,,,,,,,,,,,,,,,,,,,,,,,,,,,,,,,,,,,,,,,,,,,,,,,,,,,,,,,,,,,,,,,,,,,,,,,,,,,,,,,,,,,,,,,,,,,,,,,,,,,,,,,,,,,,,,,,,,,,,,,,,,,
ACSSF,2012m1,dc,000,0110,0000005,1872,1277,602,788,167,772,580,615,1095,233,827,183,838,865,740,802,909,1869,150,1882,2083,1596,1962,332,993,197,993,838,460,963,609,599,615,135,549,599,419,407,95,669,1183,733,646,197,646,593,388,932,262,937,197,937,843,779,905,658,1785,197,1785,2052,1647,1826,444,1053,197,1053,1167,562,1107,853,535,518,129,822,868,576,573,110,1038,,,,,,,,,,,,,,,,,,,,,,,,,,,,,,,,,,,,,,,,,,,,,,,,,,,,,,,,,,,,,,,,,,,,,,,,,,,,,,,,,,,,,,,,,,,,,,,,,,,,,,,,,,,,,,,,,,,,,,,,,,,,,,,,,,,,,,,,,,,,,,,,,,,,,,,,,,,,,,
ACSSF,2012m1,dc,000,0110,0000006,1872,1277,602,788,167,772,580,615,1095,233,827,183,838,865,740,802,909,1869,150,1882,2083,1596,1962,332,993,197,993,838,460,963,609,599,615,135,549,599,419,407,95,669,1183,733,646,197,646,593,388,932,262,937,197,937,843,779,905,658,1785,197,1785,2052,1647,1826,444,1053,197,1053,1167,562,1107,853,535,518,129,822,868,576,573,110,1038,,,,,,,,,,,,,,,,,,,,,,,,,,,,,,,,,,,,,,,,,,,,,,,,,,,,,,,,,,,,,,,,,,,,,,,,,,,,,,,,,,,,,,,,,,,,,,,,,,,,,,,,,,,,,,,,,,,,,,,,,,,,,,,,,,,,,,,,,,,,,,,,,,,,,,,,,,,,,,
ACSSF,2012m1,dc,000,0110,0000007,1872,1277,602,788,167,772,580,615,1095,233,827,183,838,865,740,802,909,1869,150,1882,2083,1596,1962,332,993,197,993,838,460,963,609,599,615,135,549,599,419,407,95,669,1183,733,646,197,646,593,388,932,262,937,197,937,843,779,905,658,1785,197,1785,2052,1647,1826,444,1053,197,1053,1167,562,1107,853,535,518,129,822,868,576,573,110,1038,,,,,,,,,,,,,,,,,,,,,,,,,,,,,,,,,,,,,,,,,,,,,,,,,,,,,,,,,,,,,,,,,,,,,,,,,,,,,,,,,,,,,,,,,,,,,,,,,,,,,,,,,,,,,,,,,,,,,,,,,,,,,,,,,,,,,,,,,,,,,,,,,,,,,,,,,,,,,,
ACSSF,2012m1,dc,000,0110,0000008,1872,1277,602,788,167,772,580,615,1095,233,827,183,838,865,740,802,909,1869,150,1882,2083,1596,1962,332,993,197,993,838,460,963,609,599,615,135,549,599,419,407,95,669,1183,733,646,197,646,593,388,932,262,937,197,937,843,779,905,658,1785,197,1785,2052,1647,1826,444,1053,197,1053,1167,562,1107,853,535,518,129,822,868,576,573,110,1038,,,,,,,,,,,,,,,,,,,,,,,,,,,,,,,,,,,,,,,,,,,,,,,,,,,,,,,,,,,,,,,,,,,,,,,,,,,,,,,,,,,,,,,,,,,,,,,,,,,,,,,,,,,,,,,,,,,,,,,,,,,,,,,,,,,,,,,,,,,,,,,,,,,,,,,,,,,,,,
ACSSF,2012m1,dc,000,0110,0000009,1872,1277,602,788,167,772,580,615,1095,233,827,183,838,865,740,802,909,1869,150,1882,2083,1596,1962,332,993,197,993,838,460,963,609,599,615,135,549,599,419,407,95,669,1183,733,646,197,646,593,388,932,262,937,197,937,843,779,905,658,1785,197,1785,2052,1647,1826,444,1053,197,1053,1167,562,1107,853,535,518,129,822,868,576,573,110,1038,,,,,,,,,,,,,,,,,,,,,,,,,,,,,,,,,,,,,,,,,,,,,,,,,,,,,,,,,,,,,,,,,,,,,,,,,,,,,,,,,,,,,,,,,,,,,,,,,,,,,,,,,,,,,,,,,,,,,,,,,,,,,,,,,,,,,,,,,,,,,,,,,,,,,,,,,,,,,,
ACSSF,2012m1,dc,000,0110,0000010,,,,,,,,,,,,,,,,,,,,,,,,,,,,,,,,,,,,,,,,,,,,,,,,,,,,,,,,,,,,,,,,,,,,,,,,,,,,,,,,,,,,,,,,,,,,,,,,,,,,,,,,,,,,,,,,,,,,,,,,,,,,,,,,,,,,,,,,,,,,,,,,,,,,,,,,,,,,,,,,,,,,,,,,,,,,,,,,,,,,,,,,,,,,,,,,,,,,,,,,,,,,,,,,,,,,,,,,,,,,,,,,,,,,,,,,,,,,,
ACSSF,2012m1,dc,000,0110,0000011,4027,2544,591,251,197,251,197,251,532,684,405,197,405,366,161,520,1695,1611,197,1611,1586,406,423,884,695,197,695,642,327,494,377,238,231,62,301,539,154,154,197,532,2709,658,232,197,232,222,119,654,828,620,197,620,471,280,353,1823,1580,197,1580,1628,570,938,770,686,197,686,753,385,580,660,487,487,197,508,785,371,371,197,802,,,,,,,,,,,,,,,,,,,,,,,,,,,,,,,,,,,,,,,,,,,,,,,,,,,,,,,,,,,,,,,,,,,,,,,,,,,,,,,,,,,,,,,,,,,,,,,,,,,,,,,,,,,,,,,,,,,,,,,,,,,,,,,,,,,,,,,,,,,,,,,,,,,,,,,,,,,,,,
ACSSF,2012m1,dc,000,0110,0000012,4833,2776,563,463,197,463,382,280,337,616,547,197,547,452,422,365,1869,1714,197,1714,1300,1118,1193,950,661,197,661,627,259,722,331,186,161,101,278,669,225,208,95,691,2998,488,300,197,300,207,255,389,667,481,197,481,359,336,457,2025,1668,197,1668,1439,918,967,919,813,197,813,799,180,709,720,295,273,107,678,811,267,265,42,853,,,,,,,,,,,,,,,,,,,,,,,,,,,,,,,,,,,,,,,,,,,,,,,,,,,,,,,,,,,,,,,,,,,,,,,,,,,,,,,,,,,,,,,,,,,,,,,,,,,,,,,,,,,,,,,,,,,,,,,,,,,,,,,,,,,,,,,,,,,,,,,,,,,,,,,,,,,,,,
ACSSF,2012m1,dc,000,0110,0000013,5299,3036,720,614,167,600,386,451,792,997,757,183,744,569,497,638,2164,1811,142,1810,1680,952,1386,907,638,197,638,638,164,707,538,364,361,70,435,608,228,228,197,574,3450,967,305,197,305,267,134,878,1045,898,197,898,628,692,657,2236,1923,197,1923,1721,1071,1335,996,859,197,859,775,358,908,524,313,313,197,423,893,244,223,101,870,,,,,,,,,,,,,,,,,,,,,,,,,,,,,,,,,,,,,,,,,,,,,,,,,,,,,,,,,,,,,,,,,,,,,,,,,,,,,,,,,,,,,,,,,,,,,,,,,,,,,,,,,,,,,,,,,,,,,,,,,,,,,,,,,,,,,,,,,,,,,,,,,,,,,,,,,,,,,,
ACSSF,2012m1,dc,000,0110,0000014,4352,2683,445,98,197,98,98,197,434,664,660,197,660,626,249,452,2056,1997,44,1995,1608,992,522,694,387,197,387,371,96,543,477,490,490,197,249,599,166,166,197,622,2565,876,591,197,591,549,192,515,860,656,197,656,450,509,528,1583,1527,197,1527,1265,577,521,798,594,197,594,586,93,518,298,211,197,73,209,672,119,119,197,636,,,,,,,,,,,,,,,,,,,,,,,,,,,,,,,,,,,,,,,,,,,,,,,,,,,,,,,,,,,,,,,,,,,,,,,,,,,,,,,,,,,,,,,,,,,,,,,,,,,,,,,,,,,,,,,,,,,,,,,,,,,,,,,,,,,,,,,,,,,,,,,,,,,,,,,,,,,,,,
ACSSF,2012m1,dc,000,0110,0000015,1872,1277,602,788,167,772,580,615,1095,233,827,183,838,865,740,802,909,1869,150,1882,2083,1596,1962,332,993,197,993,838,460,963,609,599,615,135,549,599,419,407,95,669,1183,733,646,197,646,593,388,932,262,937,197,937,843,779,905,658,1785,197,1785,2052,1647,1826,444,1053,197,1053,1167,562,1107,853,535,518,129,822,868,576,573,110,1038,,,,,,,,,,,,,,,,,,,,,,,,,,,,,,,,,,,,,,,,,,,,,,,,,,,,,,,,,,,,,,,,,,,,,,,,,,,,,,,,,,,,,,,,,,,,,,,,,,,,,,,,,,,,,,,,,,,,,,,,,,,,,,,,,,,,,,,,,,,,,,,,,,,,,,,,,,,,,,
