ACSSF,2012m1,dc,000,0009,0000001,10242,197,359,197,2961,1041,214,197,158,536,334,405,270,244,387,455,197,397,481,84,192,984,1388,349,197,365,197,186,1592,137,521,213,403,1734,1430,3194,131,2089,384,1286,616,3126,197,645,442,747,170,613,3745,782,2916,343,595,197,124,61,197,255,1159,183,1751,389,385,2622,472,1073,1602,175,197,557,180,167,3717,101,3273,233,100,130,1442,76,262,46,237,81,197,421,1521,661,1213,704,493,696,645,2377,64,97,37,197,256,197,640,1070,1064,209,1039,197,86,8757,10242,2961,1041,1388,521,403,1734,3194,2089,1286,616,3126,645,747,3745,2916,595,1159,1751,389,2622,1073,1602,557,3717,1213,704,696,645,2377,9593
ACSSF,2012m1,dc,000,0009,0000002,10242,197,359,197,2961,1041,214,197,158,536,334,405,270,244,387,455,197,397,481,84,192,984,1388,349,197,365,197,186,1592,137,521,213,403,1734,1430,3194,131,2089,384,1286,616,3126,197,645,442,747,170,613,3745,782,2916,343,595,197,124,61,197,255,1159,183,1751,389,385,2622,472,1073,1602,175,197,557,180,167,3717,101,3273,233,100,130,1442,76,262,46,237,81,197,421,1521,661,1213,704,493,696,645,2377,64,97,37,197,256,197,640,1070,1064,209,1039,197,86,8757,10242,2961,1041,1388,521,403,1734,3194,2089,1286,616,3126,645,747,3745,2916,595,1159,1751,389,2622,1073,1602,557,3717,1213,704,696,645,2377,9593
ACSSF,2012m1,dc,000,0009,0000003,10242,197,359,197,2961,1041,214,197,158,536,334,405,270,244,387,455,197,397,481,84,192,984,1388,349,197,365,197,186,1592,137,521,213,403,1734,1430,3194,131,2089,384,1286,616,3126,197,645,442,747,170,613,3745,782,2916,343,595,197,124,61,197,255,1159,183,1751,389,385,2622,472,1073,1602,175,197,557,180,167,3717,101,3273,233,100,130,1442,76,262,46,237,81,197,421,1521,661,1213,704,493,696,645,2377,64,97,37,197,256,197,640,1070,1064,209,1039,197,86,8757,10242,2961,1041,1388,521,403,1734,3194,2089,1286,616,3126,645,747,3745,2916,595,1159,1751,389,2622,1073,1602,557,3717,1213,704,696,645,2377,9593
ACSSF,2012m1,dc,000,0009,0000004,10242,197,359,197,2961,1041,214,197,158,536,334,405,270,244,387,455,197,397,481,84,192,984,1388,349,197,365,197,186,1592,137,521,213,403,1734,1430,3194,131,2089,384,1286,616,3126,197,645,442,747,170,613,3745,782,2916,343,595,197,124,61,197,255,1159,183,1751,389,385,2622,472,1073,1602,175,197,557,180,167,3717,101,3273,233,100,130,1442,76,262,46,237,81,197,421,1521,661,1213,704,493,696,645,2377,64,97,37,197,256,197,640,1070,1064,209,1039,197,86,8757,10242,2961,1041,1388,521,403,1734,3194,2089,1286,616,3126,645,747,3745,2916,595,1159,1751,389,2622,1073,1602,557,3717,1213,704,696,645,2377,9593
ACSSF,2012m1,dc,000,0009,0000005,10242,197,359,197,2961,1041,214,197,158,536,334,405,270,244,387,455,197,397,481,84,192,984,1388,349,197,365,197,186,1592,137,521,213,403,1734,1430,3194,131,2089,384,1286,616,3126,197,645,442,747,170,613,3745,782,2916,343,595,197,124,61,197,255,1159,183,1751,389,385,2622,472,1073,1602,175,197,557,180,167,3717,101,3273,233,100,130,1442,76,262,46,237,81,197,421,1521,661,1213,704,493,696,645,2377,64,97,37,197,256,197,640,1070,1064,209,1039,197,86,8757,10242,2961,1041,1388,521,403,1734,3194,2089,1286,616,3126,645,747,3745,2916,595,1159,1751,389,2622,1073,1602,557,3717,1213,704,696,645,2377,9593
ACSSF,2012m1,dc,000,0009,0000006,10242,197,359,197,2961,1041,214,197,158,536,334,405,270,244,387,455,197,397,481,84,192,984,1388,349,197,365,197,186,1592,137,521,213,403,1734,1430,3194,131,2089,384,1286,616,3126,197,645,442,747,170,613,3745,782,2916,343,595,197,124,61,197,255,1159,183,1751,389,385,2622,472,1073,1602,175,197,557,180,167,3717,101,3273,233,100,130,1442,76,262,46,237,81,197,421,1521,661,1213,704,493,696,645,2377,64,97,37,197,256,197,640,1070,1064,209,1039,197,86,8757,10242,2961,1041,1388,521,403,1734,3194,2089,1286,616,3126,645,747,3745,2916,595,1159,1751,389,2622,1073,1602,557,3717,1213,704,696,645,2377,9593
ACSSF,2012m1,dc,000,0009,0000007,10242,197,359,197,2961,1041,214,197,158,536,334,405,270,244,387,455,197,397,481,84,192,984,1388,349,197,365,197,186,1592,137,521,213,403,1734,1430,3194,131,2089,384,1286,616,3126,197,645,442,747,170,613,3745,782,2916,343,595,197,124,61,197,255,1159,183,1751,389,385,2622,472,1073,1602,175,197,557,180,167,3717,101,3273,233,100,130,1442,76,262,46,237,81,197,421,1521,661,1213,704,493,696,645,2377,64,97,37,197,256,197,640,1070,1064,209,1039,197,86,8757,10242,2961,1041,1388,521,403,1734,3194,2089,1286,616,3126,645,747,3745,2916,595,1159,1751,389,2622,1073,1602,557,3717,1213,704,696,645,2377,9593
ACSSF,2012m1,dc,000,0009,0000008,10242,197,359,197,2961,1041,214,197,158,536,334,405,270,244,387,455,197,397,481,84,192,984,1388,349,197,365,197,186,1592,137,521,213,403,1734,1430,3194,131,2089,384,1286,616,3126,197,645,442,747,170,613,3745,782,2916,343,595,197,124,61,197,255,1159,183,1751,389,385,2622,472,1073,1602,175,197,557,180,167,3717,101,3273,233,100,130,1442,76,262,46,237,81,197,421,1521,661,1213,704,493,696,645,2377,64,97,37,197,256,197,640,1070,1064,209,1039,197,86,8757,10242,2961,1041,1388,521,403,1734,3194,2089,1286,616,3126,645,747,3745,2916,595,1159,1751,389,2622,1073,1602,557,3717,1213,704,696,645,2377,9593
ACSSF,2012m1,dc,000,0009,0000009,10242,197,359,197,2961,1041,214,197,158,536,334,405,270,244,387,455,197,397,481,84,192,984,1388,349,197,365,197,186,1592,137,521,213,403,1734,1430,3194,131,2089,384,1286,616,3126,197,645,442,747,170,613,3745,782,2916,343,595,197,124,61,197,255,1159,183,1751,389,385,2622,472,1073,1602,175,197,557,180,167,3717,101,3273,233,100,130,1442,76,262,46,237,81,197,421,1521,661,1213,704,493,696,645,2377,64,97,37,197,256,197,640,1070,1064,209,1039,197,86,8757,10242,2961,1041,1388,521,403,1734,3194,2089,1286,616,3126,645,747,3745,2916,595,1159,1751,389,2622,1073,1602,557,3717,1213,704,696,645,2377,9593
ACSSF,2012m1,dc,000,0009,0000010,,,,,,,,,,,,,,,,,,,,,,,,,,,,,,,,,,,,,,,,,,,,,,,,,,,,,,,,,,,,,,,,,,,,,,,,,,,,,,,,,,,,,,,,,,,,,,,,,,,,,,,,,,,,,8868,1580,751,1011,378,211,1632,2425,1053,1028,540,2054,284,476,2379,1924,361,1013,1223,153,2335,694,932,267,611,875,450,321,313,552,4899
ACSSF,2012m1,dc,000,0009,0000011,,,,,,,,,,,,,,,,,,,,,,,,,,,,,,,,,,,,,,,,,,,,,,,,,,,,,,,,,,,,,,,,,,,,,,,,,,,,,,,,,,,,,,,,,,,,,,,,,,,,,,,,,,,,,8040,1349,305,47,86,140,250,813,491,459,197,1227,289,134,1203,904,147,329,466,177,448,379,348,133,2269,247,246,337,205,1671,5986
ACSSF,2012m1,dc,000,0009,0000012,,,,,,,,,,,,,,,,,,,,,,,,,,,,,,,,,,,,,,,,,,,,,,,,,,,,,,,,,,,,,,,,,,,,,,,,,,,,,,,,,,,,,,,,,,,,,,,,,,,,,,,,,,,,,8939,580,287,430,126,268,273,1373,1018,503,202,1294,257,227,1382,1324,274,299,592,188,415,513,554,197,1761,517,115,74,291,964,7451
ACSSF,2012m1,dc,000,0009,0000013,,,,,,,,,,,,,,,,,,,,,,,,,,,,,,,,,,,,,,,,,,,,,,,,,,,,,,,,,,,,,,,,,,,,,,,,,,,,,,,,,,,,,,,,,,,,,,,,,,,,,,,,,,,,,,,,,,,,,,,,,,,,,,,,,,,,,,,,,,,
ACSSF,2012m1,dc,000,0009,0000014,,,,,,,,,,,,,,,,,,,,,,,,,,,,,,,,,,,,,,,,,,,,,,,,,,,,,,,,,,,,,,,,,,,,,,,,,,,,,,,,,,,,,,,,,,,,,,,,,,,,,,,,,,,,,8394,1066,498,538,354,206,437,1916,988,746,342,2046,354,577,2036,1560,399,485,1148,198,1026,513,1024,469,795,576,395,549,479,462,6318
ACSSF,2012m1,dc,000,0009,0000015,10242,197,359,197,2961,1041,214,197,158,536,334,405,270,244,387,455,197,397,481,84,192,984,1388,349,197,365,197,186,1592,137,521,213,403,1734,1430,3194,131,2089,384,1286,616,3126,197,645,442,747,170,613,3745,782,2916,343,595,197,124,61,197,255,1159,183,1751,389,385,2622,472,1073,1602,175,197,557,180,167,3717,101,3273,233,100,130,1442,76,262,46,237,81,197,421,1521,661,1213,704,493,696,645,2377,64,97,37,197,256,197,640,1070,1064,209,1039,197,86,8757,10242,2961,1041,1388,521,403,1734,3194,2089,1286,616,3126,645,747,3745,2916,595,1159,1751,389,2622,1073,1602,557,3717,1213,704,696,645,2377,9593
