ACSSF,2012m1,dc,000,0058,0000001,871,6239,3521,3915,3561,2080,3558,3816,3981,3836,2135,2978,6186,3335,3304,3147,813,1495,3499,3037,2966,1003,2086,1751,1217,1157,1125,306,462,1304,938,896,298,712,1730,903,508,495,131,782,1609,1136,931,554,1587,3570,2292,1742,1621,613,1170,2342,1871,1943,561,1444,0.7,0.5,,,,,,,,,,,,,,,,,,,396,318,3430,3390,1282,3256,371,3829,3765,1171,3375,396,318,3430,3390,185,3397,371,3829,3765,364,3820,396,318,3430,3390,652,3379,371,3829,3765,642,3800,0.9,1.2,1.1,2.8,1.5,0.9,1.0,3.9,5.4,396,318,3430,3390,3252,1853,803,371,3829,3765,3983,1642,639
ACSSF,2012m1,dc,000,0058,0000002,871,6239,3521,3915,3561,2080,3558,3816,3981,3836,2135,2978,6186,3335,3304,3147,813,1495,3499,3037,2966,1003,2086,1751,1217,1157,1125,306,462,1304,938,896,298,712,1730,903,508,495,131,782,1609,1136,931,554,1587,3570,2292,1742,1621,613,1170,2342,1871,1943,561,1444,,,,,,,,,,,,,,,,,,,,,,,,,,,,,,,,,,,,,,,,,,,,,,,,,,,,,,,,,,,,,,,,,,,,,,,,,,,
ACSSF,2012m1,dc,000,0058,0000003,871,6239,3521,3915,3561,2080,3558,3816,3981,3836,2135,2978,6186,3335,3304,3147,813,1495,3499,3037,2966,1003,2086,1751,1217,1157,1125,306,462,1304,938,896,298,712,1730,903,508,495,131,782,1609,1136,931,554,1587,3570,2292,1742,1621,613,1170,2342,1871,1943,561,1444,,,,,,,,,,,,,,,,,,,,,,,,,,,,,,,,,,,,,,,,,,,,,,,,,,,,,,,,,,,,,,,,,,,,,,,,,,,
ACSSF,2012m1,dc,000,0058,0000004,871,6239,3521,3915,3561,2080,3558,3816,3981,3836,2135,2978,6186,3335,3304,3147,813,1495,3499,3037,2966,1003,2086,1751,1217,1157,1125,306,462,1304,938,896,298,712,1730,903,508,495,131,782,1609,1136,931,554,1587,3570,2292,1742,1621,613,1170,2342,1871,1943,561,1444,,,,,,,,,,,,,,,,,,,,,,,,,,,,,,,,,,,,,,,,,,,,,,,,,,,,,,,,,,,,,,,,,,,,,,,,,,,
ACSSF,2012m1,dc,000,0058,0000005,871,6239,3521,3915,3561,2080,3558,3816,3981,3836,2135,2978,6186,3335,3304,3147,813,1495,3499,3037,2966,1003,2086,1751,1217,1157,1125,306,462,1304,938,896,298,712,1730,903,508,495,131,782,1609,1136,931,554,1587,3570,2292,1742,1621,613,1170,2342,1871,1943,561,1444,,,,,,,,,,,,,,,,,,,,,,,,,,,,,,,,,,,,,,,,,,,,,,,,,,,,,,,,,,,,,,,,,,,,,,,,,,,
ACSSF,2012m1,dc,000,0058,0000006,871,6239,3521,3915,3561,2080,3558,3816,3981,3836,2135,2978,6186,3335,3304,3147,813,1495,3499,3037,2966,1003,2086,1751,1217,1157,1125,306,462,1304,938,896,298,712,1730,903,508,495,131,782,1609,1136,931,554,1587,3570,2292,1742,1621,613,1170,2342,1871,1943,561,1444,,,,,,,,,,,,,,,,,,,,,,,,,,,,,,,,,,,,,,,,,,,,,,,,,,,,,,,,,,,,,,,,,,,,,,,,,,,
ACSSF,2012m1,dc,000,0058,0000007,871,6239,3521,3915,3561,2080,3558,3816,3981,3836,2135,2978,6186,3335,3304,3147,813,1495,3499,3037,2966,1003,2086,1751,1217,1157,1125,306,462,1304,938,896,298,712,1730,903,508,495,131,782,1609,1136,931,554,1587,3570,2292,1742,1621,613,1170,2342,1871,1943,561,1444,,,,,,,,,,,,,,,,,,,,,,,,,,,,,,,,,,,,,,,,,,,,,,,,,,,,,,,,,,,,,,,,,,,,,,,,,,,
ACSSF,2012m1,dc,000,0058,0000008,871,6239,3521,3915,3561,2080,3558,3816,3981,3836,2135,2978,6186,3335,3304,3147,813,1495,3499,3037,2966,1003,2086,1751,1217,1157,1125,306,462,1304,938,896,298,712,1730,903,508,495,131,782,1609,1136,931,554,1587,3570,2292,1742,1621,613,1170,2342,1871,1943,561,1444,,,,,,,,,,,,,,,,,,,,,,,,,,,,,,,,,,,,,,,,,,,,,,,,,,,,,,,,,,,,,,,,,,,,,,,,,,,
ACSSF,2012m1,dc,000,0058,0000009,871,6239,3521,3915,3561,2080,3558,3816,3981,3836,2135,2978,6186,3335,3304,3147,813,1495,3499,3037,2966,1003,2086,1751,1217,1157,1125,306,462,1304,938,896,298,712,1730,903,508,495,131,782,1609,1136,931,554,1587,3570,2292,1742,1621,613,1170,2342,1871,1943,561,1444,,,,,,,,,,,,,,,,,,,,,,,,,,,,,,,,,,,,,,,,,,,,,,,,,,,,,,,,,,,,,,,,,,,,,,,,,,,
ACSSF,2012m1,dc,000,0058,0000010,5349,5093,3243,2321,2295,483,2277,3024,2280,2297,646,2039,3266,1773,1515,1522,292,866,1707,1512,1530,262,911,329,205,200,200,197,51,248,220,191,73,106,790,208,197,197,197,208,730,289,289,197,670,1507,723,691,691,197,239,1249,958,940,138,625,,,,,,,,,,,,,,,,,,,,,,,,,,,,,,,,,,,,,,,,,,,,,,,,,,,,,,,,,,,,,,,,,,,,,,,,,,,
ACSSF,2012m1,dc,000,0058,0000011,5812,4593,2711,2101,1965,639,1359,2832,2714,2516,750,1233,3548,1883,1677,1630,382,729,1845,1429,1287,523,879,940,743,738,674,216,70,606,580,545,210,302,959,378,200,200,197,300,860,490,471,110,694,1926,1172,1119,1117,207,446,1218,1020,1045,293,597,,,,,,,,,,,,,,,,,,,,,,,,,,,,,,,,,,,,,,,,,,,,,,,,,,,,,,,,,,,,,,,,,,,,,,,,,,,
ACSSF,2012m1,dc,000,0058,0000012,5756,4648,2572,2189,1735,1295,1456,2989,2724,2534,965,1027,2481,1386,1258,1294,339,712,1309,1237,1076,569,792,898,705,711,709,80,346,555,373,373,197,366,1102,690,194,141,131,661,952,325,321,86,931,1409,823,662,568,361,548,1023,736,662,292,621,,,,,,,,,,,,,,,,,,,,,,,,,,,,,,,,,,,,,,,,,,,,,,,,,,,,,,,,,,,,,,,,,,,,,,,,,,,
ACSSF,2012m1,dc,000,0058,0000013,5615,3864,2561,1934,1682,1093,1818,2727,2010,1687,1164,1889,2949,1382,1072,1063,182,680,1699,1306,1224,562,899,930,559,443,404,210,353,715,503,436,202,467,1090,414,221,221,197,392,999,482,368,310,854,1520,1051,804,715,294,652,973,584,579,350,747,,,,,,,,,,,,,,,,,,,,,,,,,,,,,,,,,,,,,,,,,,,,,,,,,,,,,,,,,,,,,,,,,,,,,,,,,,,
ACSSF,2012m1,dc,000,0058,0000014,6674,5390,3780,3671,3252,977,1688,3120,2547,2290,1071,1666,3352,1821,1803,1672,499,701,1741,1540,1568,425,968,438,349,302,302,197,186,338,289,289,197,204,888,436,403,403,197,202,821,624,443,437,644,1245,1036,925,887,313,659,920,854,854,67,605,,,,,,,,,,,,,,,,,,,,,,,,,,,,,,,,,,,,,,,,,,,,,,,,,,,,,,,,,,,,,,,,,,,,,,,,,,,
ACSSF,2012m1,dc,000,0058,0000015,871,6239,3521,3915,3561,2080,3558,3816,3981,3836,2135,2978,6186,3335,3304,3147,813,1495,3499,3037,2966,1003,2086,1751,1217,1157,1125,306,462,1304,938,896,298,712,1730,903,508,495,131,782,1609,1136,931,554,1587,3570,2292,1742,1621,613,1170,2342,1871,1943,561,1444,,,,,,,,,,,,,,,,,,,,,,,,,,,,,,,,,,,,,,,,,,,,,,,,,,,,,,,,,,,,,,,,,,,,,,,,,,,
