ACSSF,2012m1,dc,000,0021,0000001,396,6135,6186,3570,1751,1730,5803,4774,2668,2126,1227,1078,6883,5937,4797,2071,934,1521,1674,1326,1027,471,197,47,4618,3561,3774,1644,730,823,,,,,,,,,,,,,,,,,,,,,,,,,,,,,,,534,3050,4421,3882,4522,4227,4976,2452,3676,2709,2046,1581,5953,1961,2316,2357,3868,3887,1532,215,417,781,811,912,4341,2236,2303,1791,2340,2264,,,,,,,,,,,,,,,,,,,,,,,,,,,,,,,,,,,,,,,,,,,,,,,,,,,,,,,,396,6135,6186,3602,1730,5803,4774,2668,2084,1078,6883,5937,4797,2361,1521,1674,1326,1027,471,47,4618,3561,3774,1709,823,,,,,,,,,,,,,,,,,,,,,,,,,
ACSSF,2012m1,dc,000,0021,0000002,396,6135,6186,3570,1751,1730,5803,4774,2668,2126,1227,1078,6883,5937,4797,2071,934,1521,1674,1326,1027,471,197,47,4618,3561,3774,1644,730,823,,,,,,,,,,,,,,,,,,,,,,,,,,,,,,,534,3050,4421,3882,4522,4227,4976,2452,3676,2709,2046,1581,5953,1961,2316,2357,3868,3887,1532,215,417,781,811,912,4341,2236,2303,1791,2340,2264,,,,,,,,,,,,,,,,,,,,,,,,,,,,,,,,,,,,,,,,,,,,,,,,,,,,,,,,396,6135,6186,3602,1730,5803,4774,2668,2084,1078,6883,5937,4797,2361,1521,1674,1326,1027,471,47,4618,3561,3774,1709,823,,,,,,,,,,,,,,,,,,,,,,,,,
ACSSF,2012m1,dc,000,0021,0000003,396,6135,6186,3570,1751,1730,5803,4774,2668,2126,1227,1078,6883,5937,4797,2071,934,1521,1674,1326,1027,471,197,47,4618,3561,3774,1644,730,823,,,,,,,,,,,,,,,,,,,,,,,,,,,,,,,534,3050,4421,3882,4522,4227,4976,2452,3676,2709,2046,1581,5953,1961,2316,2357,3868,3887,1532,215,417,781,811,912,4341,2236,2303,1791,2340,2264,,,,,,,,,,,,,,,,,,,,,,,,,,,,,,,,,,,,,,,,,,,,,,,,,,,,,,,,396,6135,6186,3602,1730,5803,4774,2668,2084,1078,6883,5937,4797,2361,1521,1674,1326,1027,471,47,4618,3561,3774,1709,823,,,,,,,,,,,,,,,,,,,,,,,,,
ACSSF,2012m1,dc,000,0021,0000004,396,6135,6186,3570,1751,1730,5803,4774,2668,2126,1227,1078,6883,5937,4797,2071,934,1521,1674,1326,1027,471,197,47,4618,3561,3774,1644,730,823,,,,,,,,,,,,,,,,,,,,,,,,,,,,,,,534,3050,4421,3882,4522,4227,4976,2452,3676,2709,2046,1581,5953,1961,2316,2357,3868,3887,1532,215,417,781,811,912,4341,2236,2303,1791,2340,2264,,,,,,,,,,,,,,,,,,,,,,,,,,,,,,,,,,,,,,,,,,,,,,,,,,,,,,,,396,6135,6186,3602,1730,5803,4774,2668,2084,1078,6883,5937,4797,2361,1521,1674,1326,1027,471,47,4618,3561,3774,1709,823,,,,,,,,,,,,,,,,,,,,,,,,,
ACSSF,2012m1,dc,000,0021,0000005,396,6135,6186,3570,1751,1730,5803,4774,2668,2126,1227,1078,6883,5937,4797,2071,934,1521,1674,1326,1027,471,197,47,4618,3561,3774,1644,730,823,,,,,,,,,,,,,,,,,,,,,,,,,,,,,,,534,3050,4421,3882,4522,4227,4976,2452,3676,2709,2046,1581,5953,1961,2316,2357,3868,3887,1532,215,417,781,811,912,4341,2236,2303,1791,2340,2264,,,,,,,,,,,,,,,,,,,,,,,,,,,,,,,,,,,,,,,,,,,,,,,,,,,,,,,,396,6135,6186,3602,1730,5803,4774,2668,2084,1078,6883,5937,4797,2361,1521,1674,1326,1027,471,47,4618,3561,3774,1709,823,,,,,,,,,,,,,,,,,,,,,,,,,
ACSSF,2012m1,dc,000,0021,0000006,396,6135,6186,3570,1751,1730,5803,4774,2668,2126,1227,1078,6883,5937,4797,2071,934,1521,1674,1326,1027,471,197,47,4618,3561,3774,1644,730,823,,,,,,,,,,,,,,,,,,,,,,,,,,,,,,,534,3050,4421,3882,4522,4227,4976,2452,3676,2709,2046,1581,5953,1961,2316,2357,3868,3887,1532,215,417,781,811,912,4341,2236,2303,1791,2340,2264,,,,,,,,,,,,,,,,,,,,,,,,,,,,,,,,,,,,,,,,,,,,,,,,,,,,,,,,396,6135,6186,3602,1730,5803,4774,2668,2084,1078,6883,5937,4797,2361,1521,1674,1326,1027,471,47,4618,3561,3774,1709,823,,,,,,,,,,,,,,,,,,,,,,,,,
ACSSF,2012m1,dc,000,0021,0000007,396,6135,6186,3570,1751,1730,5803,4774,2668,2126,1227,1078,6883,5937,4797,2071,934,1521,1674,1326,1027,471,197,47,4618,3561,3774,1644,730,823,,,,,,,,,,,,,,,,,,,,,,,,,,,,,,,534,3050,4421,3882,4522,4227,4976,2452,3676,2709,2046,1581,5953,1961,2316,2357,3868,3887,1532,215,417,781,811,912,4341,2236,2303,1791,2340,2264,,,,,,,,,,,,,,,,,,,,,,,,,,,,,,,,,,,,,,,,,,,,,,,,,,,,,,,,396,6135,6186,3602,1730,5803,4774,2668,2084,1078,6883,5937,4797,2361,1521,1674,1326,1027,471,47,4618,3561,3774,1709,823,,,,,,,,,,,,,,,,,,,,,,,,,
ACSSF,2012m1,dc,000,0021,0000008,396,6135,6186,3570,1751,1730,5803,4774,2668,2126,1227,1078,6883,5937,4797,2071,934,1521,1674,1326,1027,471,197,47,4618,3561,3774,1644,730,823,,,,,,,,,,,,,,,,,,,,,,,,,,,,,,,534,3050,4421,3882,4522,4227,4976,2452,3676,2709,2046,1581,5953,1961,2316,2357,3868,3887,1532,215,417,781,811,912,4341,2236,2303,1791,2340,2264,,,,,,,,,,,,,,,,,,,,,,,,,,,,,,,,,,,,,,,,,,,,,,,,,,,,,,,,396,6135,6186,3602,1730,5803,4774,2668,2084,1078,6883,5937,4797,2361,1521,1674,1326,1027,471,47,4618,3561,3774,1709,823,,,,,,,,,,,,,,,,,,,,,,,,,
ACSSF,2012m1,dc,000,0021,0000009,396,6135,6186,3570,1751,1730,5803,4774,2668,2126,1227,1078,6883,5937,4797,2071,934,1521,1674,1326,1027,471,197,47,4618,3561,3774,1644,730,823,,,,,,,,,,,,,,,,,,,,,,,,,,,,,,,534,3050,4421,3882,4522,4227,4976,2452,3676,2709,2046,1581,5953,1961,2316,2357,3868,3887,1532,215,417,781,811,912,4341,2236,2303,1791,2340,2264,,,,,,,,,,,,,,,,,,,,,,,,,,,,,,,,,,,,,,,,,,,,,,,,,,,,,,,,396,6135,6186,3602,1730,5803,4774,2668,2084,1078,6883,5937,4797,2361,1521,1674,1326,1027,471,47,4618,3561,3774,1709,823,,,,,,,,,,,,,,,,,,,,,,,,,
ACSSF,2012m1,dc,000,0021,0000010,5383,5141,3266,1507,329,790,1696,1416,692,634,180,136,4736,4070,2689,1078,104,552,813,600,505,321,197,47,2360,1873,1568,447,228,518,,,,,,,,,,,,,,,,,,,,,,,,,,,,,,,3971,612,934,1091,3145,2608,1617,205,504,580,981,786,3636,174,663,756,2651,2315,656,197,197,151,502,428,2205,485,738,709,1093,1345,,,,,,,,,,,,,,,,,,,,,,,,,,,,,,,,,,,,,,,,,,,,,,,,,,,,,,,,5383,5141,3266,1527,790,1696,1416,692,603,136,4736,4070,2689,1089,552,813,600,505,321,47,2360,1873,1568,514,518,,,,,,,,,,,,,,,,,,,,,,,,,
ACSSF,2012m1,dc,000,0021,0000011,5839,4645,3548,1926,940,959,2815,2264,961,1247,483,415,3717,3229,1792,813,276,780,911,621,638,197,197,197,3948,2393,2115,1495,768,351,,,,,,,,,,,,,,,,,,,,,,,,,,,,,,,5330,2271,2190,2183,2287,2425,2190,1009,1506,1156,928,633,3344,680,838,972,1592,1898,908,203,297,603,199,455,3710,2067,1553,1291,1237,1034,,,,,,,,,,,,,,,,,,,,,,,,,,,,,,,,,,,,,,,,,,,,,,,,,,,,,,,,5839,4645,3548,1962,959,2815,2264,961,1303,415,3717,3229,1792,925,780,911,621,638,197,197,3948,2393,2115,1595,351,,,,,,,,,,,,,,,,,,,,,,,,,
ACSSF,2012m1,dc,000,0021,0000012,5820,4734,2481,1409,898,1102,4057,3079,1789,902,519,598,3930,2785,1941,1040,756,1006,531,456,300,167,197,197,1911,1332,1184,410,130,203,,,,,,,,,,,,,,,,,,,,,,,,,,,,,,,5228,2147,2460,2296,2463,2450,3535,1386,1992,1682,889,827,3634,1515,1091,1406,1942,2111,524,71,197,390,215,279,1707,683,715,505,946,555,,,,,,,,,,,,,,,,,,,,,,,,,,,,,,,,,,,,,,,,,,,,,,,,,,,,,,,,5820,4734,2481,1656,1102,4057,3079,1789,957,598,3930,2785,1941,1382,1006,531,456,300,167,197,1911,1332,1184,431,203,,,,,,,,,,,,,,,,,,,,,,,,,
ACSSF,2012m1,dc,000,0021,0000013,5699,3915,2949,1520,930,1090,4924,3896,1585,1035,858,797,2472,1883,1629,991,329,808,375,366,192,119,197,197,2166,1043,1253,269,270,84,,,,,,,,,,,,,,,,,,,,,,,,,,,,,,,4586,1989,2805,2634,1460,1032,3815,1750,2232,2012,853,444,2260,1011,1481,1483,739,818,375,197,119,196,107,314,1833,425,571,320,1245,338,,,,,,,,,,,,,,,,,,,,,,,,,,,,,,,,,,,,,,,,,,,,,,,,,,,,,,,,5699,3915,2949,1629,1090,4924,3896,1585,1254,797,2472,1883,1629,1082,808,375,366,192,119,197,2166,1043,1253,406,84,,,,,,,,,,,,,,,,,,,,,,,,,
ACSSF,2012m1,dc,000,0021,0000014,6760,5455,3352,1245,438,888,3954,3169,1085,790,244,468,4811,3964,2373,1074,342,646,871,692,398,246,197,197,3322,1951,2404,653,167,588,,,,,,,,,,,,,,,,,,,,,,,,,,,,,,,5892,1833,2396,1962,2866,3474,3080,746,1825,1242,805,607,4569,583,953,1236,2508,3173,813,197,246,234,514,438,3308,1442,1265,1093,1105,1504,,,,,,,,,,,,,,,,,,,,,,,,,,,,,,,,,,,,,,,,,,,,,,,,,,,,,,,,6760,5455,3352,1287,888,3954,3169,1085,847,468,4811,3964,2373,1080,646,871,692,398,246,197,3322,1951,2404,663,588,,,,,,,,,,,,,,,,,,,,,,,,,
ACSSF,2012m1,dc,000,0021,0000015,396,6135,6186,3570,1751,1730,5803,4774,2668,2126,1227,1078,6883,5937,4797,2071,934,1521,1674,1326,1027,471,197,47,4618,3561,3774,1644,730,823,,,,,,,,,,,,,,,,,,,,,,,,,,,,,,,534,3050,4421,3882,4522,4227,4976,2452,3676,2709,2046,1581,5953,1961,2316,2357,3868,3887,1532,215,417,781,811,912,4341,2236,2303,1791,2340,2264,,,,,,,,,,,,,,,,,,,,,,,,,,,,,,,,,,,,,,,,,,,,,,,,,,,,,,,,396,6135,6186,3602,1730,5803,4774,2668,2084,1078,6883,5937,4797,2361,1521,1674,1326,1027,471,47,4618,3561,3774,1709,823,,,,,,,,,,,,,,,,,,,,,,,,,
