ACSSF,2012m1,dc,000,0008,0000001,,,,,,,,,,,,,,,,,,,,,,,,,,,,,,,,,,,,,,,,,,,,,,,,,,,,,,,,,,,,,,,,,,,,,,,,,,,,,,,,,,,,,,,,,,,,,,,,,,,,,,,,,,,,,,0,1652,390,368,370,399,428,2119,359,1002,312,2028,294,596,1836,1539,448,643,1225,214,2069,579,998,344,565,674,345,532,399,767,3026,5551
ACSSF,2012m1,dc,000,0008,0000002,,,,,,,,,,,,,,,,,,,,,,,,,,,,,,,,,,,,,,,,,,,,,,,,,,,,,,,,,,,,,,,,,,,,,,,,,,,,,,,,,,,,,,,,,,,,,,,,,,,,,,,,,,,,,,0,1652,390,368,370,399,428,2119,359,1002,312,2028,294,596,1836,1539,448,643,1225,214,2069,579,998,344,565,674,345,532,399,767,3026,5551
ACSSF,2012m1,dc,000,0008,0000003,,,,,,,,,,,,,,,,,,,,,,,,,,,,,,,,,,,,,,,,,,,,,,,,,,,,,,,,,,,,,,,,,,,,,,,,,,,,,,,,,,,,,,,,,,,,,,,,,,,,,,,,,,,,,,0,1652,390,368,370,399,428,2119,359,1002,312,2028,294,596,1836,1539,448,643,1225,214,2069,579,998,344,565,674,345,532,399,767,3026,5551
ACSSF,2012m1,dc,000,0008,0000004,,,,,,,,,,,,,,,,,,,,,,,,,,,,,,,,,,,,,,,,,,,,,,,,,,,,,,,,,,,,,,,,,,,,,,,,,,,,,,,,,,,,,,,,,,,,,,,,,,,,,,,,,,,,,,0,1652,390,368,370,399,428,2119,359,1002,312,2028,294,596,1836,1539,448,643,1225,214,2069,579,998,344,565,674,345,532,399,767,3026,5551
ACSSF,2012m1,dc,000,0008,0000005,,,,,,,,,,,,,,,,,,,,,,,,,,,,,,,,,,,,,,,,,,,,,,,,,,,,,,,,,,,,,,,,,,,,,,,,,,,,,,,,,,,,,,,,,,,,,,,,,,,,,,,,,,,,,,0,1652,390,368,370,399,428,2119,359,1002,312,2028,294,596,1836,1539,448,643,1225,214,2069,579,998,344,565,674,345,532,399,767,3026,5551
ACSSF,2012m1,dc,000,0008,0000006,,,,,,,,,,,,,,,,,,,,,,,,,,,,,,,,,,,,,,,,,,,,,,,,,,,,,,,,,,,,,,,,,,,,,,,,,,,,,,,,,,,,,,,,,,,,,,,,,,,,,,,,,,,,,,0,1652,390,368,370,399,428,2119,359,1002,312,2028,294,596,1836,1539,448,643,1225,214,2069,579,998,344,565,674,345,532,399,767,3026,5551
ACSSF,2012m1,dc,000,0008,0000007,,,,,,,,,,,,,,,,,,,,,,,,,,,,,,,,,,,,,,,,,,,,,,,,,,,,,,,,,,,,,,,,,,,,,,,,,,,,,,,,,,,,,,,,,,,,,,,,,,,,,,,,,,,,,,0,1652,390,368,370,399,428,2119,359,1002,312,2028,294,596,1836,1539,448,643,1225,214,2069,579,998,344,565,674,345,532,399,767,3026,5551
ACSSF,2012m1,dc,000,0008,0000008,,,,,,,,,,,,,,,,,,,,,,,,,,,,,,,,,,,,,,,,,,,,,,,,,,,,,,,,,,,,,,,,,,,,,,,,,,,,,,,,,,,,,,,,,,,,,,,,,,,,,,,,,,,,,,0,1652,390,368,370,399,428,2119,359,1002,312,2028,294,596,1836,1539,448,643,1225,214,2069,579,998,344,565,674,345,532,399,767,3026,5551
ACSSF,2012m1,dc,000,0008,0000009,,,,,,,,,,,,,,,,,,,,,,,,,,,,,,,,,,,,,,,,,,,,,,,,,,,,,,,,,,,,,,,,,,,,,,,,,,,,,,,,,,,,,,,,,,,,,,,,,,,,,,,,,,,,,,0,1652,390,368,370,399,428,2119,359,1002,312,2028,294,596,1836,1539,448,643,1225,214,2069,579,998,344,565,674,345,532,399,767,3026,5551
ACSSF,2012m1,dc,000,0008,0000010,,,,,,,,,,,,,,,,,,,,,,,,,,,,,,,,,,,,,,,,,,,,,,,,,,,,,,,,,,,,,,,,,,,,,,,,,,,,,,,,,,,,,,,,,,,,,,,,,,,,,,,,,,,,,,5919,784,337,310,348,211,152,1489,263,692,208,1057,195,367,792,1176,169,491,913,54,1924,499,647,267,104,352,200,259,149,197,1203,5315
ACSSF,2012m1,dc,000,0008,0000011,,,,,,,,,,,,,,,,,,,,,,,,,,,,,,,,,,,,,,,,,,,,,,,,,,,,,,,,,,,,,,,,,,,,,,,,,,,,,,,,,,,,,,,,,,,,,,,,,,,,,,,,,,,,,,,,,,,,,,,,,,,,,,,,,,,,,,,,,,,,,
ACSSF,2012m1,dc,000,0008,0000012,,,,,,,,,,,,,,,,,,,,,,,,,,,,,,,,,,,,,,,,,,,,,,,,,,,,,,,,,,,,,,,,,,,,,,,,,,,,,,,,,,,,,,,,,,,,,,,,,,,,,,,,,,,,,,7931,531,139,178,115,272,208,768,94,404,170,752,197,154,862,393,255,228,421,197,218,131,402,197,271,267,95,197,206,732,1931,7528
ACSSF,2012m1,dc,000,0008,0000013,,,,,,,,,,,,,,,,,,,,,,,,,,,,,,,,,,,,,,,,,,,,,,,,,,,,,,,,,,,,,,,,,,,,,,,,,,,,,,,,,,,,,,,,,,,,,,,,,,,,,,,,,,,,,,,,,,,,,,,,,,,,,,,,,,,,,,,,,,,,,
ACSSF,2012m1,dc,000,0008,0000014,,,,,,,,,,,,,,,,,,,,,,,,,,,,,,,,,,,,,,,,,,,,,,,,,,,,,,,,,,,,,,,,,,,,,,,,,,,,,,,,,,,,,,,,,,,,,,,,,,,,,,,,,,,,,,7719,590,220,209,140,194,313,1068,221,549,179,1297,84,435,1032,688,304,287,586,183,778,189,665,208,198,395,160,311,290,99,1299,7549
ACSSF,2012m1,dc,000,0008,0000015,,,,,,,,,,,,,,,,,,,,,,,,,,,,,,,,,,,,,,,,,,,,,,,,,,,,,,,,,,,,,,,,,,,,,,,,,,,,,,,,,,,,,,,,,,,,,,,,,,,,,,,,,,,,,,0,1652,390,368,370,399,428,2119,359,1002,312,2028,294,596,1836,1539,448,643,1225,214,2069,579,998,344,565,674,345,532,399,767,3026,5551
