ACSSF,2012m1,dc,000,0004,0000001,0,4014,2333,864,1613,90,4268,2753,1205,2357,,,,,,,,,,,,,,,,,,,,,,,,,,,,,,,,,,,,,,,,,,,,,,,,,,,,,,,,,,,,,,,,,,,,,,,,4486,2429,1236,673,887,4262,,,,,,,,,,,,,,,,,,,,,,,,,,,,,,,,,,,,,,,,,,,,,,,,,,,,,,,,,,,,,,,,,,,,,,,,,,,,,,,,,,,,,,,,,,,,,0,2753,4014,2333,864,1613,90,4268,2753,1205,2357,2604,1213,486,1277,483,1399,746,132,,,,,,,,,,1613,1258,1082,1097,420,863,685,1079,,,,,
ACSSF,2012m1,dc,000,0004,0000002,0,4014,2333,864,1613,90,4268,2753,1205,2357,,,,,,,,,,,,,,,,,,,,,,,,,,,,,,,,,,,,,,,,,,,,,,,,,,,,,,,,,,,,,,,,,,,,,,,,4486,2429,1236,673,887,4262,,,,,,,,,,,,,,,,,,,,,,,,,,,,,,,,,,,,,,,,,,,,,,,,,,,,,,,,,,,,,,,,,,,,,,,,,,,,,,,,,,,,,,,,,,,,,0,2753,4014,2333,864,1613,90,4268,2753,1205,2357,2604,1213,486,1277,483,1399,746,132,,,,,,,,,,1613,1258,1082,1097,420,863,685,1079,,,,,
ACSSF,2012m1,dc,000,0004,0000003,0,4014,2333,864,1613,90,4268,2753,1205,2357,,,,,,,,,,,,,,,,,,,,,,,,,,,,,,,,,,,,,,,,,,,,,,,,,,,,,,,,,,,,,,,,,,,,,,,,4486,2429,1236,673,887,4262,,,,,,,,,,,,,,,,,,,,,,,,,,,,,,,,,,,,,,,,,,,,,,,,,,,,,,,,,,,,,,,,,,,,,,,,,,,,,,,,,,,,,,,,,,,,,0,2753,4014,2333,864,1613,90,4268,2753,1205,2357,2604,1213,486,1277,483,1399,746,132,,,,,,,,,,1613,1258,1082,1097,420,863,685,1079,,,,,
ACSSF,2012m1,dc,000,0004,0000004,0,4014,2333,864,1613,90,4268,2753,1205,2357,,,,,,,,,,,,,,,,,,,,,,,,,,,,,,,,,,,,,,,,,,,,,,,,,,,,,,,,,,,,,,,,,,,,,,,,4486,2429,1236,673,887,4262,,,,,,,,,,,,,,,,,,,,,,,,,,,,,,,,,,,,,,,,,,,,,,,,,,,,,,,,,,,,,,,,,,,,,,,,,,,,,,,,,,,,,,,,,,,,,0,2753,4014,2333,864,1613,90,4268,2753,1205,2357,2604,1213,486,1277,483,1399,746,132,,,,,,,,,,1613,1258,1082,1097,420,863,685,1079,,,,,
ACSSF,2012m1,dc,000,0004,0000005,0,4014,2333,864,1613,90,4268,2753,1205,2357,,,,,,,,,,,,,,,,,,,,,,,,,,,,,,,,,,,,,,,,,,,,,,,,,,,,,,,,,,,,,,,,,,,,,,,,4486,2429,1236,673,887,4262,,,,,,,,,,,,,,,,,,,,,,,,,,,,,,,,,,,,,,,,,,,,,,,,,,,,,,,,,,,,,,,,,,,,,,,,,,,,,,,,,,,,,,,,,,,,,0,2753,4014,2333,864,1613,90,4268,2753,1205,2357,2604,1213,486,1277,483,1399,746,132,,,,,,,,,,1613,1258,1082,1097,420,863,685,1079,,,,,
ACSSF,2012m1,dc,000,0004,0000006,0,4014,2333,864,1613,90,4268,2753,1205,2357,,,,,,,,,,,,,,,,,,,,,,,,,,,,,,,,,,,,,,,,,,,,,,,,,,,,,,,,,,,,,,,,,,,,,,,,4486,2429,1236,673,887,4262,,,,,,,,,,,,,,,,,,,,,,,,,,,,,,,,,,,,,,,,,,,,,,,,,,,,,,,,,,,,,,,,,,,,,,,,,,,,,,,,,,,,,,,,,,,,,0,2753,4014,2333,864,1613,90,4268,2753,1205,2357,2604,1213,486,1277,483,1399,746,132,,,,,,,,,,1613,1258,1082,1097,420,863,685,1079,,,,,
ACSSF,2012m1,dc,000,0004,0000007,0,4014,2333,864,1613,90,4268,2753,1205,2357,,,,,,,,,,,,,,,,,,,,,,,,,,,,,,,,,,,,,,,,,,,,,,,,,,,,,,,,,,,,,,,,,,,,,,,,4486,2429,1236,673,887,4262,,,,,,,,,,,,,,,,,,,,,,,,,,,,,,,,,,,,,,,,,,,,,,,,,,,,,,,,,,,,,,,,,,,,,,,,,,,,,,,,,,,,,,,,,,,,,0,2753,4014,2333,864,1613,90,4268,2753,1205,2357,2604,1213,486,1277,483,1399,746,132,,,,,,,,,,1613,1258,1082,1097,420,863,685,1079,,,,,
ACSSF,2012m1,dc,000,0004,0000008,0,4014,2333,864,1613,90,4268,2753,1205,2357,,,,,,,,,,,,,,,,,,,,,,,,,,,,,,,,,,,,,,,,,,,,,,,,,,,,,,,,,,,,,,,,,,,,,,,,4486,2429,1236,673,887,4262,,,,,,,,,,,,,,,,,,,,,,,,,,,,,,,,,,,,,,,,,,,,,,,,,,,,,,,,,,,,,,,,,,,,,,,,,,,,,,,,,,,,,,,,,,,,,0,2753,4014,2333,864,1613,90,4268,2753,1205,2357,2604,1213,486,1277,483,1399,746,132,,,,,,,,,,1613,1258,1082,1097,420,863,685,1079,,,,,
ACSSF,2012m1,dc,000,0004,0000009,0,4014,2333,864,1613,90,4268,2753,1205,2357,,,,,,,,,,,,,,,,,,,,,,,,,,,,,,,,,,,,,,,,,,,,,,,,,,,,,,,,,,,,,,,,,,,,,,,,4486,2429,1236,673,887,4262,,,,,,,,,,,,,,,,,,,,,,,,,,,,,,,,,,,,,,,,,,,,,,,,,,,,,,,,,,,,,,,,,,,,,,,,,,,,,,,,,,,,,,,,,,,,,0,2753,4014,2333,864,1613,90,4268,2753,1205,2357,2604,1213,486,1277,483,1399,746,132,,,,,,,,,,1613,1258,1082,1097,420,863,685,1079,,,,,
ACSSF,2012m1,dc,000,0004,0000010,5919,4505,3037,329,1285,197,536,1425,220,1375,,,,,,,,,,,,,,,,,,,,,,,,,,,,,,,,,,,,,,,,,,,,,,,,,,,,,,,,,,,,,,,,,,,,,,,,4591,3140,466,1545,,590,,,,,,,,,,,,,,,,,,,,,,,,,,,,,,,,,,,,,,,,,,,,,,,,,,,,,,,,,,,,,,,,,,,,,,,,,,,,,,,,,,,,,,,,,,,,,5919,5885,4505,3037,329,1285,197,536,1425,220,1375,1315,572,510,1048,197,289,359,197,,,,,,,,,,1285,984,687,594,298,423,360,354,,,,,
ACSSF,2012m1,dc,000,0004,0000011,7634,4858,4834,734,1031,197,4165,1036,430,1096,,,,,,,,,,,,,,,,,,,,,,,,,,,,,,,,,,,,,,,,,,,,,,,,,,,,,,,,,,,,,,,,,,,,,,,,4879,4891,904,1327,,4181,,,,,,,,,,,,,,,,,,,,,,,,,,,,,,,,,,,,,,,,,,,,,,,,,,,,,,,,,,,,,,,,,,,,,,,,,,,,,,,,,,,,,,,,,,,,,7634,7815,4858,4834,734,1031,197,4165,1036,430,1096,927,322,84,360,48,806,504,197,,,,,,,,,,1031,486,243,328,197,285,607,410,,,,,
ACSSF,2012m1,dc,000,0004,0000012,7931,3382,6717,214,780,197,2288,966,627,705,,,,,,,,,,,,,,,,,,,,,,,,,,,,,,,,,,,,,,,,,,,,,,,,,,,,,,,,,,,,,,,,,,,,,,,,3466,6678,447,822,,2312,,,,,,,,,,,,,,,,,,,,,,,,,,,,,,,,,,,,,,,,,,,,,,,,,,,,,,,,,,,,,,,,,,,,,,,,,,,,,,,,,,,,,,,,,,,,,7931,8041,3382,6717,214,780,197,2288,966,627,705,898,444,197,345,261,613,189,197,,,,,,,,,,780,168,403,418,111,151,197,370,,,,,
ACSSF,2012m1,dc,000,0004,0000013,7641,1411,7424,222,665,197,992,994,486,826,,,,,,,,,,,,,,,,,,,,,,,,,,,,,,,,,,,,,,,,,,,,,,,,,,,,,,,,,,,,,,,,,,,,,,,,1567,7503,569,682,,1130,,,,,,,,,,,,,,,,,,,,,,,,,,,,,,,,,,,,,,,,,,,,,,,,,,,,,,,,,,,,,,,,,,,,,,,,,,,,,,,,,,,,,,,,,,,,,7641,7581,1411,7424,222,665,197,992,994,486,826,940,456,42,197,380,530,313,197,,,,,,,,,,,,,,,,,,,,,,
ACSSF,2012m1,dc,000,0004,0000014,7719,5339,4983,213,1535,90,3086,1421,654,1324,,,,,,,,,,,,,,,,,,,,,,,,,,,,,,,,,,,,,,,,,,,,,,,,,,,,,,,,,,,,,,,,,,,,,,,,5603,4741,298,1540,214,3120,,,,,,,,,,,,,,,,,,,,,,,,,,,,,,,,,,,,,,,,,,,,,,,,,,,,,,,,,,,,,,,,,,,,,,,,,,,,,,,,,,,,,,,,,,,,,7719,8004,5339,4983,213,1535,90,3086,1421,654,1324,1434,965,103,696,103,688,187,132,,,,,,,,,,1535,965,655,430,272,756,306,830,,,,,
ACSSF,2012m1,dc,000,0004,0000015,0,4014,2333,864,1613,90,4268,2753,1205,2357,,,,,,,,,,,,,,,,,,,,,,,,,,,,,,,,,,,,,,,,,,,,,,,,,,,,,,,,,,,,,,,,,,,,,,,,4486,2429,1236,673,887,4262,,,,,,,,,,,,,,,,,,,,,,,,,,,,,,,,,,,,,,,,,,,,,,,,,,,,,,,,,,,,,,,,,,,,,,,,,,,,,,,,,,,,,,,,,,,,,0,2753,4014,2333,864,1613,90,4268,2753,1205,2357,2604,1213,486,1277,483,1399,746,132,,,,,,,,,,1613,1258,1082,1097,420,863,685,1079,,,,,
