ACSSF,2012m1,dc,000,0095,0000001,396,318,3866,197,3866,142,184,293,503,839,407,1028,642,857,689,950,1459,1069,1709,1140,1240,1632,1219,2012,2615,3886,2534,3559,1462,1321,1354,1339,1145,940,941,632,871,752,995,1160,836,726,847,724,651,755,783,1186,371,3873,197,3873,181,407,172,390,533,368,599,777,937,570,1222,1117,1382,1522,1194,1374,1950,1256,2030,1867,3871,2575,4372,2258,1651,1609,1718,1825,1266,1212,901,967,1110,1152,1084,1052,662,680,899,819,649,708,991,1708,1080,3915,1334,2183,1214,942
ACSSF,2012m1,dc,000,0095,0000002,396,318,3866,197,3866,142,184,293,503,839,407,1028,642,857,689,950,1459,1069,1709,1140,1240,1632,1219,2012,2615,3886,2534,3559,1462,1321,1354,1339,1145,940,941,632,871,752,995,1160,836,726,847,724,651,755,783,1186,371,3873,197,3873,181,407,172,390,533,368,599,777,937,570,1222,1117,1382,1522,1194,1374,1950,1256,2030,1867,3871,2575,4372,2258,1651,1609,1718,1825,1266,1212,901,967,1110,1152,1084,1052,662,680,899,819,649,708,991,1708,1080,3915,1334,2183,1214,942
ACSSF,2012m1,dc,000,0095,0000003,396,318,3866,197,3866,142,184,293,503,839,407,1028,642,857,689,950,1459,1069,1709,1140,1240,1632,1219,2012,2615,3886,2534,3559,1462,1321,1354,1339,1145,940,941,632,871,752,995,1160,836,726,847,724,651,755,783,1186,371,3873,197,3873,181,407,172,390,533,368,599,777,937,570,1222,1117,1382,1522,1194,1374,1950,1256,2030,1867,3871,2575,4372,2258,1651,1609,1718,1825,1266,1212,901,967,1110,1152,1084,1052,662,680,899,819,649,708,991,1708,1080,3915,1334,2183,1214,942
ACSSF,2012m1,dc,000,0095,0000004,396,318,3866,197,3866,142,184,293,503,839,407,1028,642,857,689,950,1459,1069,1709,1140,1240,1632,1219,2012,2615,3886,2534,3559,1462,1321,1354,1339,1145,940,941,632,871,752,995,1160,836,726,847,724,651,755,783,1186,371,3873,197,3873,181,407,172,390,533,368,599,777,937,570,1222,1117,1382,1522,1194,1374,1950,1256,2030,1867,3871,2575,4372,2258,1651,1609,1718,1825,1266,1212,901,967,1110,1152,1084,1052,662,680,899,819,649,708,991,1708,1080,3915,1334,2183,1214,942
ACSSF,2012m1,dc,000,0095,0000005,396,318,3866,197,3866,142,184,293,503,839,407,1028,642,857,689,950,1459,1069,1709,1140,1240,1632,1219,2012,2615,3886,2534,3559,1462,1321,1354,1339,1145,940,941,632,871,752,995,1160,836,726,847,724,651,755,783,1186,371,3873,197,3873,181,407,172,390,533,368,599,777,937,570,1222,1117,1382,1522,1194,1374,1950,1256,2030,1867,3871,2575,4372,2258,1651,1609,1718,1825,1266,1212,901,967,1110,1152,1084,1052,662,680,899,819,649,708,991,1708,1080,3915,1334,2183,1214,942
ACSSF,2012m1,dc,000,0095,0000006,396,318,3866,197,3866,142,184,293,503,839,407,1028,642,857,689,950,1459,1069,1709,1140,1240,1632,1219,2012,2615,3886,2534,3559,1462,1321,1354,1339,1145,940,941,632,871,752,995,1160,836,726,847,724,651,755,783,1186,371,3873,197,3873,181,407,172,390,533,368,599,777,937,570,1222,1117,1382,1522,1194,1374,1950,1256,2030,1867,3871,2575,4372,2258,1651,1609,1718,1825,1266,1212,901,967,1110,1152,1084,1052,662,680,899,819,649,708,991,1708,1080,3915,1334,2183,1214,942
ACSSF,2012m1,dc,000,0095,0000007,396,318,3866,197,3866,142,184,293,503,839,407,1028,642,857,689,950,1459,1069,1709,1140,1240,1632,1219,2012,2615,3886,2534,3559,1462,1321,1354,1339,1145,940,941,632,871,752,995,1160,836,726,847,724,651,755,783,1186,371,3873,197,3873,181,407,172,390,533,368,599,777,937,570,1222,1117,1382,1522,1194,1374,1950,1256,2030,1867,3871,2575,4372,2258,1651,1609,1718,1825,1266,1212,901,967,1110,1152,1084,1052,662,680,899,819,649,708,991,1708,1080,3915,1334,2183,1214,942
ACSSF,2012m1,dc,000,0095,0000008,396,318,3866,197,3866,142,184,293,503,839,407,1028,642,857,689,950,1459,1069,1709,1140,1240,1632,1219,2012,2615,3886,2534,3559,1462,1321,1354,1339,1145,940,941,632,871,752,995,1160,836,726,847,724,651,755,783,1186,371,3873,197,3873,181,407,172,390,533,368,599,777,937,570,1222,1117,1382,1522,1194,1374,1950,1256,2030,1867,3871,2575,4372,2258,1651,1609,1718,1825,1266,1212,901,967,1110,1152,1084,1052,662,680,899,819,649,708,991,1708,1080,3915,1334,2183,1214,942
ACSSF,2012m1,dc,000,0095,0000009,396,318,3866,197,3866,142,184,293,503,839,407,1028,642,857,689,950,1459,1069,1709,1140,1240,1632,1219,2012,2615,3886,2534,3559,1462,1321,1354,1339,1145,940,941,632,871,752,995,1160,836,726,847,724,651,755,783,1186,371,3873,197,3873,181,407,172,390,533,368,599,777,937,570,1222,1117,1382,1522,1194,1374,1950,1256,2030,1867,3871,2575,4372,2258,1651,1609,1718,1825,1266,1212,901,967,1110,1152,1084,1052,662,680,899,819,649,708,991,1708,1080,3915,1334,2183,1214,942
ACSSF,2012m1,dc,000,0095,0000010,5383,3583,2260,197,2260,197,197,178,70,169,89,197,197,242,197,425,719,462,797,365,713,892,409,675,1624,3010,1457,2514,1324,534,317,333,337,220,112,168,296,372,332,559,411,311,342,389,374,362,413,789,3039,2610,197,2610,176,197,197,145,233,197,41,127,296,81,302,677,259,465,362,784,1173,559,757,1413,2787,971,2851,1565,770,603,510,640,293,314,327,430,320,404,445,617,482,325,411,365,398,419,823,5161,10493,9004,5980,4879,8232,5874
ACSSF,2012m1,dc,000,0095,0000011,5839,3450,2503,197,2503,197,84,74,443,549,367,707,290,503,353,655,1127,723,484,396,459,781,429,676,1039,2771,996,2280,519,824,386,587,610,424,764,214,404,364,521,442,248,244,294,169,204,278,169,483,3512,1967,197,1967,197,201,118,327,188,98,491,314,575,445,637,422,677,687,485,380,643,818,893,670,2761,1486,2322,778,772,722,631,942,538,636,327,556,489,602,355,596,336,400,622,396,262,254,177,1855,2399,7708,2195,4004,5694,1968
ACSSF,2012m1,dc,000,0095,0000012,5820,3314,1901,197,1901,71,197,197,117,141,119,287,130,313,206,295,529,340,503,387,397,767,584,803,1142,2764,1447,2374,729,514,916,598,780,291,490,262,298,335,525,448,278,446,246,399,377,397,254,308,3596,2520,197,2520,197,163,197,117,258,94,141,436,403,276,384,502,674,701,591,611,1063,558,778,841,2848,1429,2201,831,748,549,896,683,446,517,557,457,422,606,360,233,276,318,322,269,251,283,291,4497,6466,9553,1367,4113,2446,1550
ACSSF,2012m1,dc,000,0095,0000013,5699,3446,2191,197,2191,48,163,197,119,472,141,321,426,358,276,562,799,508,595,551,339,820,773,454,676,2696,1544,1954,970,852,540,789,429,718,420,326,458,237,271,457,341,165,185,155,298,142,157,113,3469,1720,197,1720,197,197,138,121,259,342,182,469,184,227,674,536,667,724,366,443,496,282,713,823,3323,1530,2649,929,853,925,963,888,614,642,348,499,552,557,493,350,304,342,319,240,121,199,254,1617,3640,5631,749,2450,1745,996
ACSSF,2012m1,dc,000,0095,0000014,6760,4589,3300,197,3300,113,197,239,139,239,119,581,190,564,461,323,478,750,967,830,726,891,784,1431,2006,3054,1203,2687,878,685,775,777,651,336,628,504,379,417,545,533,402,521,664,284,202,272,566,754,3873,2632,197,2632,39,318,71,130,407,191,273,261,497,96,712,532,548,1024,683,895,1128,763,1102,1391,3070,2013,2423,1048,826,609,689,793,677,482,384,238,470,615,597,293,356,365,304,572,332,327,503,1920,7292,4344,4159,4019,5368,1477
ACSSF,2012m1,dc,000,0095,0000015,396,318,3866,197,3866,142,184,293,503,839,407,1028,642,857,689,950,1459,1069,1709,1140,1240,1632,1219,2012,2615,3886,2534,3559,1462,1321,1354,1339,1145,940,941,632,871,752,995,1160,836,726,847,724,651,755,783,1186,371,3873,197,3873,181,407,172,390,533,368,599,777,937,570,1222,1117,1382,1522,1194,1374,1950,1256,2030,1867,3871,2575,4372,2258,1651,1609,1718,1825,1266,1212,901,967,1110,1152,1084,1052,662,680,899,819,649,708,991,1708,1080,3915,1334,2183,1214,942
