ACSSF,2011m1,dc,000,0095,0000001,414,470,3805,200,3805,200,191,512,330,1069,290,338,554,1005,1359,1165,1584,1136,1300,1127,1388,1714,1930,1876,2351,3767,3082,4049,1830,1578,1315,1692,1334,705,873,888,948,694,994,1226,955,938,561,644,834,871,738,926,454,4174,200,4174,397,195,124,214,752,222,743,574,792,765,1318,1046,1231,1597,1242,1351,1965,1810,2101,2338,4242,3499,3614,2132,1741,1592,1835,1727,1224,1175,898,1082,737,1021,783,1088,817,718,780,756,561,750,1044,1358,2344,3556,1481,1294,1514,641
ACSSF,2011m1,dc,000,0095,0000002,414,470,3805,200,3805,200,191,512,330,1069,290,338,554,1005,1359,1165,1584,1136,1300,1127,1388,1714,1930,1876,2351,3767,3082,4049,1830,1578,1315,1692,1334,705,873,888,948,694,994,1226,955,938,561,644,834,871,738,926,454,4174,200,4174,397,195,124,214,752,222,743,574,792,765,1318,1046,1231,1597,1242,1351,1965,1810,2101,2338,4242,3499,3614,2132,1741,1592,1835,1727,1224,1175,898,1082,737,1021,783,1088,817,718,780,756,561,750,1044,1358,2344,3556,1481,1294,1514,641
ACSSF,2011m1,dc,000,0095,0000003,414,470,3805,200,3805,200,191,512,330,1069,290,338,554,1005,1359,1165,1584,1136,1300,1127,1388,1714,1930,1876,2351,3767,3082,4049,1830,1578,1315,1692,1334,705,873,888,948,694,994,1226,955,938,561,644,834,871,738,926,454,4174,200,4174,397,195,124,214,752,222,743,574,792,765,1318,1046,1231,1597,1242,1351,1965,1810,2101,2338,4242,3499,3614,2132,1741,1592,1835,1727,1224,1175,898,1082,737,1021,783,1088,817,718,780,756,561,750,1044,1358,2344,3556,1481,1294,1514,641
ACSSF,2011m1,dc,000,0095,0000004,414,470,3805,200,3805,200,191,512,330,1069,290,338,554,1005,1359,1165,1584,1136,1300,1127,1388,1714,1930,1876,2351,3767,3082,4049,1830,1578,1315,1692,1334,705,873,888,948,694,994,1226,955,938,561,644,834,871,738,926,454,4174,200,4174,397,195,124,214,752,222,743,574,792,765,1318,1046,1231,1597,1242,1351,1965,1810,2101,2338,4242,3499,3614,2132,1741,1592,1835,1727,1224,1175,898,1082,737,1021,783,1088,817,718,780,756,561,750,1044,1358,2344,3556,1481,1294,1514,641
ACSSF,2011m1,dc,000,0095,0000005,414,470,3805,200,3805,200,191,512,330,1069,290,338,554,1005,1359,1165,1584,1136,1300,1127,1388,1714,1930,1876,2351,3767,3082,4049,1830,1578,1315,1692,1334,705,873,888,948,694,994,1226,955,938,561,644,834,871,738,926,454,4174,200,4174,397,195,124,214,752,222,743,574,792,765,1318,1046,1231,1597,1242,1351,1965,1810,2101,2338,4242,3499,3614,2132,1741,1592,1835,1727,1224,1175,898,1082,737,1021,783,1088,817,718,780,756,561,750,1044,1358,2344,3556,1481,1294,1514,641
ACSSF,2011m1,dc,000,0095,0000006,414,470,3805,200,3805,200,191,512,330,1069,290,338,554,1005,1359,1165,1584,1136,1300,1127,1388,1714,1930,1876,2351,3767,3082,4049,1830,1578,1315,1692,1334,705,873,888,948,694,994,1226,955,938,561,644,834,871,738,926,454,4174,200,4174,397,195,124,214,752,222,743,574,792,765,1318,1046,1231,1597,1242,1351,1965,1810,2101,2338,4242,3499,3614,2132,1741,1592,1835,1727,1224,1175,898,1082,737,1021,783,1088,817,718,780,756,561,750,1044,1358,2344,3556,1481,1294,1514,641
ACSSF,2011m1,dc,000,0095,0000007,414,470,3805,200,3805,200,191,512,330,1069,290,338,554,1005,1359,1165,1584,1136,1300,1127,1388,1714,1930,1876,2351,3767,3082,4049,1830,1578,1315,1692,1334,705,873,888,948,694,994,1226,955,938,561,644,834,871,738,926,454,4174,200,4174,397,195,124,214,752,222,743,574,792,765,1318,1046,1231,1597,1242,1351,1965,1810,2101,2338,4242,3499,3614,2132,1741,1592,1835,1727,1224,1175,898,1082,737,1021,783,1088,817,718,780,756,561,750,1044,1358,2344,3556,1481,1294,1514,641
ACSSF,2011m1,dc,000,0095,0000008,414,470,3805,200,3805,200,191,512,330,1069,290,338,554,1005,1359,1165,1584,1136,1300,1127,1388,1714,1930,1876,2351,3767,3082,4049,1830,1578,1315,1692,1334,705,873,888,948,694,994,1226,955,938,561,644,834,871,738,926,454,4174,200,4174,397,195,124,214,752,222,743,574,792,765,1318,1046,1231,1597,1242,1351,1965,1810,2101,2338,4242,3499,3614,2132,1741,1592,1835,1727,1224,1175,898,1082,737,1021,783,1088,817,718,780,756,561,750,1044,1358,2344,3556,1481,1294,1514,641
ACSSF,2011m1,dc,000,0095,0000009,414,470,3805,200,3805,200,191,512,330,1069,290,338,554,1005,1359,1165,1584,1136,1300,1127,1388,1714,1930,1876,2351,3767,3082,4049,1830,1578,1315,1692,1334,705,873,888,948,694,994,1226,955,938,561,644,834,871,738,926,454,4174,200,4174,397,195,124,214,752,222,743,574,792,765,1318,1046,1231,1597,1242,1351,1965,1810,2101,2338,4242,3499,3614,2132,1741,1592,1835,1727,1224,1175,898,1082,737,1021,783,1088,817,718,780,756,561,750,1044,1358,2344,3556,1481,1294,1514,641
ACSSF,2011m1,dc,000,0095,0000010,5207,2993,2209,200,2209,200,200,200,200,175,137,200,150,294,200,305,302,363,412,280,574,525,786,681,1473,1984,911,1890,907,1011,437,296,693,90,154,199,223,217,276,435,259,655,230,245,364,393,544,653,3276,2348,200,2348,200,200,200,104,179,200,220,139,175,113,512,269,520,334,612,816,753,755,764,1460,2666,1515,2222,934,814,556,504,645,429,570,460,375,250,395,341,468,322,440,585,623,517,407,743,5513,6788,15835,12276,2325,7267,4872
ACSSF,2011m1,dc,000,0095,0000011,6792,4174,3122,200,3122,200,200,488,90,943,226,128,290,703,510,813,818,654,642,537,650,946,723,913,919,2524,1783,1949,714,300,639,363,593,511,416,186,536,288,463,542,307,479,154,294,546,314,149,304,3936,2724,200,2724,200,200,200,200,301,27,369,157,664,367,625,643,664,995,587,699,838,620,976,780,2762,1813,1748,748,371,490,835,572,335,711,395,502,452,397,323,509,446,141,133,280,195,161,281,3402,4789,9689,4973,3453,4904,2083
ACSSF,2011m1,dc,000,0095,0000012,5351,3373,2283,200,2283,200,200,100,69,129,53,125,134,491,523,513,611,602,616,489,546,563,555,782,962,2708,1508,2344,790,728,535,661,438,408,494,252,202,112,520,513,305,322,294,317,459,337,256,306,3733,2570,200,2570,263,200,200,174,326,52,412,171,309,311,520,332,581,520,500,684,1223,827,888,1060,2543,1043,2245,761,543,777,1021,492,862,353,363,389,188,563,441,466,469,206,315,276,183,234,336,3180,4844,7155,1424,3206,2721,1452
ACSSF,2011m1,dc,000,0095,0000013,5543,3200,2074,200,2074,200,191,61,249,125,74,201,378,402,597,491,663,612,542,527,644,480,843,750,545,2551,1407,2354,785,793,570,872,596,460,438,597,692,504,371,615,393,310,401,211,249,536,59,245,3721,2420,200,2420,81,143,112,200,623,141,46,512,356,445,676,639,514,895,607,389,762,678,845,558,3276,2037,2915,1005,1063,850,864,1102,587,800,535,584,479,491,372,600,250,523,313,179,93,248,205,1508,2529,6469,1661,2109,1219,672
ACSSF,2011m1,dc,000,0095,0000014,6411,4366,3206,200,3206,200,200,57,179,381,78,197,198,653,1060,599,1101,366,706,539,500,1331,1466,1138,2011,3063,1676,2760,852,475,814,1140,734,362,443,531,574,306,453,480,749,415,261,391,263,321,397,602,4067,2706,200,2706,288,130,56,63,182,164,500,58,196,133,517,679,785,709,626,771,934,1214,1350,1217,2692,1904,2442,910,1029,826,1052,660,389,454,222,445,363,399,389,184,433,264,250,288,195,413,530,4893,3882,6181,5301,5042,4568,1178
ACSSF,2011m1,dc,000,0095,0000015,414,470,3805,200,3805,200,191,512,330,1069,290,338,554,1005,1359,1165,1584,1136,1300,1127,1388,1714,1930,1876,2351,3767,3082,4049,1830,1578,1315,1692,1334,705,873,888,948,694,994,1226,955,938,561,644,834,871,738,926,454,4174,200,4174,397,195,124,214,752,222,743,574,792,765,1318,1046,1231,1597,1242,1351,1965,1810,2101,2338,4242,3499,3614,2132,1741,1592,1835,1727,1224,1175,898,1082,737,1021,783,1088,817,718,780,756,561,750,1044,1358,2344,3556,1481,1294,1514,641
