ACSSF,2011m1,dc,000,0170,0000001,418,5732,3781,3737,2036,3350,836,852,462,4159,4160,1650,3905,825,729,495,5800,3871,3706,1510,3262,879,882,239,3715,3676,1975,3243,570,567,183,5340,3287,3280,2062,2555,919,1038,602,4189,4083,2811,2637,1183,1303,554,325,8474,7823,4455,7083,3130,7138,6348,4817,5061,2863,8685,7973,6521,3744,1983,5916,5511,4988,2459,1463,7613,7554,7362,4271,2378,418,5732,5592,2906,5158,1248,1138,648,5800,5566,2784,4940,1059,1056,298,5340,5304,3517,3452,1442,1690,831
ACSSF,2011m1,dc,000,0170,0000002,418,5732,3781,3737,2036,3350,836,852,462,4159,4160,1650,3905,825,729,495,5800,3871,3706,1510,3262,879,882,239,3715,3676,1975,3243,570,567,183,5340,3287,3280,2062,2555,919,1038,602,4189,4083,2811,2637,1183,1303,554,325,8474,7823,4455,7083,3130,7138,6348,4817,5061,2863,8685,7973,6521,3744,1983,5916,5511,4988,2459,1463,7613,7554,7362,4271,2378,418,5732,5592,2906,5158,1248,1138,648,5800,5566,2784,4940,1059,1056,298,5340,5304,3517,3452,1442,1690,831
ACSSF,2011m1,dc,000,0170,0000003,418,5732,3781,3737,2036,3350,836,852,462,4159,4160,1650,3905,825,729,495,5800,3871,3706,1510,3262,879,882,239,3715,3676,1975,3243,570,567,183,5340,3287,3280,2062,2555,919,1038,602,4189,4083,2811,2637,1183,1303,554,325,8474,7823,4455,7083,3130,7138,6348,4817,5061,2863,8685,7973,6521,3744,1983,5916,5511,4988,2459,1463,7613,7554,7362,4271,2378,418,5732,5592,2906,5158,1248,1138,648,5800,5566,2784,4940,1059,1056,298,5340,5304,3517,3452,1442,1690,831
ACSSF,2011m1,dc,000,0170,0000004,418,5732,3781,3737,2036,3350,836,852,462,4159,4160,1650,3905,825,729,495,5800,3871,3706,1510,3262,879,882,239,3715,3676,1975,3243,570,567,183,5340,3287,3280,2062,2555,919,1038,602,4189,4083,2811,2637,1183,1303,554,325,8474,7823,4455,7083,3130,7138,6348,4817,5061,2863,8685,7973,6521,3744,1983,5916,5511,4988,2459,1463,7613,7554,7362,4271,2378,418,5732,5592,2906,5158,1248,1138,648,5800,5566,2784,4940,1059,1056,298,5340,5304,3517,3452,1442,1690,831
ACSSF,2011m1,dc,000,0170,0000005,418,5732,3781,3737,2036,3350,836,852,462,4159,4160,1650,3905,825,729,495,5800,3871,3706,1510,3262,879,882,239,3715,3676,1975,3243,570,567,183,5340,3287,3280,2062,2555,919,1038,602,4189,4083,2811,2637,1183,1303,554,325,8474,7823,4455,7083,3130,7138,6348,4817,5061,2863,8685,7973,6521,3744,1983,5916,5511,4988,2459,1463,7613,7554,7362,4271,2378,418,5732,5592,2906,5158,1248,1138,648,5800,5566,2784,4940,1059,1056,298,5340,5304,3517,3452,1442,1690,831
ACSSF,2011m1,dc,000,0170,0000006,418,5732,3781,3737,2036,3350,836,852,462,4159,4160,1650,3905,825,729,495,5800,3871,3706,1510,3262,879,882,239,3715,3676,1975,3243,570,567,183,5340,3287,3280,2062,2555,919,1038,602,4189,4083,2811,2637,1183,1303,554,325,8474,7823,4455,7083,3130,7138,6348,4817,5061,2863,8685,7973,6521,3744,1983,5916,5511,4988,2459,1463,7613,7554,7362,4271,2378,418,5732,5592,2906,5158,1248,1138,648,5800,5566,2784,4940,1059,1056,298,5340,5304,3517,3452,1442,1690,831
ACSSF,2011m1,dc,000,0170,0000007,418,5732,3781,3737,2036,3350,836,852,462,4159,4160,1650,3905,825,729,495,5800,3871,3706,1510,3262,879,882,239,3715,3676,1975,3243,570,567,183,5340,3287,3280,2062,2555,919,1038,602,4189,4083,2811,2637,1183,1303,554,325,8474,7823,4455,7083,3130,7138,6348,4817,5061,2863,8685,7973,6521,3744,1983,5916,5511,4988,2459,1463,7613,7554,7362,4271,2378,418,5732,5592,2906,5158,1248,1138,648,5800,5566,2784,4940,1059,1056,298,5340,5304,3517,3452,1442,1690,831
ACSSF,2011m1,dc,000,0170,0000008,418,5732,3781,3737,2036,3350,836,852,462,4159,4160,1650,3905,825,729,495,5800,3871,3706,1510,3262,879,882,239,3715,3676,1975,3243,570,567,183,5340,3287,3280,2062,2555,919,1038,602,4189,4083,2811,2637,1183,1303,554,325,8474,7823,4455,7083,3130,7138,6348,4817,5061,2863,8685,7973,6521,3744,1983,5916,5511,4988,2459,1463,7613,7554,7362,4271,2378,418,5732,5592,2906,5158,1248,1138,648,5800,5566,2784,4940,1059,1056,298,5340,5304,3517,3452,1442,1690,831
ACSSF,2011m1,dc,000,0170,0000009,418,5732,3781,3737,2036,3350,836,852,462,4159,4160,1650,3905,825,729,495,5800,3871,3706,1510,3262,879,882,239,3715,3676,1975,3243,570,567,183,5340,3287,3280,2062,2555,919,1038,602,4189,4083,2811,2637,1183,1303,554,325,8474,7823,4455,7083,3130,7138,6348,4817,5061,2863,8685,7973,6521,3744,1983,5916,5511,4988,2459,1463,7613,7554,7362,4271,2378,418,5732,5592,2906,5158,1248,1138,648,5800,5566,2784,4940,1059,1056,298,5340,5304,3517,3452,1442,1690,831
ACSSF,2011m1,dc,000,0170,0000010,5157,3543,2206,2055,153,2051,635,613,209,2347,2319,253,2308,500,480,210,2914,1708,1609,155,1601,554,554,62,2006,1959,185,1962,327,327,200,2766,1303,1173,488,1047,625,592,289,1913,1690,351,1622,863,863,239,5385,2625,2396,2319,674,554,2128,1722,1615,855,1013,2698,2438,2435,527,795,2235,2187,2186,447,555,4681,4931,4917,1353,1736,5157,3543,3384,342,3356,899,854,322,2914,2732,238,2710,660,663,62,2766,2493,626,2287,1129,1104,364
ACSSF,2011m1,dc,000,0170,0000011,6133,4604,3091,3069,1237,2684,322,205,271,2735,2831,850,2579,418,330,276,2235,1348,1402,681,1144,287,261,108,1509,1512,692,1276,376,376,200,2850,1848,1794,1445,1083,697,698,123,1813,1754,1207,1091,784,759,199,8708,4238,3456,2237,3043,2302,3795,3437,2542,2519,986,4725,4365,3386,2339,1328,2421,2295,2083,1863,446,5269,5159,4660,2091,1107,6133,4604,4619,1498,3988,489,372,379,2235,2323,1109,1901,520,514,108,2850,2834,2082,1758,1020,980,224
ACSSF,2011m1,dc,000,0170,0000012,5079,3454,2014,1947,413,1938,348,330,119,2559,2559,618,2455,389,380,63,2209,1765,1767,747,1484,263,263,200,1531,1510,721,1455,240,217,105,2727,1733,1481,998,1105,790,793,280,1872,1533,1403,790,998,958,333,6345,2655,2562,1932,2296,691,2989,2286,1876,1696,1739,3302,3179,2875,1604,448,2702,2557,2395,855,506,4479,4336,4326,1369,659,5079,3454,3350,738,3335,528,472,141,2209,2206,1100,2028,345,322,105,2727,2344,1843,1283,1384,1334,508
ACSSF,2011m1,dc,000,0170,0000013,5191,3440,1990,2007,747,1856,270,270,200,2414,2301,1128,1950,384,236,271,2663,1685,1574,935,1301,503,503,200,1832,1828,1383,1319,317,296,151,3428,1870,1731,1467,926,762,761,206,2767,2589,2123,1257,1062,1043,351,7220,6050,5798,2201,5294,1156,5062,4629,2993,3873,1074,4050,3905,2500,2391,589,2728,2479,2014,1432,604,3728,3580,2699,2594,746,5191,3440,3357,1511,2941,512,411,271,2663,2528,1681,2009,659,628,151,3428,3184,2561,1560,1315,1327,371
ACSSF,2011m1,dc,000,0170,0000014,6472,4107,3190,3168,1070,2969,455,385,280,2704,2661,671,2675,290,223,192,3131,1958,1956,785,1818,306,247,208,1964,1952,796,1822,347,347,200,3247,2158,1884,1300,1429,966,810,413,2184,2037,1349,1713,905,905,200,6962,3532,3428,1916,3217,1195,2689,2133,1927,1681,1130,3512,3108,2214,1682,850,2595,2375,2387,532,924,4914,4948,4568,2137,450,6472,4107,4076,1352,3851,551,470,304,3131,3088,1372,2854,529,459,208,3247,2889,1998,2360,1482,1358,413
ACSSF,2011m1,dc,000,0170,0000015,418,5732,3781,3737,2036,3350,836,852,462,4159,4160,1650,3905,825,729,495,5800,3871,3706,1510,3262,879,882,239,3715,3676,1975,3243,570,567,183,5340,3287,3280,2062,2555,919,1038,602,4189,4083,2811,2637,1183,1303,554,325,8474,7823,4455,7083,3130,7138,6348,4817,5061,2863,8685,7973,6521,3744,1983,5916,5511,4988,2459,1463,7613,7554,7362,4271,2378,418,5732,5592,2906,5158,1248,1138,648,5800,5566,2784,4940,1059,1056,298,5340,5304,3517,3452,1442,1690,831
