ACSSF,2011m1,dc,000,0075,0000001,,,,,,,,,,,,,,,,,,,,,,,,,,,,,,,,,,,,,,,,,,,,,,,,,,,,,,,,,,,,,,,,,,,,,,,,,,,,,,,,,,,3666,2027,759,592,2076,732,663,1862,1601,3750,3009,1812,3014,1575,1065,2514,1956,1989,642,556,488,241,200,200,241,128,2074,2174,1224,1090,751,604,743,407,2547,1982,592,405,1994,632,542,1864,1593,2620,1467,1038,2620,1124,702,2296,1830,,,,,,,,,,,,,,,,,,,,,,,,,,,,,,,,,,,,,,,,,,,,,,,,,,,,,,,,,,,,,,,,,,,,,,,,,,,,,,,,,,,,,,,,,,,,,,,,,,,,,,
ACSSF,2011m1,dc,000,0075,0000002,,,,,,,,,,,,,,,,,,,,,,,,,,,,,,,,,,,,,,,,,,,,,,,,,,,,,,,,,,,,,,,,,,,,,,,,,,,,,,,,,,,3666,2027,759,592,2076,732,663,1862,1601,3750,3009,1812,3014,1575,1065,2514,1956,1989,642,556,488,241,200,200,241,128,2074,2174,1224,1090,751,604,743,407,2547,1982,592,405,1994,632,542,1864,1593,2620,1467,1038,2620,1124,702,2296,1830,,,,,,,,,,,,,,,,,,,,,,,,,,,,,,,,,,,,,,,,,,,,,,,,,,,,,,,,,,,,,,,,,,,,,,,,,,,,,,,,,,,,,,,,,,,,,,,,,,,,,,
ACSSF,2011m1,dc,000,0075,0000003,,,,,,,,,,,,,,,,,,,,,,,,,,,,,,,,,,,,,,,,,,,,,,,,,,,,,,,,,,,,,,,,,,,,,,,,,,,,,,,,,,,3666,2027,759,592,2076,732,663,1862,1601,3750,3009,1812,3014,1575,1065,2514,1956,1989,642,556,488,241,200,200,241,128,2074,2174,1224,1090,751,604,743,407,2547,1982,592,405,1994,632,542,1864,1593,2620,1467,1038,2620,1124,702,2296,1830,,,,,,,,,,,,,,,,,,,,,,,,,,,,,,,,,,,,,,,,,,,,,,,,,,,,,,,,,,,,,,,,,,,,,,,,,,,,,,,,,,,,,,,,,,,,,,,,,,,,,,
ACSSF,2011m1,dc,000,0075,0000004,,,,,,,,,,,,,,,,,,,,,,,,,,,,,,,,,,,,,,,,,,,,,,,,,,,,,,,,,,,,,,,,,,,,,,,,,,,,,,,,,,,3666,2027,759,592,2076,732,663,1862,1601,3750,3009,1812,3014,1575,1065,2514,1956,1989,642,556,488,241,200,200,241,128,2074,2174,1224,1090,751,604,743,407,2547,1982,592,405,1994,632,542,1864,1593,2620,1467,1038,2620,1124,702,2296,1830,,,,,,,,,,,,,,,,,,,,,,,,,,,,,,,,,,,,,,,,,,,,,,,,,,,,,,,,,,,,,,,,,,,,,,,,,,,,,,,,,,,,,,,,,,,,,,,,,,,,,,
ACSSF,2011m1,dc,000,0075,0000005,,,,,,,,,,,,,,,,,,,,,,,,,,,,,,,,,,,,,,,,,,,,,,,,,,,,,,,,,,,,,,,,,,,,,,,,,,,,,,,,,,,3666,2027,759,592,2076,732,663,1862,1601,3750,3009,1812,3014,1575,1065,2514,1956,1989,642,556,488,241,200,200,241,128,2074,2174,1224,1090,751,604,743,407,2547,1982,592,405,1994,632,542,1864,1593,2620,1467,1038,2620,1124,702,2296,1830,,,,,,,,,,,,,,,,,,,,,,,,,,,,,,,,,,,,,,,,,,,,,,,,,,,,,,,,,,,,,,,,,,,,,,,,,,,,,,,,,,,,,,,,,,,,,,,,,,,,,,
ACSSF,2011m1,dc,000,0075,0000006,,,,,,,,,,,,,,,,,,,,,,,,,,,,,,,,,,,,,,,,,,,,,,,,,,,,,,,,,,,,,,,,,,,,,,,,,,,,,,,,,,,3666,2027,759,592,2076,732,663,1862,1601,3750,3009,1812,3014,1575,1065,2514,1956,1989,642,556,488,241,200,200,241,128,2074,2174,1224,1090,751,604,743,407,2547,1982,592,405,1994,632,542,1864,1593,2620,1467,1038,2620,1124,702,2296,1830,,,,,,,,,,,,,,,,,,,,,,,,,,,,,,,,,,,,,,,,,,,,,,,,,,,,,,,,,,,,,,,,,,,,,,,,,,,,,,,,,,,,,,,,,,,,,,,,,,,,,,
ACSSF,2011m1,dc,000,0075,0000007,,,,,,,,,,,,,,,,,,,,,,,,,,,,,,,,,,,,,,,,,,,,,,,,,,,,,,,,,,,,,,,,,,,,,,,,,,,,,,,,,,,3666,2027,759,592,2076,732,663,1862,1601,3750,3009,1812,3014,1575,1065,2514,1956,1989,642,556,488,241,200,200,241,128,2074,2174,1224,1090,751,604,743,407,2547,1982,592,405,1994,632,542,1864,1593,2620,1467,1038,2620,1124,702,2296,1830,,,,,,,,,,,,,,,,,,,,,,,,,,,,,,,,,,,,,,,,,,,,,,,,,,,,,,,,,,,,,,,,,,,,,,,,,,,,,,,,,,,,,,,,,,,,,,,,,,,,,,
ACSSF,2011m1,dc,000,0075,0000008,,,,,,,,,,,,,,,,,,,,,,,,,,,,,,,,,,,,,,,,,,,,,,,,,,,,,,,,,,,,,,,,,,,,,,,,,,,,,,,,,,,3666,2027,759,592,2076,732,663,1862,1601,3750,3009,1812,3014,1575,1065,2514,1956,1989,642,556,488,241,200,200,241,128,2074,2174,1224,1090,751,604,743,407,2547,1982,592,405,1994,632,542,1864,1593,2620,1467,1038,2620,1124,702,2296,1830,,,,,,,,,,,,,,,,,,,,,,,,,,,,,,,,,,,,,,,,,,,,,,,,,,,,,,,,,,,,,,,,,,,,,,,,,,,,,,,,,,,,,,,,,,,,,,,,,,,,,,
ACSSF,2011m1,dc,000,0075,0000009,,,,,,,,,,,,,,,,,,,,,,,,,,,,,,,,,,,,,,,,,,,,,,,,,,,,,,,,,,,,,,,,,,,,,,,,,,,,,,,,,,,3666,2027,759,592,2076,732,663,1862,1601,3750,3009,1812,3014,1575,1065,2514,1956,1989,642,556,488,241,200,200,241,128,2074,2174,1224,1090,751,604,743,407,2547,1982,592,405,1994,632,542,1864,1593,2620,1467,1038,2620,1124,702,2296,1830,,,,,,,,,,,,,,,,,,,,,,,,,,,,,,,,,,,,,,,,,,,,,,,,,,,,,,,,,,,,,,,,,,,,,,,,,,,,,,,,,,,,,,,,,,,,,,,,,,,,,,
ACSSF,2011m1,dc,000,0075,0000010,,,,,,,,,,,,,,,,,,,,,,,,,,,,,,,,,,,,,,,,,,,,,,,,,,,,,,,,,,,,,,,,,,,,,,,,,,,,,,,,,,,,,,,,,,,,,,,,,,,,,,,,,,,,,,,,,,,,,,,,,,,,,,,,,,,,,,,,,,,,,,,,,,,,,,,,,,,,,,,,,,,,,,,,,,,,,,,,,,,,,,,,,,,,,,,,,,,,,,,,,,,,,,,,,,,,,,,,,,,,,,,,,,,,,,,,,,,
ACSSF,2011m1,dc,000,0075,0000011,,,,,,,,,,,,,,,,,,,,,,,,,,,,,,,,,,,,,,,,,,,,,,,,,,,,,,,,,,,,,,,,,,,,,,,,,,,,,,,,,,,2240,1022,397,288,906,374,374,828,559,2083,1392,953,1605,901,774,1316,1086,1071,230,200,200,230,200,200,230,128,1050,861,456,586,339,322,383,254,1605,865,383,281,771,294,294,725,452,1530,912,558,1233,518,304,1170,989,,,,,,,,,,,,,,,,,,,,,,,,,,,,,,,,,,,,,,,,,,,,,,,,,,,,,,,,,,,,,,,,,,,,,,,,,,,,,,,,,,,,,,,,,,,,,,,,,,,,,,
ACSSF,2011m1,dc,000,0075,0000012,,,,,,,,,,,,,,,,,,,,,,,,,,,,,,,,,,,,,,,,,,,,,,,,,,,,,,,,,,,,,,,,,,,,,,,,,,,,,,,,,,,1715,670,153,85,665,273,114,612,510,1732,1172,785,1321,658,480,1110,834,,,,,,,,,,,,,,,,,,1500,635,144,85,632,273,114,562,489,1407,702,470,1274,587,424,1078,790,,,,,,,,,,,,,,,,,,,,,,,,,,,,,,,,,,,,,,,,,,,,,,,,,,,,,,,,,,,,,,,,,,,,,,,,,,,,,,,,,,,,,,,,,,,,,,,,,,,,,,
ACSSF,2011m1,dc,000,0075,0000013,,,,,,,,,,,,,,,,,,,,,,,,,,,,,,,,,,,,,,,,,,,,,,,,,,,,,,,,,,,,,,,,,,,,,,,,,,,,,,,,,,,2597,1695,376,273,1654,481,421,1580,1447,2253,1204,758,1942,854,489,1730,1440,,,,,,,,,,,,,,,,,,2601,1686,376,273,1645,474,413,1578,1439,2267,1143,706,1939,854,467,1723,1430,,,,,,,,,,,,,,,,,,,,,,,,,,,,,,,,,,,,,,,,,,,,,,,,,,,,,,,,,,,,,,,,,,,,,,,,,,,,,,,,,,,,,,,,,,,,,,,,,,,,,,
ACSSF,2011m1,dc,000,0075,0000014,,,,,,,,,,,,,,,,,,,,,,,,,,,,,,,,,,,,,,,,,,,,,,,,,,,,,,,,,,,,,,,,,,,,,,,,,,,,,,,,,,,2095,758,550,504,724,441,441,581,542,2042,1650,543,1364,903,546,965,583,1647,488,488,488,200,200,200,200,200,1597,1473,476,862,712,527,390,175,1291,575,198,111,584,59,59,581,542,1147,425,133,1102,655,127,811,516,,,,,,,,,,,,,,,,,,,,,,,,,,,,,,,,,,,,,,,,,,,,,,,,,,,,,,,,,,,,,,,,,,,,,,,,,,,,,,,,,,,,,,,,,,,,,,,,,,,,,,
ACSSF,2011m1,dc,000,0075,0000015,,,,,,,,,,,,,,,,,,,,,,,,,,,,,,,,,,,,,,,,,,,,,,,,,,,,,,,,,,,,,,,,,,,,,,,,,,,,,,,,,,,3666,2027,759,592,2076,732,663,1862,1601,3750,3009,1812,3014,1575,1065,2514,1956,1989,642,556,488,241,200,200,241,128,2074,2174,1224,1090,751,604,743,407,2547,1982,592,405,1994,632,542,1864,1593,2620,1467,1038,2620,1124,702,2296,1830,,,,,,,,,,,,,,,,,,,,,,,,,,,,,,,,,,,,,,,,,,,,,,,,,,,,,,,,,,,,,,,,,,,,,,,,,,,,,,,,,,,,,,,,,,,,,,,,,,,,,,
