ACSSF,2011m1,dc,000,0090,0000001,2873,1163,605,414,403,468,449,160,231,272,200,200,2129,1253,740,963,985,1534,1418,1129,869,715,355,2233,1252,821,1143,1103,1045,1276,1020,1082,685,468,1142,861,802,1071,703,704,800,617,609,302,297,,,,,,,,,,,,,,,,,,,,,,,,,,,,,,,,,,,,,,,,,,,,,,,,,,,,,,,,,,,,,,,,,,,,,,,,,,,,,,,,,,,,,,,,,,,,,,,,,,,,,,,,,,,,,,,,,,,,,,,,,,,,,,,,,,,,,,,,,,,,,,,,,,,,,,,,,,,,,,,,,,,,,,,,,,,,,,,,,,,,
ACSSF,2011m1,dc,000,0090,0000002,2873,1163,605,414,403,468,449,160,231,272,200,200,2129,1253,740,963,985,1534,1418,1129,869,715,355,2233,1252,821,1143,1103,1045,1276,1020,1082,685,468,1142,861,802,1071,703,704,800,617,609,302,297,,,,,,,,,,,,,,,,,,,,,,,,,,,,,,,,,,,,,,,,,,,,,,,,,,,,,,,,,,,,,,,,,,,,,,,,,,,,,,,,,,,,,,,,,,,,,,,,,,,,,,,,,,,,,,,,,,,,,,,,,,,,,,,,,,,,,,,,,,,,,,,,,,,,,,,,,,,,,,,,,,,,,,,,,,,,,,,,,,,,
ACSSF,2011m1,dc,000,0090,0000003,2873,1163,605,414,403,468,449,160,231,272,200,200,2129,1253,740,963,985,1534,1418,1129,869,715,355,2233,1252,821,1143,1103,1045,1276,1020,1082,685,468,1142,861,802,1071,703,704,800,617,609,302,297,,,,,,,,,,,,,,,,,,,,,,,,,,,,,,,,,,,,,,,,,,,,,,,,,,,,,,,,,,,,,,,,,,,,,,,,,,,,,,,,,,,,,,,,,,,,,,,,,,,,,,,,,,,,,,,,,,,,,,,,,,,,,,,,,,,,,,,,,,,,,,,,,,,,,,,,,,,,,,,,,,,,,,,,,,,,,,,,,,,,
ACSSF,2011m1,dc,000,0090,0000004,2873,1163,605,414,403,468,449,160,231,272,200,200,2129,1253,740,963,985,1534,1418,1129,869,715,355,2233,1252,821,1143,1103,1045,1276,1020,1082,685,468,1142,861,802,1071,703,704,800,617,609,302,297,,,,,,,,,,,,,,,,,,,,,,,,,,,,,,,,,,,,,,,,,,,,,,,,,,,,,,,,,,,,,,,,,,,,,,,,,,,,,,,,,,,,,,,,,,,,,,,,,,,,,,,,,,,,,,,,,,,,,,,,,,,,,,,,,,,,,,,,,,,,,,,,,,,,,,,,,,,,,,,,,,,,,,,,,,,,,,,,,,,,
ACSSF,2011m1,dc,000,0090,0000005,2873,1163,605,414,403,468,449,160,231,272,200,200,2129,1253,740,963,985,1534,1418,1129,869,715,355,2233,1252,821,1143,1103,1045,1276,1020,1082,685,468,1142,861,802,1071,703,704,800,617,609,302,297,,,,,,,,,,,,,,,,,,,,,,,,,,,,,,,,,,,,,,,,,,,,,,,,,,,,,,,,,,,,,,,,,,,,,,,,,,,,,,,,,,,,,,,,,,,,,,,,,,,,,,,,,,,,,,,,,,,,,,,,,,,,,,,,,,,,,,,,,,,,,,,,,,,,,,,,,,,,,,,,,,,,,,,,,,,,,,,,,,,,
ACSSF,2011m1,dc,000,0090,0000006,2873,1163,605,414,403,468,449,160,231,272,200,200,2129,1253,740,963,985,1534,1418,1129,869,715,355,2233,1252,821,1143,1103,1045,1276,1020,1082,685,468,1142,861,802,1071,703,704,800,617,609,302,297,,,,,,,,,,,,,,,,,,,,,,,,,,,,,,,,,,,,,,,,,,,,,,,,,,,,,,,,,,,,,,,,,,,,,,,,,,,,,,,,,,,,,,,,,,,,,,,,,,,,,,,,,,,,,,,,,,,,,,,,,,,,,,,,,,,,,,,,,,,,,,,,,,,,,,,,,,,,,,,,,,,,,,,,,,,,,,,,,,,,
ACSSF,2011m1,dc,000,0090,0000007,2873,1163,605,414,403,468,449,160,231,272,200,200,2129,1253,740,963,985,1534,1418,1129,869,715,355,2233,1252,821,1143,1103,1045,1276,1020,1082,685,468,1142,861,802,1071,703,704,800,617,609,302,297,,,,,,,,,,,,,,,,,,,,,,,,,,,,,,,,,,,,,,,,,,,,,,,,,,,,,,,,,,,,,,,,,,,,,,,,,,,,,,,,,,,,,,,,,,,,,,,,,,,,,,,,,,,,,,,,,,,,,,,,,,,,,,,,,,,,,,,,,,,,,,,,,,,,,,,,,,,,,,,,,,,,,,,,,,,,,,,,,,,,
ACSSF,2011m1,dc,000,0090,0000008,2873,1163,605,414,403,468,449,160,231,272,200,200,2129,1253,740,963,985,1534,1418,1129,869,715,355,2233,1252,821,1143,1103,1045,1276,1020,1082,685,468,1142,861,802,1071,703,704,800,617,609,302,297,,,,,,,,,,,,,,,,,,,,,,,,,,,,,,,,,,,,,,,,,,,,,,,,,,,,,,,,,,,,,,,,,,,,,,,,,,,,,,,,,,,,,,,,,,,,,,,,,,,,,,,,,,,,,,,,,,,,,,,,,,,,,,,,,,,,,,,,,,,,,,,,,,,,,,,,,,,,,,,,,,,,,,,,,,,,,,,,,,,,
ACSSF,2011m1,dc,000,0090,0000009,2873,1163,605,414,403,468,449,160,231,272,200,200,2129,1253,740,963,985,1534,1418,1129,869,715,355,2233,1252,821,1143,1103,1045,1276,1020,1082,685,468,1142,861,802,1071,703,704,800,617,609,302,297,,,,,,,,,,,,,,,,,,,,,,,,,,,,,,,,,,,,,,,,,,,,,,,,,,,,,,,,,,,,,,,,,,,,,,,,,,,,,,,,,,,,,,,,,,,,,,,,,,,,,,,,,,,,,,,,,,,,,,,,,,,,,,,,,,,,,,,,,,,,,,,,,,,,,,,,,,,,,,,,,,,,,,,,,,,,,,,,,,,,
ACSSF,2011m1,dc,000,0090,0000010,,,,,,,,,,,,,,,,,,,,,,,,,,,,,,,,,,,,,,,,,,,,,,,,,,,,,,,,,,,,,,,,,,,,,,,,,,,,,,,,,,,,,,,,,,,,,,,,,,,,,,,,,,,,,,,,,,,,,,,,,,,,,,,,,,,,,,,,,,,,,,,,,,,,,,,,,,,,,,,,,,,,,,,,,,,,,,,,,,,,,,,,,,,,,,,,,,,,,,,,,,,,,,,,,,,,,,,,,,,,,,,,,
ACSSF,2011m1,dc,000,0090,0000011,2213,440,139,200,247,294,145,200,200,200,200,200,1307,442,200,364,293,569,713,445,527,130,205,1461,643,296,359,474,397,594,651,439,181,271,873,475,241,209,250,387,340,248,359,279,140,,,,,,,,,,,,,,,,,,,,,,,,,,,,,,,,,,,,,,,,,,,,,,,,,,,,,,,,,,,,,,,,,,,,,,,,,,,,,,,,,,,,,,,,,,,,,,,,,,,,,,,,,,,,,,,,,,,,,,,,,,,,,,,,,,,,,,,,,,,,,,,,,,,,,,,,,,,,,,,,,,,,,,,,,,,,,,,,,,,,
ACSSF,2011m1,dc,000,0090,0000012,1731,249,200,182,112,200,200,91,200,118,200,200,1245,382,174,411,394,395,765,791,492,282,194,1294,493,320,452,497,496,580,420,607,231,174,929,579,480,364,409,470,417,341,179,141,133,,,,,,,,,,,,,,,,,,,,,,,,,,,,,,,,,,,,,,,,,,,,,,,,,,,,,,,,,,,,,,,,,,,,,,,,,,,,,,,,,,,,,,,,,,,,,,,,,,,,,,,,,,,,,,,,,,,,,,,,,,,,,,,,,,,,,,,,,,,,,,,,,,,,,,,,,,,,,,,,,,,,,,,,,,,,,,,,,,,,
ACSSF,2011m1,dc,000,0090,0000013,2855,923,557,355,315,392,361,105,231,212,200,200,1946,993,700,847,793,1132,922,749,494,487,200,2049,887,637,823,727,962,764,614,486,518,271,1277,394,506,723,430,386,522,377,293,46,152,,,,,,,,,,,,,,,,,,,,,,,,,,,,,,,,,,,,,,,,,,,,,,,,,,,,,,,,,,,,,,,,,,,,,,,,,,,,,,,,,,,,,,,,,,,,,,,,,,,,,,,,,,,,,,,,,,,,,,,,,,,,,,,,,,,,,,,,,,,,,,,,,,,,,,,,,,,,,,,,,,,,,,,,,,,,,,,,,,,,
ACSSF,2011m1,dc,000,0090,0000014,1754,368,211,120,200,244,200,74,200,42,200,200,1059,685,200,292,347,523,453,299,362,337,241,1293,602,351,351,298,326,623,292,502,141,218,1009,315,481,691,138,325,224,112,358,200,91,,,,,,,,,,,,,,,,,,,,,,,,,,,,,,,,,,,,,,,,,,,,,,,,,,,,,,,,,,,,,,,,,,,,,,,,,,,,,,,,,,,,,,,,,,,,,,,,,,,,,,,,,,,,,,,,,,,,,,,,,,,,,,,,,,,,,,,,,,,,,,,,,,,,,,,,,,,,,,,,,,,,,,,,,,,,,,,,,,,,
ACSSF,2011m1,dc,000,0090,0000015,2873,1163,605,414,403,468,449,160,231,272,200,200,2129,1253,740,963,985,1534,1418,1129,869,715,355,2233,1252,821,1143,1103,1045,1276,1020,1082,685,468,1142,861,802,1071,703,704,800,617,609,302,297,,,,,,,,,,,,,,,,,,,,,,,,,,,,,,,,,,,,,,,,,,,,,,,,,,,,,,,,,,,,,,,,,,,,,,,,,,,,,,,,,,,,,,,,,,,,,,,,,,,,,,,,,,,,,,,,,,,,,,,,,,,,,,,,,,,,,,,,,,,,,,,,,,,,,,,,,,,,,,,,,,,,,,,,,,,,,,,,,,,,
