ACSSF,2011m1,dc,000,0129,0000001,5456,135,2085,863,635,2127,1984,1708,2571,4012,3838,3108,2479,3079,4429,135,719,667,200,607,660,1515,2261,3502,2979,1267,1992,2734,4126,200,491,194,200,316,393,296,784,1571,1960,2400,1402,952,3911,200,374,225,505,1883,1265,729,971,1372,1855,983,797,1309,2192,200,1765,200,66,336,263,460,211,345,643,103,306,153,2027,200,234,533,261,475,1280,211,444,412,413,312,509,648
ACSSF,2011m1,dc,000,0129,0000002,5456,135,2085,863,635,2127,1984,1708,2571,4012,3838,3108,2479,3079,4429,135,719,667,200,607,660,1515,2261,3502,2979,1267,1992,2734,4126,200,491,194,200,316,393,296,784,1571,1960,2400,1402,952,3911,200,374,225,505,1883,1265,729,971,1372,1855,983,797,1309,2192,200,1765,200,66,336,263,460,211,345,643,103,306,153,2027,200,234,533,261,475,1280,211,444,412,413,312,509,648
ACSSF,2011m1,dc,000,0129,0000003,5456,135,2085,863,635,2127,1984,1708,2571,4012,3838,3108,2479,3079,4429,135,719,667,200,607,660,1515,2261,3502,2979,1267,1992,2734,4126,200,491,194,200,316,393,296,784,1571,1960,2400,1402,952,3911,200,374,225,505,1883,1265,729,971,1372,1855,983,797,1309,2192,200,1765,200,66,336,263,460,211,345,643,103,306,153,2027,200,234,533,261,475,1280,211,444,412,413,312,509,648
ACSSF,2011m1,dc,000,0129,0000004,5456,135,2085,863,635,2127,1984,1708,2571,4012,3838,3108,2479,3079,4429,135,719,667,200,607,660,1515,2261,3502,2979,1267,1992,2734,4126,200,491,194,200,316,393,296,784,1571,1960,2400,1402,952,3911,200,374,225,505,1883,1265,729,971,1372,1855,983,797,1309,2192,200,1765,200,66,336,263,460,211,345,643,103,306,153,2027,200,234,533,261,475,1280,211,444,412,413,312,509,648
ACSSF,2011m1,dc,000,0129,0000005,5456,135,2085,863,635,2127,1984,1708,2571,4012,3838,3108,2479,3079,4429,135,719,667,200,607,660,1515,2261,3502,2979,1267,1992,2734,4126,200,491,194,200,316,393,296,784,1571,1960,2400,1402,952,3911,200,374,225,505,1883,1265,729,971,1372,1855,983,797,1309,2192,200,1765,200,66,336,263,460,211,345,643,103,306,153,2027,200,234,533,261,475,1280,211,444,412,413,312,509,648
ACSSF,2011m1,dc,000,0129,0000006,5456,135,2085,863,635,2127,1984,1708,2571,4012,3838,3108,2479,3079,4429,135,719,667,200,607,660,1515,2261,3502,2979,1267,1992,2734,4126,200,491,194,200,316,393,296,784,1571,1960,2400,1402,952,3911,200,374,225,505,1883,1265,729,971,1372,1855,983,797,1309,2192,200,1765,200,66,336,263,460,211,345,643,103,306,153,2027,200,234,533,261,475,1280,211,444,412,413,312,509,648
ACSSF,2011m1,dc,000,0129,0000007,5456,135,2085,863,635,2127,1984,1708,2571,4012,3838,3108,2479,3079,4429,135,719,667,200,607,660,1515,2261,3502,2979,1267,1992,2734,4126,200,491,194,200,316,393,296,784,1571,1960,2400,1402,952,3911,200,374,225,505,1883,1265,729,971,1372,1855,983,797,1309,2192,200,1765,200,66,336,263,460,211,345,643,103,306,153,2027,200,234,533,261,475,1280,211,444,412,413,312,509,648
ACSSF,2011m1,dc,000,0129,0000008,5456,135,2085,863,635,2127,1984,1708,2571,4012,3838,3108,2479,3079,4429,135,719,667,200,607,660,1515,2261,3502,2979,1267,1992,2734,4126,200,491,194,200,316,393,296,784,1571,1960,2400,1402,952,3911,200,374,225,505,1883,1265,729,971,1372,1855,983,797,1309,2192,200,1765,200,66,336,263,460,211,345,643,103,306,153,2027,200,234,533,261,475,1280,211,444,412,413,312,509,648
ACSSF,2011m1,dc,000,0129,0000009,5456,135,2085,863,635,2127,1984,1708,2571,4012,3838,3108,2479,3079,4429,135,719,667,200,607,660,1515,2261,3502,2979,1267,1992,2734,4126,200,491,194,200,316,393,296,784,1571,1960,2400,1402,952,3911,200,374,225,505,1883,1265,729,971,1372,1855,983,797,1309,2192,200,1765,200,66,336,263,460,211,345,643,103,306,153,2027,200,234,533,261,475,1280,211,444,412,413,312,509,648
ACSSF,2011m1,dc,000,0129,0000010,,,,,,,,,,,,,,,,,,,,,,,,,,,,,,,,,,,,,,,,,,,,,,,,,,,,,,,,,,,,,,,,,,,,,,,,,,,,,,,,,,,,
ACSSF,2011m1,dc,000,0129,0000011,,,,,,,,,,,,,,,,,,,,,,,,,,,,,,,,,,,,,,,,,,,,,,,,,,,,,,,,,,,,,,,,,,,,,,,,,,,,,,,,,,,,
ACSSF,2011m1,dc,000,0129,0000012,3716,200,519,225,183,1000,942,660,632,1632,1651,1193,1221,1935,2893,200,246,182,200,155,441,647,519,1332,1272,537,957,1423,1716,200,200,200,200,187,306,200,139,616,742,954,654,510,1651,200,256,120,151,965,226,294,391,543,499,355,334,710,592,200,394,200,66,200,144,76,37,129,363,90,287,200,837,200,200,116,58,139,602,46,200,330,143,200,105,130
ACSSF,2011m1,dc,000,0129,0000013,3838,200,1026,440,258,1163,1104,413,1016,1557,1765,1088,945,1172,2252,200,286,403,200,261,367,388,642,1356,1017,344,703,917,1844,200,200,200,200,240,135,200,475,892,964,764,455,520,1890,200,200,72,182,1000,555,213,572,616,778,522,273,614,1210,200,940,200,200,280,216,66,108,146,410,200,42,150,1270,200,216,160,162,167,875,200,377,204,362,200,443,358
ACSSF,2011m1,dc,000,0129,0000014,,,,,,,,,,,,,,,,,,,,,,,,,,,,,,,,,,,,,,,,,,,,,,,,,,,,,,,,,,,,,,,,,,,,,,,,,,,,,,,,,,,,
ACSSF,2011m1,dc,000,0129,0000015,5456,135,2085,863,635,2127,1984,1708,2571,4012,3838,3108,2479,3079,4429,135,719,667,200,607,660,1515,2261,3502,2979,1267,1992,2734,4126,200,491,194,200,316,393,296,784,1571,1960,2400,1402,952,3911,200,374,225,505,1883,1265,729,971,1372,1855,983,797,1309,2192,200,1765,200,66,336,263,460,211,345,643,103,306,153,2027,200,234,533,261,475,1280,211,444,412,413,312,509,648
