ACSSF,2011m1,dc,000,0087,0000001,2873,1163,605,414,396,67,468,200,312,159,178,160,200,231,272,200,200,200,2129,1253,740,577,811,605,717,813,1002,744,963,1025,1129,836,511,715,355,2233,1252,821,692,852,515,874,591,762,687,742,1285,1020,946,510,685,468,1142,861,802,867,658,506,470,498,364,500,604,610,617,507,353,302,297,,,,,,,,,,,,,,,,,,,,,,,,,,,,,,,,,,,,,,,,,,,,,,,,,,,,,,,,,,,,,,,,,,,,,,,,,,,,,,,,,,,,,,,,,,,,,,,,,,,,,,,,,,,,,,,,,,,,,,,,,,,,,,,,,,,,,,,,,,
ACSSF,2011m1,dc,000,0087,0000002,2873,1163,605,414,396,67,468,200,312,159,178,160,200,231,272,200,200,200,2129,1253,740,577,811,605,717,813,1002,744,963,1025,1129,836,511,715,355,2233,1252,821,692,852,515,874,591,762,687,742,1285,1020,946,510,685,468,1142,861,802,867,658,506,470,498,364,500,604,610,617,507,353,302,297,,,,,,,,,,,,,,,,,,,,,,,,,,,,,,,,,,,,,,,,,,,,,,,,,,,,,,,,,,,,,,,,,,,,,,,,,,,,,,,,,,,,,,,,,,,,,,,,,,,,,,,,,,,,,,,,,,,,,,,,,,,,,,,,,,,,,,,,,,
ACSSF,2011m1,dc,000,0087,0000003,2873,1163,605,414,396,67,468,200,312,159,178,160,200,231,272,200,200,200,2129,1253,740,577,811,605,717,813,1002,744,963,1025,1129,836,511,715,355,2233,1252,821,692,852,515,874,591,762,687,742,1285,1020,946,510,685,468,1142,861,802,867,658,506,470,498,364,500,604,610,617,507,353,302,297,,,,,,,,,,,,,,,,,,,,,,,,,,,,,,,,,,,,,,,,,,,,,,,,,,,,,,,,,,,,,,,,,,,,,,,,,,,,,,,,,,,,,,,,,,,,,,,,,,,,,,,,,,,,,,,,,,,,,,,,,,,,,,,,,,,,,,,,,,
ACSSF,2011m1,dc,000,0087,0000004,2873,1163,605,414,396,67,468,200,312,159,178,160,200,231,272,200,200,200,2129,1253,740,577,811,605,717,813,1002,744,963,1025,1129,836,511,715,355,2233,1252,821,692,852,515,874,591,762,687,742,1285,1020,946,510,685,468,1142,861,802,867,658,506,470,498,364,500,604,610,617,507,353,302,297,,,,,,,,,,,,,,,,,,,,,,,,,,,,,,,,,,,,,,,,,,,,,,,,,,,,,,,,,,,,,,,,,,,,,,,,,,,,,,,,,,,,,,,,,,,,,,,,,,,,,,,,,,,,,,,,,,,,,,,,,,,,,,,,,,,,,,,,,,
ACSSF,2011m1,dc,000,0087,0000005,2873,1163,605,414,396,67,468,200,312,159,178,160,200,231,272,200,200,200,2129,1253,740,577,811,605,717,813,1002,744,963,1025,1129,836,511,715,355,2233,1252,821,692,852,515,874,591,762,687,742,1285,1020,946,510,685,468,1142,861,802,867,658,506,470,498,364,500,604,610,617,507,353,302,297,,,,,,,,,,,,,,,,,,,,,,,,,,,,,,,,,,,,,,,,,,,,,,,,,,,,,,,,,,,,,,,,,,,,,,,,,,,,,,,,,,,,,,,,,,,,,,,,,,,,,,,,,,,,,,,,,,,,,,,,,,,,,,,,,,,,,,,,,,
ACSSF,2011m1,dc,000,0087,0000006,2873,1163,605,414,396,67,468,200,312,159,178,160,200,231,272,200,200,200,2129,1253,740,577,811,605,717,813,1002,744,963,1025,1129,836,511,715,355,2233,1252,821,692,852,515,874,591,762,687,742,1285,1020,946,510,685,468,1142,861,802,867,658,506,470,498,364,500,604,610,617,507,353,302,297,,,,,,,,,,,,,,,,,,,,,,,,,,,,,,,,,,,,,,,,,,,,,,,,,,,,,,,,,,,,,,,,,,,,,,,,,,,,,,,,,,,,,,,,,,,,,,,,,,,,,,,,,,,,,,,,,,,,,,,,,,,,,,,,,,,,,,,,,,
ACSSF,2011m1,dc,000,0087,0000007,2873,1163,605,414,396,67,468,200,312,159,178,160,200,231,272,200,200,200,2129,1253,740,577,811,605,717,813,1002,744,963,1025,1129,836,511,715,355,2233,1252,821,692,852,515,874,591,762,687,742,1285,1020,946,510,685,468,1142,861,802,867,658,506,470,498,364,500,604,610,617,507,353,302,297,,,,,,,,,,,,,,,,,,,,,,,,,,,,,,,,,,,,,,,,,,,,,,,,,,,,,,,,,,,,,,,,,,,,,,,,,,,,,,,,,,,,,,,,,,,,,,,,,,,,,,,,,,,,,,,,,,,,,,,,,,,,,,,,,,,,,,,,,,
ACSSF,2011m1,dc,000,0087,0000008,2873,1163,605,414,396,67,468,200,312,159,178,160,200,231,272,200,200,200,2129,1253,740,577,811,605,717,813,1002,744,963,1025,1129,836,511,715,355,2233,1252,821,692,852,515,874,591,762,687,742,1285,1020,946,510,685,468,1142,861,802,867,658,506,470,498,364,500,604,610,617,507,353,302,297,,,,,,,,,,,,,,,,,,,,,,,,,,,,,,,,,,,,,,,,,,,,,,,,,,,,,,,,,,,,,,,,,,,,,,,,,,,,,,,,,,,,,,,,,,,,,,,,,,,,,,,,,,,,,,,,,,,,,,,,,,,,,,,,,,,,,,,,,,
ACSSF,2011m1,dc,000,0087,0000009,2873,1163,605,414,396,67,468,200,312,159,178,160,200,231,272,200,200,200,2129,1253,740,577,811,605,717,813,1002,744,963,1025,1129,836,511,715,355,2233,1252,821,692,852,515,874,591,762,687,742,1285,1020,946,510,685,468,1142,861,802,867,658,506,470,498,364,500,604,610,617,507,353,302,297,,,,,,,,,,,,,,,,,,,,,,,,,,,,,,,,,,,,,,,,,,,,,,,,,,,,,,,,,,,,,,,,,,,,,,,,,,,,,,,,,,,,,,,,,,,,,,,,,,,,,,,,,,,,,,,,,,,,,,,,,,,,,,,,,,,,,,,,,,
ACSSF,2011m1,dc,000,0087,0000010,,,,,,,,,,,,,,,,,,,,,,,,,,,,,,,,,,,,,,,,,,,,,,,,,,,,,,,,,,,,,,,,,,,,,,,,,,,,,,,,,,,,,,,,,,,,,,,,,,,,,,,,,,,,,,,,,,,,,,,,,,,,,,,,,,,,,,,,,,,,,,,,,,,,,,,,,,,,,,,,,,,,,,,,,,,,,,,,,,,,,,,,,,,,,,,,,,,,,,,,,,,,,,,
ACSSF,2011m1,dc,000,0087,0000011,2213,440,139,200,236,67,294,200,200,145,200,200,200,200,200,200,200,200,1307,442,200,260,256,246,151,443,287,257,684,205,445,527,200,130,205,1461,643,296,222,282,167,430,221,326,176,299,525,651,350,305,181,271,873,475,241,116,191,238,153,256,177,244,234,284,248,287,220,279,140,,,,,,,,,,,,,,,,,,,,,,,,,,,,,,,,,,,,,,,,,,,,,,,,,,,,,,,,,,,,,,,,,,,,,,,,,,,,,,,,,,,,,,,,,,,,,,,,,,,,,,,,,,,,,,,,,,,,,,,,,,,,,,,,,,,,,,,,,,
ACSSF,2011m1,dc,000,0087,0000012,1731,249,200,182,112,200,200,200,200,200,200,91,200,200,118,200,200,200,1245,382,174,239,366,326,209,327,207,81,449,578,791,374,352,282,194,1294,493,320,336,303,321,352,358,353,213,393,440,420,540,290,231,174,929,579,480,249,237,334,198,313,277,244,289,279,341,163,68,141,133,,,,,,,,,,,,,,,,,,,,,,,,,,,,,,,,,,,,,,,,,,,,,,,,,,,,,,,,,,,,,,,,,,,,,,,,,,,,,,,,,,,,,,,,,,,,,,,,,,,,,,,,,,,,,,,,,,,,,,,,,,,,,,,,,,,,,,,,,,
ACSSF,2011m1,dc,000,0087,0000013,2855,923,557,355,315,200,392,200,312,62,156,105,200,231,212,200,200,200,1946,993,700,531,658,435,653,520,928,565,595,636,749,364,335,487,200,2049,887,637,475,645,260,640,414,540,635,606,719,614,446,199,518,271,1277,394,506,610,541,306,352,226,158,319,416,336,377,287,42,46,152,,,,,,,,,,,,,,,,,,,,,,,,,,,,,,,,,,,,,,,,,,,,,,,,,,,,,,,,,,,,,,,,,,,,,,,,,,,,,,,,,,,,,,,,,,,,,,,,,,,,,,,,,,,,,,,,,,,,,,,,,,,,,,,,,,,,,,,,,,
ACSSF,2011m1,dc,000,0087,0000014,,,,,,,,,,,,,,,,,,,,,,,,,,,,,,,,,,,,,,,,,,,,,,,,,,,,,,,,,,,,,,,,,,,,,,,,,,,,,,,,,,,,,,,,,,,,,,,,,,,,,,,,,,,,,,,,,,,,,,,,,,,,,,,,,,,,,,,,,,,,,,,,,,,,,,,,,,,,,,,,,,,,,,,,,,,,,,,,,,,,,,,,,,,,,,,,,,,,,,,,,,,,,,,
ACSSF,2011m1,dc,000,0087,0000015,2873,1163,605,414,396,67,468,200,312,159,178,160,200,231,272,200,200,200,2129,1253,740,577,811,605,717,813,1002,744,963,1025,1129,836,511,715,355,2233,1252,821,692,852,515,874,591,762,687,742,1285,1020,946,510,685,468,1142,861,802,867,658,506,470,498,364,500,604,610,617,507,353,302,297,,,,,,,,,,,,,,,,,,,,,,,,,,,,,,,,,,,,,,,,,,,,,,,,,,,,,,,,,,,,,,,,,,,,,,,,,,,,,,,,,,,,,,,,,,,,,,,,,,,,,,,,,,,,,,,,,,,,,,,,,,,,,,,,,,,,,,,,,,
