ACSSF,2011m1,dc,000,0027,0000001,,,,,,,1427,7864,5370,8372,6317,8055,4855,8124,5894,3627,1506,4547,200,200,200,200,3905,1798,1386,3443,1602,547,354,1434,,,,,,,,,,,,,,,,,,,,,,,,,1401,8485,8582,6366,7550,9215,5843,2121,5479,200,200,200,3811,1689,3694,1630,1062,1170,,,,,,,,,,,,,,,,,,,,,,,,,,,,,,,,,,,,,,,,,,,,,,,,,,,,,,,,,,,,,,,,,,,,,,,,,,,,,,,1403,6701,6615,6740,6266,2949,3516,2752,1651,518,397,293,664,1786,,,,,,,,,,,,,,,,,,,,,,,,,,,,,,,,,,,,,1403,6701,6615,6740,6266,2949,3516,2752,1651,518,664,1786,,,,,,,,,,,,,,,,,,,,,,,,,,,,
ACSSF,2011m1,dc,000,0027,0000002,,,,,,,1427,7864,5370,8372,6317,8055,4855,8124,5894,3627,1506,4547,200,200,200,200,3905,1798,1386,3443,1602,547,354,1434,,,,,,,,,,,,,,,,,,,,,,,,,1401,8485,8582,6366,7550,9215,5843,2121,5479,200,200,200,3811,1689,3694,1630,1062,1170,,,,,,,,,,,,,,,,,,,,,,,,,,,,,,,,,,,,,,,,,,,,,,,,,,,,,,,,,,,,,,,,,,,,,,,,,,,,,,,1403,6701,6615,6740,6266,2949,3516,2752,1651,518,397,293,664,1786,,,,,,,,,,,,,,,,,,,,,,,,,,,,,,,,,,,,,1403,6701,6615,6740,6266,2949,3516,2752,1651,518,664,1786,,,,,,,,,,,,,,,,,,,,,,,,,,,,
ACSSF,2011m1,dc,000,0027,0000003,,,,,,,1427,7864,5370,8372,6317,8055,4855,8124,5894,3627,1506,4547,200,200,200,200,3905,1798,1386,3443,1602,547,354,1434,,,,,,,,,,,,,,,,,,,,,,,,,1401,8485,8582,6366,7550,9215,5843,2121,5479,200,200,200,3811,1689,3694,1630,1062,1170,,,,,,,,,,,,,,,,,,,,,,,,,,,,,,,,,,,,,,,,,,,,,,,,,,,,,,,,,,,,,,,,,,,,,,,,,,,,,,,1403,6701,6615,6740,6266,2949,3516,2752,1651,518,397,293,664,1786,,,,,,,,,,,,,,,,,,,,,,,,,,,,,,,,,,,,,1403,6701,6615,6740,6266,2949,3516,2752,1651,518,664,1786,,,,,,,,,,,,,,,,,,,,,,,,,,,,
ACSSF,2011m1,dc,000,0027,0000004,,,,,,,1427,7864,5370,8372,6317,8055,4855,8124,5894,3627,1506,4547,200,200,200,200,3905,1798,1386,3443,1602,547,354,1434,,,,,,,,,,,,,,,,,,,,,,,,,1401,8485,8582,6366,7550,9215,5843,2121,5479,200,200,200,3811,1689,3694,1630,1062,1170,,,,,,,,,,,,,,,,,,,,,,,,,,,,,,,,,,,,,,,,,,,,,,,,,,,,,,,,,,,,,,,,,,,,,,,,,,,,,,,1403,6701,6615,6740,6266,2949,3516,2752,1651,518,397,293,664,1786,,,,,,,,,,,,,,,,,,,,,,,,,,,,,,,,,,,,,1403,6701,6615,6740,6266,2949,3516,2752,1651,518,664,1786,,,,,,,,,,,,,,,,,,,,,,,,,,,,
ACSSF,2011m1,dc,000,0027,0000005,,,,,,,1427,7864,5370,8372,6317,8055,4855,8124,5894,3627,1506,4547,200,200,200,200,3905,1798,1386,3443,1602,547,354,1434,,,,,,,,,,,,,,,,,,,,,,,,,1401,8485,8582,6366,7550,9215,5843,2121,5479,200,200,200,3811,1689,3694,1630,1062,1170,,,,,,,,,,,,,,,,,,,,,,,,,,,,,,,,,,,,,,,,,,,,,,,,,,,,,,,,,,,,,,,,,,,,,,,,,,,,,,,1403,6701,6615,6740,6266,2949,3516,2752,1651,518,397,293,664,1786,,,,,,,,,,,,,,,,,,,,,,,,,,,,,,,,,,,,,1403,6701,6615,6740,6266,2949,3516,2752,1651,518,664,1786,,,,,,,,,,,,,,,,,,,,,,,,,,,,
ACSSF,2011m1,dc,000,0027,0000006,,,,,,,1427,7864,5370,8372,6317,8055,4855,8124,5894,3627,1506,4547,200,200,200,200,3905,1798,1386,3443,1602,547,354,1434,,,,,,,,,,,,,,,,,,,,,,,,,1401,8485,8582,6366,7550,9215,5843,2121,5479,200,200,200,3811,1689,3694,1630,1062,1170,,,,,,,,,,,,,,,,,,,,,,,,,,,,,,,,,,,,,,,,,,,,,,,,,,,,,,,,,,,,,,,,,,,,,,,,,,,,,,,1403,6701,6615,6740,6266,2949,3516,2752,1651,518,397,293,664,1786,,,,,,,,,,,,,,,,,,,,,,,,,,,,,,,,,,,,,1403,6701,6615,6740,6266,2949,3516,2752,1651,518,664,1786,,,,,,,,,,,,,,,,,,,,,,,,,,,,
ACSSF,2011m1,dc,000,0027,0000007,,,,,,,1427,7864,5370,8372,6317,8055,4855,8124,5894,3627,1506,4547,200,200,200,200,3905,1798,1386,3443,1602,547,354,1434,,,,,,,,,,,,,,,,,,,,,,,,,1401,8485,8582,6366,7550,9215,5843,2121,5479,200,200,200,3811,1689,3694,1630,1062,1170,,,,,,,,,,,,,,,,,,,,,,,,,,,,,,,,,,,,,,,,,,,,,,,,,,,,,,,,,,,,,,,,,,,,,,,,,,,,,,,1403,6701,6615,6740,6266,2949,3516,2752,1651,518,397,293,664,1786,,,,,,,,,,,,,,,,,,,,,,,,,,,,,,,,,,,,,1403,6701,6615,6740,6266,2949,3516,2752,1651,518,664,1786,,,,,,,,,,,,,,,,,,,,,,,,,,,,
ACSSF,2011m1,dc,000,0027,0000008,,,,,,,1427,7864,5370,8372,6317,8055,4855,8124,5894,3627,1506,4547,200,200,200,200,3905,1798,1386,3443,1602,547,354,1434,,,,,,,,,,,,,,,,,,,,,,,,,1401,8485,8582,6366,7550,9215,5843,2121,5479,200,200,200,3811,1689,3694,1630,1062,1170,,,,,,,,,,,,,,,,,,,,,,,,,,,,,,,,,,,,,,,,,,,,,,,,,,,,,,,,,,,,,,,,,,,,,,,,,,,,,,,1403,6701,6615,6740,6266,2949,3516,2752,1651,518,397,293,664,1786,,,,,,,,,,,,,,,,,,,,,,,,,,,,,,,,,,,,,1403,6701,6615,6740,6266,2949,3516,2752,1651,518,664,1786,,,,,,,,,,,,,,,,,,,,,,,,,,,,
ACSSF,2011m1,dc,000,0027,0000009,,,,,,,1427,7864,5370,8372,6317,8055,4855,8124,5894,3627,1506,4547,200,200,200,200,3905,1798,1386,3443,1602,547,354,1434,,,,,,,,,,,,,,,,,,,,,,,,,1401,8485,8582,6366,7550,9215,5843,2121,5479,200,200,200,3811,1689,3694,1630,1062,1170,,,,,,,,,,,,,,,,,,,,,,,,,,,,,,,,,,,,,,,,,,,,,,,,,,,,,,,,,,,,,,,,,,,,,,,,,,,,,,,1403,6701,6615,6740,6266,2949,3516,2752,1651,518,397,293,664,1786,,,,,,,,,,,,,,,,,,,,,,,,,,,,,,,,,,,,,1403,6701,6615,6740,6266,2949,3516,2752,1651,518,664,1786,,,,,,,,,,,,,,,,,,,,,,,,,,,,
ACSSF,2011m1,dc,000,0027,0000010,,,,,,,5590,2843,852,4922,4444,1806,749,4251,3264,2076,377,2354,200,200,200,200,1904,1295,93,1557,1065,391,210,941,,,,,,,,,,,,,,,,,,,,,,,,,5305,3955,4244,4359,3864,3113,3264,899,2964,200,200,200,1664,806,1323,1097,489,909,,,,,,,,,,,,,,,,,,,,,,,,,,,,,,,,,,,,,,,,,,,,,,,,,,,,,,,,,,,,,,,,,,,,,,,,,,,,,,,5741,4575,4024,3307,3276,691,2007,1377,1051,231,184,137,277,1150,,,,,,,,,,,,,,,,,,,,,,,,,,,,,,,,,,,,,5741,4575,4024,3307,3276,691,2007,1377,1051,231,277,1150,,,,,,,,,,,,,,,,,,,,,,,,,,,,
ACSSF,2011m1,dc,000,0027,0000011,,,,,,,8666,4210,2920,7680,8070,3691,2822,7350,2401,1704,337,1649,200,200,200,200,1664,928,323,1302,740,233,200,736,,,,,,,,,,,,,,,,,,,,,,,,,8695,4776,7166,8056,4276,6183,2393,1029,2159,200,200,200,1659,902,1327,740,689,465,,,,,,,,,,,,,,,,,,,,,,,,,,,,,,,,,,,,,,,,,,,,,,,,,,,,,,,,,,,,,,,,,,,,,,,,,,,,,,,8805,8199,2899,2773,2569,1162,967,710,624,83,95,40,478,740,,,,,,,,,,,,,,,,,,,,,,,,,,,,,,,,,,,,,8805,8199,2899,2773,2569,1162,967,710,624,83,478,740,,,,,,,,,,,,,,,,,,,,,,,,,,,,
ACSSF,2011m1,dc,000,0027,0000012,,,,,,,6313,2733,2315,5936,5125,2772,2195,4665,2372,881,767,1755,200,200,200,200,2099,434,474,1951,588,269,195,429,,,,,,,,,,,,,,,,,,,,,,,,,6269,4400,5040,5093,4208,3821,2453,1216,2006,200,200,200,2058,483,2035,588,540,289,,,,,,,,,,,,,,,,,,,,,,,,,,,,,,,,,,,,,,,,,,,,,,,,,,,,,,,,,,,,,,,,,,,,,,,,,,,,,,,6412,5169,3574,3383,2729,1511,1218,1119,760,248,168,133,281,737,,,,,,,,,,,,,,,,,,,,,,,,,,,,,,,,,,,,,6412,5169,3574,3383,2729,1511,1218,1119,760,248,281,737,,,,,,,,,,,,,,,,,,,,,,,,,,,,
ACSSF,2011m1,dc,000,0027,0000013,,,,,,,7369,5857,3601,6413,7457,6111,3258,5719,3455,2698,1234,2039,200,200,200,200,2118,1154,616,1603,194,107,134,82,,,,,,,,,,,,,,,,,,,,,,,,,7303,4937,6409,7503,4617,6797,3439,920,3359,200,200,200,2042,537,1857,194,200,194,,,,,,,,,,,,,,,,,,,,,,,,,,,,,,,,,,,,,,,,,,,,,,,,,,,,,,,,,,,,,,,,,,,,,,,,,,,,,,,7324,7463,3968,3831,3433,1891,852,590,584,167,153,67,117,329,,,,,,,,,,,,,,,,,,,,,,,,,,,,,,,,,,,,,7324,7463,3968,3831,3433,1891,852,590,584,167,117,329,,,,,,,,,,,,,,,,,,,,,,,,,,,,
ACSSF,2011m1,dc,000,0027,0000014,,,,,,,7070,3387,1667,6209,6525,3121,1361,5790,2388,811,297,2321,200,200,200,200,2384,820,806,2023,517,163,139,472,,,,,,,,,,,,,,,,,,,,,,,,,6965,4272,6219,6450,4240,5641,2413,855,2285,200,200,200,2389,747,2438,517,131,506,,,,,,,,,,,,,,,,,,,,,,,,,,,,,,,,,,,,,,,,,,,,,,,,,,,,,,,,,,,,,,,,,,,,,,,,,,,,,,,7106,6636,3672,2669,2717,1047,2183,1896,924,351,290,193,169,533,,,,,,,,,,,,,,,,,,,,,,,,,,,,,,,,,,,,,7106,6636,3672,2669,2717,1047,2183,1896,924,351,169,533,,,,,,,,,,,,,,,,,,,,,,,,,,,,
ACSSF,2011m1,dc,000,0027,0000015,,,,,,,1427,7864,5370,8372,6317,8055,4855,8124,5894,3627,1506,4547,200,200,200,200,3905,1798,1386,3443,1602,547,354,1434,,,,,,,,,,,,,,,,,,,,,,,,,1401,8485,8582,6366,7550,9215,5843,2121,5479,200,200,200,3811,1689,3694,1630,1062,1170,,,,,,,,,,,,,,,,,,,,,,,,,,,,,,,,,,,,,,,,,,,,,,,,,,,,,,,,,,,,,,,,,,,,,,,,,,,,,,,1403,6701,6615,6740,6266,2949,3516,2752,1651,518,397,293,664,1786,,,,,,,,,,,,,,,,,,,,,,,,,,,,,,,,,,,,,1403,6701,6615,6740,6266,2949,3516,2752,1651,518,664,1786,,,,,,,,,,,,,,,,,,,,,,,,,,,,
