ACSSF,2011m1,dc,000,0024,0000001,,,,,,,,,,,,,,,,,,,,,,,,,,,,,,,,,,,,,,,,,,,,,,,,,,,,,,,,,,,,,,,,,,,,,,,,,,,,,,,,,,,,,,,,,,,,,,,,,0.2,0.6,1.2,.,0.7,2.7,,,,,,,1403,1105,817,6701,3696,5455,6073,3418,4136,200,200,200,4295,2470,3254,1786,1001,1241,,,,,,,,,,,,,,,,,,,3554,5196,3924,200,3460,1524,2646,5257,4144,200,3161,391,,,,,,,930,1275,805,200,798,372,,,,,,,3635,3725,884,200,702,385,,,,,,,,,,,,,,,,,,,,,,,,,,,,,,,,,,,,,,,,,,,,,,,,,,,,,,,,,,,,
ACSSF,2011m1,dc,000,0024,0000002,,,,,,,,,,,,,,,,,,,,,,,,,,,,,,,,,,,,,,,,,,,,,,,,,,,,,,,,,,,,,,,,,,,,,,,,,,,,,,,,,,,,,,,,,,,,,,,,,0.2,0.6,1.2,.,0.7,2.7,,,,,,,1403,1105,817,6701,3696,5455,6073,3418,4136,200,200,200,4295,2470,3254,1786,1001,1241,,,,,,,,,,,,,,,,,,,3554,5196,3924,200,3460,1524,2646,5257,4144,200,3161,391,,,,,,,930,1275,805,200,798,372,,,,,,,3635,3725,884,200,702,385,,,,,,,,,,,,,,,,,,,,,,,,,,,,,,,,,,,,,,,,,,,,,,,,,,,,,,,,,,,,
ACSSF,2011m1,dc,000,0024,0000003,,,,,,,,,,,,,,,,,,,,,,,,,,,,,,,,,,,,,,,,,,,,,,,,,,,,,,,,,,,,,,,,,,,,,,,,,,,,,,,,,,,,,,,,,,,,,,,,,0.2,0.6,1.2,.,0.7,2.7,,,,,,,1403,1105,817,6701,3696,5455,6073,3418,4136,200,200,200,4295,2470,3254,1786,1001,1241,,,,,,,,,,,,,,,,,,,3554,5196,3924,200,3460,1524,2646,5257,4144,200,3161,391,,,,,,,930,1275,805,200,798,372,,,,,,,3635,3725,884,200,702,385,,,,,,,,,,,,,,,,,,,,,,,,,,,,,,,,,,,,,,,,,,,,,,,,,,,,,,,,,,,,
ACSSF,2011m1,dc,000,0024,0000004,,,,,,,,,,,,,,,,,,,,,,,,,,,,,,,,,,,,,,,,,,,,,,,,,,,,,,,,,,,,,,,,,,,,,,,,,,,,,,,,,,,,,,,,,,,,,,,,,0.2,0.6,1.2,.,0.7,2.7,,,,,,,1403,1105,817,6701,3696,5455,6073,3418,4136,200,200,200,4295,2470,3254,1786,1001,1241,,,,,,,,,,,,,,,,,,,3554,5196,3924,200,3460,1524,2646,5257,4144,200,3161,391,,,,,,,930,1275,805,200,798,372,,,,,,,3635,3725,884,200,702,385,,,,,,,,,,,,,,,,,,,,,,,,,,,,,,,,,,,,,,,,,,,,,,,,,,,,,,,,,,,,
ACSSF,2011m1,dc,000,0024,0000005,,,,,,,,,,,,,,,,,,,,,,,,,,,,,,,,,,,,,,,,,,,,,,,,,,,,,,,,,,,,,,,,,,,,,,,,,,,,,,,,,,,,,,,,,,,,,,,,,0.2,0.6,1.2,.,0.7,2.7,,,,,,,1403,1105,817,6701,3696,5455,6073,3418,4136,200,200,200,4295,2470,3254,1786,1001,1241,,,,,,,,,,,,,,,,,,,3554,5196,3924,200,3460,1524,2646,5257,4144,200,3161,391,,,,,,,930,1275,805,200,798,372,,,,,,,3635,3725,884,200,702,385,,,,,,,,,,,,,,,,,,,,,,,,,,,,,,,,,,,,,,,,,,,,,,,,,,,,,,,,,,,,
ACSSF,2011m1,dc,000,0024,0000006,,,,,,,,,,,,,,,,,,,,,,,,,,,,,,,,,,,,,,,,,,,,,,,,,,,,,,,,,,,,,,,,,,,,,,,,,,,,,,,,,,,,,,,,,,,,,,,,,0.2,0.6,1.2,.,0.7,2.7,,,,,,,1403,1105,817,6701,3696,5455,6073,3418,4136,200,200,200,4295,2470,3254,1786,1001,1241,,,,,,,,,,,,,,,,,,,3554,5196,3924,200,3460,1524,2646,5257,4144,200,3161,391,,,,,,,930,1275,805,200,798,372,,,,,,,3635,3725,884,200,702,385,,,,,,,,,,,,,,,,,,,,,,,,,,,,,,,,,,,,,,,,,,,,,,,,,,,,,,,,,,,,
ACSSF,2011m1,dc,000,0024,0000007,,,,,,,,,,,,,,,,,,,,,,,,,,,,,,,,,,,,,,,,,,,,,,,,,,,,,,,,,,,,,,,,,,,,,,,,,,,,,,,,,,,,,,,,,,,,,,,,,0.2,0.6,1.2,.,0.7,2.7,,,,,,,1403,1105,817,6701,3696,5455,6073,3418,4136,200,200,200,4295,2470,3254,1786,1001,1241,,,,,,,,,,,,,,,,,,,3554,5196,3924,200,3460,1524,2646,5257,4144,200,3161,391,,,,,,,930,1275,805,200,798,372,,,,,,,3635,3725,884,200,702,385,,,,,,,,,,,,,,,,,,,,,,,,,,,,,,,,,,,,,,,,,,,,,,,,,,,,,,,,,,,,
ACSSF,2011m1,dc,000,0024,0000008,,,,,,,,,,,,,,,,,,,,,,,,,,,,,,,,,,,,,,,,,,,,,,,,,,,,,,,,,,,,,,,,,,,,,,,,,,,,,,,,,,,,,,,,,,,,,,,,,0.2,0.6,1.2,.,0.7,2.7,,,,,,,1403,1105,817,6701,3696,5455,6073,3418,4136,200,200,200,4295,2470,3254,1786,1001,1241,,,,,,,,,,,,,,,,,,,3554,5196,3924,200,3460,1524,2646,5257,4144,200,3161,391,,,,,,,930,1275,805,200,798,372,,,,,,,3635,3725,884,200,702,385,,,,,,,,,,,,,,,,,,,,,,,,,,,,,,,,,,,,,,,,,,,,,,,,,,,,,,,,,,,,
ACSSF,2011m1,dc,000,0024,0000009,,,,,,,,,,,,,,,,,,,,,,,,,,,,,,,,,,,,,,,,,,,,,,,,,,,,,,,,,,,,,,,,,,,,,,,,,,,,,,,,,,,,,,,,,,,,,,,,,0.2,0.6,1.2,.,0.7,2.7,,,,,,,1403,1105,817,6701,3696,5455,6073,3418,4136,200,200,200,4295,2470,3254,1786,1001,1241,,,,,,,,,,,,,,,,,,,3554,5196,3924,200,3460,1524,2646,5257,4144,200,3161,391,,,,,,,930,1275,805,200,798,372,,,,,,,3635,3725,884,200,702,385,,,,,,,,,,,,,,,,,,,,,,,,,,,,,,,,,,,,,,,,,,,,,,,,,,,,,,,,,,,,
ACSSF,2011m1,dc,000,0024,0000010,,,,,,,,,,,,,,,,,,,,,,,,,,,,,,,,,,,,,,,,,,,,,,,,,,,,,,,,,,,,,,,,,,,,,,,,,,,,,,,,,,,,,,,,,,,,,,,,,1.9,1.2,2.5,.,3.1,5.9,,,,,,,5741,3053,3671,4575,2623,2748,3249,1465,2179,200,200,200,2360,1427,1286,1150,431,932,,,,,,,,,,,,,,,,,,,4954,4327,2906,200,2005,868,,,,,,,,,,,,,1313,1144,465,200,204,276,,,,,,,,,,,,,,,,,,,,,,,,,,,,,,,,,,,,,,,,,,,,,,,,,,,,,,,,,,,,,,,,,,,,,,,,
ACSSF,2011m1,dc,000,0024,0000011,,,,,,,,,,,,,,,,,,,,,,,,,,,,,,,,,,,,,,,,,,,,,,,,,,,,,,,,,,,,,,,,,,,,,,,,,,,,,,,,,,,,,,,,,,,,,,,,,2.0,1.7,0.9,.,1.8,3.0,,,,,,,8805,5135,4795,8199,4599,4644,2408,1503,1255,200,200,200,1653,1077,901,740,389,520,,,,,,,,,,,,,,,,,,,3960,3353,1424,200,1199,780,6786,6573,1599,200,953,155,,,,,,,1776,1487,598,200,488,133,,,,,,,,,,,,,,,,,,,,,,,,,,,,,,,,,,,,,,,,,,,,,,,,,,,,,,,,,,,,,,,,,,,,,,,,
ACSSF,2011m1,dc,000,0024,0000012,,,,,,,,,,,,,,,,,,,,,,,,,,,,,,,,,,,,,,,,,,,,,,,,,,,,,,,,,,,,,,,,,,,,,,,,,,,,,,,,,,,,,,,,,,,,,,,,,1.7,1.3,1.4,.,0.9,7.8,,,,,,,6412,3528,4328,5169,2837,3521,2470,1524,1608,200,200,200,2136,1161,1860,737,640,328,,,,,,,,,,,,,,,,,,,3381,2555,1461,200,1313,666,5178,4570,1484,200,1544,312,,,,,,,1289,1263,108,200,187,49,,,,,,,,,,,,,,,,,,,,,,,,,,,,,,,,,,,,,,,,,,,,,,,,,,,,,,,,,,,,,,,,,,,,,,,,
ACSSF,2011m1,dc,000,0024,0000013,,,,,,,,,,,,,,,,,,,,,,,,,,,,,,,,,,,,,,,,,,,,,,,,,,,,,,,,,,,,,,,,,,,,,,,,,,,,,,,,,,,,,,,,,,,,,,,,,1.7,1.7,2.6,.,2.8,3.2,,,,,,,7324,3958,4638,7463,3572,5041,3433,1721,2255,200,200,200,2136,992,1450,329,312,42,,,,,,,,,,,,,,,,,,,1028,748,132,200,301,250,7251,7437,3426,200,2076,194,,,,,,,,,,,,,,,,,,,,,,,,,,,,,,,,,,,,,,,,,,,,,,,,,,,,,,,,,,,,,,,,,,,,,,,,,,,,,,,,,,,,
ACSSF,2011m1,dc,000,0024,0000014,,,,,,,,,,,,,,,,,,,,,,,,,,,,,,,,,,,,,,,,,,,,,,,,,,,,,,,,,,,,,,,,,,,,,,,,,,,,,,,,,,,,,,,,,,,,,,,,,0.8,2.0,1.1,.,1.2,3.1,,,,,,,7106,4822,4338,6636,4861,4135,2610,1676,1753,200,200,200,2732,1552,2015,533,271,431,,,,,,,,,,,,,,,,,,,5412,5161,2125,200,2065,452,4101,3800,1309,200,992,115,,,,,,,1769,1942,421,200,597,147,,,,,,,,,,,,,,,,,,,,,,,,,,,,,,,,,,,,,,,,,,,,,,,,,,,,,,,,,,,,,,,,,,,,,,,,
ACSSF,2011m1,dc,000,0024,0000015,,,,,,,,,,,,,,,,,,,,,,,,,,,,,,,,,,,,,,,,,,,,,,,,,,,,,,,,,,,,,,,,,,,,,,,,,,,,,,,,,,,,,,,,,,,,,,,,,0.2,0.6,1.2,.,0.7,2.7,,,,,,,1403,1105,817,6701,3696,5455,6073,3418,4136,200,200,200,4295,2470,3254,1786,1001,1241,,,,,,,,,,,,,,,,,,,3554,5196,3924,200,3460,1524,2646,5257,4144,200,3161,391,,,,,,,930,1275,805,200,798,372,,,,,,,3635,3725,884,200,702,385,,,,,,,,,,,,,,,,,,,,,,,,,,,,,,,,,,,,,,,,,,,,,,,,,,,,,,,,,,,,
