ACSSF,2011m1,dc,000,0010,0000001,,,,,,,,,,,,,,,,,,,,,,,,,,,,,,,,,,,,,,,,,,,,,,,,,,,,,,,,,,,,,,,,,,,,,,,,,,,,,,,,,,,,,,,,,,,,,,,,,,,,,,,,,,,,,8135,1733,1186,614,363,158,796,1972,1439,962,342,1890,549,313,2246,1501,419,349,703,155,990,1141,663,177,3174,380,105,389,152,1313,8367
ACSSF,2011m1,dc,000,0010,0000002,,,,,,,,,,,,,,,,,,,,,,,,,,,,,,,,,,,,,,,,,,,,,,,,,,,,,,,,,,,,,,,,,,,,,,,,,,,,,,,,,,,,,,,,,,,,,,,,,,,,,,,,,,,,,8135,1733,1186,614,363,158,796,1972,1439,962,342,1890,549,313,2246,1501,419,349,703,155,990,1141,663,177,3174,380,105,389,152,1313,8367
ACSSF,2011m1,dc,000,0010,0000003,,,,,,,,,,,,,,,,,,,,,,,,,,,,,,,,,,,,,,,,,,,,,,,,,,,,,,,,,,,,,,,,,,,,,,,,,,,,,,,,,,,,,,,,,,,,,,,,,,,,,,,,,,,,,8135,1733,1186,614,363,158,796,1972,1439,962,342,1890,549,313,2246,1501,419,349,703,155,990,1141,663,177,3174,380,105,389,152,1313,8367
ACSSF,2011m1,dc,000,0010,0000004,,,,,,,,,,,,,,,,,,,,,,,,,,,,,,,,,,,,,,,,,,,,,,,,,,,,,,,,,,,,,,,,,,,,,,,,,,,,,,,,,,,,,,,,,,,,,,,,,,,,,,,,,,,,,8135,1733,1186,614,363,158,796,1972,1439,962,342,1890,549,313,2246,1501,419,349,703,155,990,1141,663,177,3174,380,105,389,152,1313,8367
ACSSF,2011m1,dc,000,0010,0000005,,,,,,,,,,,,,,,,,,,,,,,,,,,,,,,,,,,,,,,,,,,,,,,,,,,,,,,,,,,,,,,,,,,,,,,,,,,,,,,,,,,,,,,,,,,,,,,,,,,,,,,,,,,,,8135,1733,1186,614,363,158,796,1972,1439,962,342,1890,549,313,2246,1501,419,349,703,155,990,1141,663,177,3174,380,105,389,152,1313,8367
ACSSF,2011m1,dc,000,0010,0000006,,,,,,,,,,,,,,,,,,,,,,,,,,,,,,,,,,,,,,,,,,,,,,,,,,,,,,,,,,,,,,,,,,,,,,,,,,,,,,,,,,,,,,,,,,,,,,,,,,,,,,,,,,,,,8135,1733,1186,614,363,158,796,1972,1439,962,342,1890,549,313,2246,1501,419,349,703,155,990,1141,663,177,3174,380,105,389,152,1313,8367
ACSSF,2011m1,dc,000,0010,0000007,,,,,,,,,,,,,,,,,,,,,,,,,,,,,,,,,,,,,,,,,,,,,,,,,,,,,,,,,,,,,,,,,,,,,,,,,,,,,,,,,,,,,,,,,,,,,,,,,,,,,,,,,,,,,8135,1733,1186,614,363,158,796,1972,1439,962,342,1890,549,313,2246,1501,419,349,703,155,990,1141,663,177,3174,380,105,389,152,1313,8367
ACSSF,2011m1,dc,000,0010,0000008,,,,,,,,,,,,,,,,,,,,,,,,,,,,,,,,,,,,,,,,,,,,,,,,,,,,,,,,,,,,,,,,,,,,,,,,,,,,,,,,,,,,,,,,,,,,,,,,,,,,,,,,,,,,,8135,1733,1186,614,363,158,796,1972,1439,962,342,1890,549,313,2246,1501,419,349,703,155,990,1141,663,177,3174,380,105,389,152,1313,8367
ACSSF,2011m1,dc,000,0010,0000009,,,,,,,,,,,,,,,,,,,,,,,,,,,,,,,,,,,,,,,,,,,,,,,,,,,,,,,,,,,,,,,,,,,,,,,,,,,,,,,,,,,,,,,,,,,,,,,,,,,,,,,,,,,,,8135,1733,1186,614,363,158,796,1972,1439,962,342,1890,549,313,2246,1501,419,349,703,155,990,1141,663,177,3174,380,105,389,152,1313,8367
ACSSF,2011m1,dc,000,0010,0000010,,,,,,,,,,,,,,,,,,,,,,,,,,,,,,,,,,,,,,,,,,,,,,,,,,,,,,,,,,,,,,,,,,,,,,,,,,,,,,,,,,,,,,,,,,,,,,,,,,,,,,,,,,,,,5067,957,856,463,327,200,339,1503,869,701,149,1287,261,111,1585,865,184,14,619,125,776,514,415,200,394,261,200,375,42,348,3087
ACSSF,2011m1,dc,000,0010,0000011,,,,,,,,,,,,,,,,,,,,,,,,,,,,,,,,,,,,,,,,,,,,,,,,,,,,,,,,,,,,,,,,,,,,,,,,,,,,,,,,,,,,,,,,,,,,,,,,,,,,,,,,,,,,,8017,704,353,104,80,200,46,760,539,256,173,477,142,119,766,438,105,214,105,200,253,183,136,174,2154,179,79,200,200,867,6912
ACSSF,2011m1,dc,000,0010,0000012,,,,,,,,,,,,,,,,,,,,,,,,,,,,,,,,,,,,,,,,,,,,,,,,,,,,,,,,,,,,,,,,,,,,,,,,,,,,,,,,,,,,,,,,,,,,,,,,,,,,,,,,,,,,,6041,539,199,309,200,200,713,572,501,331,94,742,112,186,863,413,126,104,303,200,194,324,263,200,1359,188,200,72,89,306,5781
ACSSF,2011m1,dc,000,0010,0000013,,,,,,,,,,,,,,,,,,,,,,,,,,,,,,,,,,,,,,,,,,,,,,,,,,,,,,,,,,,,,,,,,,,,,,,,,,,,,,,,,,,,,,,,,,,,,,,,,,,,,,,,,,,,,,,,,,,,,,,,,,,,,,,,,,,,,,,,,,,
ACSSF,2011m1,dc,000,0010,0000014,,,,,,,,,,,,,,,,,,,,,,,,,,,,,,,,,,,,,,,,,,,,,,,,,,,,,,,,,,,,,,,,,,,,,,,,,,,,,,,,,,,,,,,,,,,,,,,,,,,,,,,,,,,,,7712,694,770,272,124,158,100,1290,989,553,179,1238,464,186,1125,1157,354,227,357,71,446,925,441,39,1469,76,73,65,116,621,6252
ACSSF,2011m1,dc,000,0010,0000015,,,,,,,,,,,,,,,,,,,,,,,,,,,,,,,,,,,,,,,,,,,,,,,,,,,,,,,,,,,,,,,,,,,,,,,,,,,,,,,,,,,,,,,,,,,,,,,,,,,,,,,,,,,,,8135,1733,1186,614,363,158,796,1972,1439,962,342,1890,549,313,2246,1501,419,349,703,155,990,1141,663,177,3174,380,105,389,152,1313,8367
