ACSSF,2011m1,dc,000,0103,0000001,1314,2115,2378,1931,2224,2069,1163,1598,3250,9226,3980,2358,3551,1597,1507,2355,3673,2623,1954,3409,1471,,,,,,,,6007,14146,26533,11796,6102,15892,10160,.,.,.,.,.,.,.,3921,2803,9558,21479,8624,3452,7612,9011,15067,4568,14987,9790,7250,21380,2630,2410,7300,4045,3454,3016,1731,2407,2647,14337,3616,4374,4573,3944,371,375,1679,200,1679,353,559,1061,1165,670,1352,1705,1426,1025,691,614,407,398,233,126,167,1240,200,1240,164,577,668,564,725,649,1269,1115,1433,992,764,444,292,347,251
ACSSF,2011m1,dc,000,0103,0000002,1314,2115,2378,1931,2224,2069,1163,1598,3250,9226,3980,2358,3551,1597,1507,2355,3673,2623,1954,3409,1471,,,,,,,,6007,14146,26533,11796,6102,15892,10160,.,.,.,.,.,.,.,3921,2803,9558,21479,8624,3452,7612,9011,15067,4568,14987,9790,7250,21380,2630,2410,7300,4045,3454,3016,1731,2407,2647,14337,3616,4374,4573,3944,371,375,1679,200,1679,353,559,1061,1165,670,1352,1705,1426,1025,691,614,407,398,233,126,167,1240,200,1240,164,577,668,564,725,649,1269,1115,1433,992,764,444,292,347,251
ACSSF,2011m1,dc,000,0103,0000003,1314,2115,2378,1931,2224,2069,1163,1598,3250,9226,3980,2358,3551,1597,1507,2355,3673,2623,1954,3409,1471,,,,,,,,6007,14146,26533,11796,6102,15892,10160,.,.,.,.,.,.,.,3921,2803,9558,21479,8624,3452,7612,9011,15067,4568,14987,9790,7250,21380,2630,2410,7300,4045,3454,3016,1731,2407,2647,14337,3616,4374,4573,3944,371,375,1679,200,1679,353,559,1061,1165,670,1352,1705,1426,1025,691,614,407,398,233,126,167,1240,200,1240,164,577,668,564,725,649,1269,1115,1433,992,764,444,292,347,251
ACSSF,2011m1,dc,000,0103,0000004,1314,2115,2378,1931,2224,2069,1163,1598,3250,9226,3980,2358,3551,1597,1507,2355,3673,2623,1954,3409,1471,,,,,,,,6007,14146,26533,11796,6102,15892,10160,.,.,.,.,.,.,.,3921,2803,9558,21479,8624,3452,7612,9011,15067,4568,14987,9790,7250,21380,2630,2410,7300,4045,3454,3016,1731,2407,2647,14337,3616,4374,4573,3944,371,375,1679,200,1679,353,559,1061,1165,670,1352,1705,1426,1025,691,614,407,398,233,126,167,1240,200,1240,164,577,668,564,725,649,1269,1115,1433,992,764,444,292,347,251
ACSSF,2011m1,dc,000,0103,0000005,1314,2115,2378,1931,2224,2069,1163,1598,3250,9226,3980,2358,3551,1597,1507,2355,3673,2623,1954,3409,1471,,,,,,,,6007,14146,26533,11796,6102,15892,10160,.,.,.,.,.,.,.,3921,2803,9558,21479,8624,3452,7612,9011,15067,4568,14987,9790,7250,21380,2630,2410,7300,4045,3454,3016,1731,2407,2647,14337,3616,4374,4573,3944,371,375,1679,200,1679,353,559,1061,1165,670,1352,1705,1426,1025,691,614,407,398,233,126,167,1240,200,1240,164,577,668,564,725,649,1269,1115,1433,992,764,444,292,347,251
ACSSF,2011m1,dc,000,0103,0000006,1314,2115,2378,1931,2224,2069,1163,1598,3250,9226,3980,2358,3551,1597,1507,2355,3673,2623,1954,3409,1471,,,,,,,,6007,14146,26533,11796,6102,15892,10160,.,.,.,.,.,.,.,3921,2803,9558,21479,8624,3452,7612,9011,15067,4568,14987,9790,7250,21380,2630,2410,7300,4045,3454,3016,1731,2407,2647,14337,3616,4374,4573,3944,371,375,1679,200,1679,353,559,1061,1165,670,1352,1705,1426,1025,691,614,407,398,233,126,167,1240,200,1240,164,577,668,564,725,649,1269,1115,1433,992,764,444,292,347,251
ACSSF,2011m1,dc,000,0103,0000007,1314,2115,2378,1931,2224,2069,1163,1598,3250,9226,3980,2358,3551,1597,1507,2355,3673,2623,1954,3409,1471,,,,,,,,6007,14146,26533,11796,6102,15892,10160,.,.,.,.,.,.,.,3921,2803,9558,21479,8624,3452,7612,9011,15067,4568,14987,9790,7250,21380,2630,2410,7300,4045,3454,3016,1731,2407,2647,14337,3616,4374,4573,3944,371,375,1679,200,1679,353,559,1061,1165,670,1352,1705,1426,1025,691,614,407,398,233,126,167,1240,200,1240,164,577,668,564,725,649,1269,1115,1433,992,764,444,292,347,251
ACSSF,2011m1,dc,000,0103,0000008,1314,2115,2378,1931,2224,2069,1163,1598,3250,9226,3980,2358,3551,1597,1507,2355,3673,2623,1954,3409,1471,,,,,,,,6007,14146,26533,11796,6102,15892,10160,.,.,.,.,.,.,.,3921,2803,9558,21479,8624,3452,7612,9011,15067,4568,14987,9790,7250,21380,2630,2410,7300,4045,3454,3016,1731,2407,2647,14337,3616,4374,4573,3944,371,375,1679,200,1679,353,559,1061,1165,670,1352,1705,1426,1025,691,614,407,398,233,126,167,1240,200,1240,164,577,668,564,725,649,1269,1115,1433,992,764,444,292,347,251
ACSSF,2011m1,dc,000,0103,0000009,1314,2115,2378,1931,2224,2069,1163,1598,3250,9226,3980,2358,3551,1597,1507,2355,3673,2623,1954,3409,1471,,,,,,,,6007,14146,26533,11796,6102,15892,10160,.,.,.,.,.,.,.,3921,2803,9558,21479,8624,3452,7612,9011,15067,4568,14987,9790,7250,21380,2630,2410,7300,4045,3454,3016,1731,2407,2647,14337,3616,4374,4573,3944,371,375,1679,200,1679,353,559,1061,1165,670,1352,1705,1426,1025,691,614,407,398,233,126,167,1240,200,1240,164,577,668,564,725,649,1269,1115,1433,992,764,444,292,347,251
ACSSF,2011m1,dc,000,0103,0000010,5740,6929,15408,2655,3449,7189,1837,6555,15330,13524,2633,3003,9024,2071,22670,48110,48533,37796,13966,23648,7290,.,.,.,.,.,.,.,16850,22587,42850,.,26635,18813,10965,.,.,.,.,.,.,.,,,,,,,,13669,31742,22724,.,18901,4258,13358,5698,11849,14734,2783,4720,8668,2935,27255,76942,47562,69442,27074,34410,2028,,,,,,,,,,,,,,,,,,,,,,,,,,,,,,,,,,,,,,,
ACSSF,2011m1,dc,000,0103,0000011,2255,5593,9409,2441,2011,4189,3438,3393,7785,5242,4799,7325,4631,4280,3909,3116,5630,5390,4715,7577,2092,,,,,,,,16546,9729,7174,43224,11381,11540,31025,.,.,.,.,.,.,.,5322,11493,19153,9053,4005,8855,5723,16452,21468,36760,9957,14638,12231,.,3746,4624,5440,8651,3168,6716,5085,2883,2411,9658,4393,4120,8865,2713,3339,2125,1654,200,1654,350,559,805,831,625,656,1512,1297,694,305,444,262,181,200,112,1698,833,200,833,200,263,590,414,419,260,1454,1028,904,755,523,266,122,200,200
ACSSF,2011m1,dc,000,0103,0000012,3649,6544,7501,3066,5988,2548,2083,4452,9832,10333,5753,3997,4724,7575,3754,4546,6446,3267,6530,10417,2305,,,,,,,,17856,37498,83421,17788,15487,22119,23896,.,.,.,.,.,.,.,11114,7514,4145,.,22572,12362,28697,18915,25620,84650,37582,18170,25009,18797,4262,9874,10315,8903,4008,3944,7713,6008,8731,11827,.,10810,26054,25229,,,,,,,,,,,,,,,,,,,,,,,,,,,,,,,,,,,,,,,
ACSSF,2011m1,dc,000,0103,0000013,1427,2527,5983,1939,3926,1345,2657,11351,11016,15325,41118,24679,22325,61407,1928,2264,7344,1965,4611,1390,2682,48545,.,.,.,.,.,.,5532,18924,18924,.,41249,41249,.,.,.,.,.,.,.,.,,,,,,,,30069,25660,12770,1992,56735,57290,33336,10155,12151,18869,41118,17210,12788,61407,6888,6915,12029,56615,51503,28854,.,,,,,,,,,,,,,,,,,,,,,,,,,,,,,,,,,,,,,,,
ACSSF,2011m1,dc,000,0103,0000014,4824,6115,5938,7169,4327,5335,2133,5070,6379,13519,3694,6585,5315,3251,5809,11072,18234,2490,6011,10816,2487,,,,,,,,,,,,,,,.,.,.,.,.,.,.,64120,23573,56207,.,59138,43097,.,10574,22184,18705,46390,35851,93914,22273,4432,6985,20171,8923,7818,5805,5295,7734,13033,33632,10720,13978,17811,2840,,,,,,,,,,,,,,,,,,,,,,,,,,,,,,,,,,,,,,,
ACSSF,2011m1,dc,000,0103,0000015,1314,2115,2378,1931,2224,2069,1163,1598,3250,9226,3980,2358,3551,1597,1507,2355,3673,2623,1954,3409,1471,,,,,,,,6007,14146,26533,11796,6102,15892,10160,.,.,.,.,.,.,.,3921,2803,9558,21479,8624,3452,7612,9011,15067,4568,14987,9790,7250,21380,2630,2410,7300,4045,3454,3016,1731,2407,2647,14337,3616,4374,4573,3944,371,375,1679,200,1679,353,559,1061,1165,670,1352,1705,1426,1025,691,614,407,398,233,126,167,1240,200,1240,164,577,668,564,725,649,1269,1115,1433,992,764,444,292,347,251
