ACSSF,2016m1,dc,000,0068,0000001,,,,,,,,,,,,,,,,,,,,,,,,,,,,,,,,,,,,,,,,,,,,,,,,,,,,,,,,,,,,,,,,,,,,,,,,,,,,,,,,,,,3407,1966,794,444,1825,546,445,1695,1643,3566,3623,2521,2964,1452,976,2439,1927,2414,395,194,174,347,172,172,307,290,2415,2472,1521,935,493,390,865,637,2301,1757,598,265,1717,389,275,1670,1573,2210,1936,1384,2707,1274,647,2177,1613,,,,,,,,,,,,,,,,,,,,,,,,,,,,,,,,,,,,,,,,,,,,,,,,,,,,1228,825,292,292,793,253,253,757,757,1330,1021,1053,810,609,465,558,533,661,210,68,203,204,203,203,204,117,648,570,207,325,118,203,299,282,,,,,,,,,,,,,,,,,
ACSSF,2016m1,dc,000,0068,0000002,,,,,,,,,,,,,,,,,,,,,,,,,,,,,,,,,,,,,,,,,,,,,,,,,,,,,,,,,,,,,,,,,,,,,,,,,,,,,,,,,,,3407,1966,794,444,1825,546,445,1695,1643,3566,3623,2521,2964,1452,976,2439,1927,2414,395,194,174,347,172,172,307,290,2415,2472,1521,935,493,390,865,637,2301,1757,598,265,1717,389,275,1670,1573,2210,1936,1384,2707,1274,647,2177,1613,,,,,,,,,,,,,,,,,,,,,,,,,,,,,,,,,,,,,,,,,,,,,,,,,,,,1228,825,292,292,793,253,253,757,757,1330,1021,1053,810,609,465,558,533,661,210,68,203,204,203,203,204,117,648,570,207,325,118,203,299,282,,,,,,,,,,,,,,,,,
ACSSF,2016m1,dc,000,0068,0000003,,,,,,,,,,,,,,,,,,,,,,,,,,,,,,,,,,,,,,,,,,,,,,,,,,,,,,,,,,,,,,,,,,,,,,,,,,,,,,,,,,,3407,1966,794,444,1825,546,445,1695,1643,3566,3623,2521,2964,1452,976,2439,1927,2414,395,194,174,347,172,172,307,290,2415,2472,1521,935,493,390,865,637,2301,1757,598,265,1717,389,275,1670,1573,2210,1936,1384,2707,1274,647,2177,1613,,,,,,,,,,,,,,,,,,,,,,,,,,,,,,,,,,,,,,,,,,,,,,,,,,,,1228,825,292,292,793,253,253,757,757,1330,1021,1053,810,609,465,558,533,661,210,68,203,204,203,203,204,117,648,570,207,325,118,203,299,282,,,,,,,,,,,,,,,,,
ACSSF,2016m1,dc,000,0068,0000004,,,,,,,,,,,,,,,,,,,,,,,,,,,,,,,,,,,,,,,,,,,,,,,,,,,,,,,,,,,,,,,,,,,,,,,,,,,,,,,,,,,3407,1966,794,444,1825,546,445,1695,1643,3566,3623,2521,2964,1452,976,2439,1927,2414,395,194,174,347,172,172,307,290,2415,2472,1521,935,493,390,865,637,2301,1757,598,265,1717,389,275,1670,1573,2210,1936,1384,2707,1274,647,2177,1613,,,,,,,,,,,,,,,,,,,,,,,,,,,,,,,,,,,,,,,,,,,,,,,,,,,,1228,825,292,292,793,253,253,757,757,1330,1021,1053,810,609,465,558,533,661,210,68,203,204,203,203,204,117,648,570,207,325,118,203,299,282,,,,,,,,,,,,,,,,,
ACSSF,2016m1,dc,000,0068,0000005,,,,,,,,,,,,,,,,,,,,,,,,,,,,,,,,,,,,,,,,,,,,,,,,,,,,,,,,,,,,,,,,,,,,,,,,,,,,,,,,,,,3407,1966,794,444,1825,546,445,1695,1643,3566,3623,2521,2964,1452,976,2439,1927,2414,395,194,174,347,172,172,307,290,2415,2472,1521,935,493,390,865,637,2301,1757,598,265,1717,389,275,1670,1573,2210,1936,1384,2707,1274,647,2177,1613,,,,,,,,,,,,,,,,,,,,,,,,,,,,,,,,,,,,,,,,,,,,,,,,,,,,1228,825,292,292,793,253,253,757,757,1330,1021,1053,810,609,465,558,533,661,210,68,203,204,203,203,204,117,648,570,207,325,118,203,299,282,,,,,,,,,,,,,,,,,
ACSSF,2016m1,dc,000,0068,0000006,,,,,,,,,,,,,,,,,,,,,,,,,,,,,,,,,,,,,,,,,,,,,,,,,,,,,,,,,,,,,,,,,,,,,,,,,,,,,,,,,,,3407,1966,794,444,1825,546,445,1695,1643,3566,3623,2521,2964,1452,976,2439,1927,2414,395,194,174,347,172,172,307,290,2415,2472,1521,935,493,390,865,637,2301,1757,598,265,1717,389,275,1670,1573,2210,1936,1384,2707,1274,647,2177,1613,,,,,,,,,,,,,,,,,,,,,,,,,,,,,,,,,,,,,,,,,,,,,,,,,,,,1228,825,292,292,793,253,253,757,757,1330,1021,1053,810,609,465,558,533,661,210,68,203,204,203,203,204,117,648,570,207,325,118,203,299,282,,,,,,,,,,,,,,,,,
ACSSF,2016m1,dc,000,0068,0000007,,,,,,,,,,,,,,,,,,,,,,,,,,,,,,,,,,,,,,,,,,,,,,,,,,,,,,,,,,,,,,,,,,,,,,,,,,,,,,,,,,,3407,1966,794,444,1825,546,445,1695,1643,3566,3623,2521,2964,1452,976,2439,1927,2414,395,194,174,347,172,172,307,290,2415,2472,1521,935,493,390,865,637,2301,1757,598,265,1717,389,275,1670,1573,2210,1936,1384,2707,1274,647,2177,1613,,,,,,,,,,,,,,,,,,,,,,,,,,,,,,,,,,,,,,,,,,,,,,,,,,,,1228,825,292,292,793,253,253,757,757,1330,1021,1053,810,609,465,558,533,661,210,68,203,204,203,203,204,117,648,570,207,325,118,203,299,282,,,,,,,,,,,,,,,,,
ACSSF,2016m1,dc,000,0068,0000008,,,,,,,,,,,,,,,,,,,,,,,,,,,,,,,,,,,,,,,,,,,,,,,,,,,,,,,,,,,,,,,,,,,,,,,,,,,,,,,,,,,3407,1966,794,444,1825,546,445,1695,1643,3566,3623,2521,2964,1452,976,2439,1927,2414,395,194,174,347,172,172,307,290,2415,2472,1521,935,493,390,865,637,2301,1757,598,265,1717,389,275,1670,1573,2210,1936,1384,2707,1274,647,2177,1613,,,,,,,,,,,,,,,,,,,,,,,,,,,,,,,,,,,,,,,,,,,,,,,,,,,,1228,825,292,292,793,253,253,757,757,1330,1021,1053,810,609,465,558,533,661,210,68,203,204,203,203,204,117,648,570,207,325,118,203,299,282,,,,,,,,,,,,,,,,,
ACSSF,2016m1,dc,000,0068,0000009,,,,,,,,,,,,,,,,,,,,,,,,,,,,,,,,,,,,,,,,,,,,,,,,,,,,,,,,,,,,,,,,,,,,,,,,,,,,,,,,,,,3407,1966,794,444,1825,546,445,1695,1643,3566,3623,2521,2964,1452,976,2439,1927,2414,395,194,174,347,172,172,307,290,2415,2472,1521,935,493,390,865,637,2301,1757,598,265,1717,389,275,1670,1573,2210,1936,1384,2707,1274,647,2177,1613,,,,,,,,,,,,,,,,,,,,,,,,,,,,,,,,,,,,,,,,,,,,,,,,,,,,1228,825,292,292,793,253,253,757,757,1330,1021,1053,810,609,465,558,533,661,210,68,203,204,203,203,204,117,648,570,207,325,118,203,299,282,,,,,,,,,,,,,,,,,
ACSSF,2016m1,dc,000,0068,0000010,,,,,,,,,,,,,,,,,,,,,,,,,,,,,,,,,,,,,,,,,,,,,,,,,,,,,,,,,,,,,,,,,,,,,,,,,,,,,,,,,,,1539,315,203,203,315,182,172,257,257,1496,1527,1080,600,318,232,485,411,,,,,,,,,,,,,,,,,,,,,,,,,,,,,,,,,,,,,,,,,,,,,,,,,,,,,,,,,,,,,,,,,,,,,,,,,,,,,,,,,,,,,,,,,,,,,,,,,,,,,,,,,,,,,,,,,,,,,,,,,,,,,,,,,,,,,,,,
ACSSF,2016m1,dc,000,0068,0000011,,,,,,,,,,,,,,,,,,,,,,,,,,,,,,,,,,,,,,,,,,,,,,,,,,,,,,,,,,,,,,,,,,,,,,,,,,,,,,,,,,,2207,1071,481,292,930,314,269,898,748,2294,2054,1485,1318,960,628,994,840,,,,,,,,,,,,,,,,,,1440,820,372,203,721,144,89,719,583,1428,1062,843,1036,665,370,809,665,,,,,,,,,,,,,,,,,,,,,,,,,,,,,,,,,,,,,,,,,,,,,,,,,,,,1085,538,292,292,507,253,253,449,449,1134,930,945,659,594,441,337,321,,,,,,,,,,,,,,,,,,,,,,,,,,,,,,,,,,
ACSSF,2016m1,dc,000,0068,0000012,,,,,,,,,,,,,,,,,,,,,,,,,,,,,,,,,,,,,,,,,,,,,,,,,,,,,,,,,,,,,,,,,,,,,,,,,,,,,,,,,,,1745,535,213,174,497,125,203,484,416,1584,1301,984,1136,449,346,1113,805,,,,,,,,,,,,,,,,,,1465,504,115,203,497,125,203,484,416,1263,900,590,1028,333,255,1052,726,,,,,,,,,,,,,,,,,,,,,,,,,,,,,,,,,,,,,,,,,,,,,,,,,,,,,,,,,,,,,,,,,,,,,,,,,,,,,,,,,,,,,,,,,,,,,,,,,,,,,,
ACSSF,2016m1,dc,000,0068,0000013,,,,,,,,,,,,,,,,,,,,,,,,,,,,,,,,,,,,,,,,,,,,,,,,,,,,,,,,,,,,,,,,,,,,,,,,,,,,,,,,,,,2017,1372,392,240,1406,326,259,1449,1385,1858,1304,1059,2006,854,566,1772,1467,,,,,,,,,,,,,,,,,,2018,1372,392,240,1397,326,259,1428,1328,1818,1176,904,1886,807,505,1673,1367,,,,,,,,,,,,,,,,,,,,,,,,,,,,,,,,,,,,,,,,,,,,,,,,,,,,,,,,,,,,,,,,,,,,,,,,,,,,,,,,,,,,,,,,,,,,,,,,,,,,,,
ACSSF,2016m1,dc,000,0068,0000014,,,,,,,,,,,,,,,,,,,,,,,,,,,,,,,,,,,,,,,,,,,,,,,,,,,,,,,,,,,,,,,,,,,,,,,,,,,,,,,,,,,2230,809,340,111,786,203,203,786,767,2170,1946,1061,1052,425,157,923,546,,,,,,,,,,,,,,,,,,1349,711,111,111,712,203,203,712,718,1173,771,290,965,320,203,845,438,,,,,,,,,,,,,,,,,,,,,,,,,,,,,,,,,,,,,,,,,,,,,,,,,,,,,,,,,,,,,,,,,,,,,,,,,,,,,,,,,,,,,,,,,,,,,,,,,,,,,,
ACSSF,2016m1,dc,000,0068,0000015,,,,,,,,,,,,,,,,,,,,,,,,,,,,,,,,,,,,,,,,,,,,,,,,,,,,,,,,,,,,,,,,,,,,,,,,,,,,,,,,,,,3407,1966,794,444,1825,546,445,1695,1643,3566,3623,2521,2964,1452,976,2439,1927,2414,395,194,174,347,172,172,307,290,2415,2472,1521,935,493,390,865,637,2301,1757,598,265,1717,389,275,1670,1573,2210,1936,1384,2707,1274,647,2177,1613,,,,,,,,,,,,,,,,,,,,,,,,,,,,,,,,,,,,,,,,,,,,,,,,,,,,1228,825,292,292,793,253,253,757,757,1330,1021,1053,810,609,465,558,533,661,210,68,203,204,203,203,204,117,648,570,207,325,118,203,299,282,,,,,,,,,,,,,,,,,
