ACSSF,2015m1,dc,000,0091,0000001,848,2438,2349,923,2241,2290,922,692,842,441,1160,1251,736,912,1205,737,766,972,304,806,839,780,822,1184,699,519,799,287,436,510,4,556,557,552,201,597,555,231,581,2596,1728,1097,490,1100,974,608,1188,541,362,648,134,547,545,145,483,490,1526,1269,315,1282,948,210,976,394,251,461,477,177,513,333,173,381,2554,1419,899,231,913,867,944,1345,439,786,742,158,615,616,111,613,614,1768,1177,371,1223,727,370,825,726,478,890,185,132,212,162,162,233,,,,,,,,,,,,,,,,,,,,,,,,,,,,,,,,,,,,,,,,,,,,,,,,,,,,,,,,,,,,,,,,,,,,,,,,,,,,,,,,,,,,,,,,,,,,,,,,,,,,,,,,,,,,,,,,,,,,,,,,,,,,,,,,,,,,
ACSSF,2015m1,dc,000,0091,0000002,848,2438,2349,923,2241,2290,922,692,842,441,1160,1251,736,912,1205,737,766,972,304,806,839,780,822,1184,699,519,799,287,436,510,4,556,557,552,201,597,555,231,581,2596,1728,1097,490,1100,974,608,1188,541,362,648,134,547,545,145,483,490,1526,1269,315,1282,948,210,976,394,251,461,477,177,513,333,173,381,2554,1419,899,231,913,867,944,1345,439,786,742,158,615,616,111,613,614,1768,1177,371,1223,727,370,825,726,478,890,185,132,212,162,162,233,,,,,,,,,,,,,,,,,,,,,,,,,,,,,,,,,,,,,,,,,,,,,,,,,,,,,,,,,,,,,,,,,,,,,,,,,,,,,,,,,,,,,,,,,,,,,,,,,,,,,,,,,,,,,,,,,,,,,,,,,,,,,,,,,,,,
ACSSF,2015m1,dc,000,0091,0000003,848,2438,2349,923,2241,2290,922,692,842,441,1160,1251,736,912,1205,737,766,972,304,806,839,780,822,1184,699,519,799,287,436,510,4,556,557,552,201,597,555,231,581,2596,1728,1097,490,1100,974,608,1188,541,362,648,134,547,545,145,483,490,1526,1269,315,1282,948,210,976,394,251,461,477,177,513,333,173,381,2554,1419,899,231,913,867,944,1345,439,786,742,158,615,616,111,613,614,1768,1177,371,1223,727,370,825,726,478,890,185,132,212,162,162,233,,,,,,,,,,,,,,,,,,,,,,,,,,,,,,,,,,,,,,,,,,,,,,,,,,,,,,,,,,,,,,,,,,,,,,,,,,,,,,,,,,,,,,,,,,,,,,,,,,,,,,,,,,,,,,,,,,,,,,,,,,,,,,,,,,,,
ACSSF,2015m1,dc,000,0091,0000004,848,2438,2349,923,2241,2290,922,692,842,441,1160,1251,736,912,1205,737,766,972,304,806,839,780,822,1184,699,519,799,287,436,510,4,556,557,552,201,597,555,231,581,2596,1728,1097,490,1100,974,608,1188,541,362,648,134,547,545,145,483,490,1526,1269,315,1282,948,210,976,394,251,461,477,177,513,333,173,381,2554,1419,899,231,913,867,944,1345,439,786,742,158,615,616,111,613,614,1768,1177,371,1223,727,370,825,726,478,890,185,132,212,162,162,233,,,,,,,,,,,,,,,,,,,,,,,,,,,,,,,,,,,,,,,,,,,,,,,,,,,,,,,,,,,,,,,,,,,,,,,,,,,,,,,,,,,,,,,,,,,,,,,,,,,,,,,,,,,,,,,,,,,,,,,,,,,,,,,,,,,,
ACSSF,2015m1,dc,000,0091,0000005,848,2438,2349,923,2241,2290,922,692,842,441,1160,1251,736,912,1205,737,766,972,304,806,839,780,822,1184,699,519,799,287,436,510,4,556,557,552,201,597,555,231,581,2596,1728,1097,490,1100,974,608,1188,541,362,648,134,547,545,145,483,490,1526,1269,315,1282,948,210,976,394,251,461,477,177,513,333,173,381,2554,1419,899,231,913,867,944,1345,439,786,742,158,615,616,111,613,614,1768,1177,371,1223,727,370,825,726,478,890,185,132,212,162,162,233,,,,,,,,,,,,,,,,,,,,,,,,,,,,,,,,,,,,,,,,,,,,,,,,,,,,,,,,,,,,,,,,,,,,,,,,,,,,,,,,,,,,,,,,,,,,,,,,,,,,,,,,,,,,,,,,,,,,,,,,,,,,,,,,,,,,
ACSSF,2015m1,dc,000,0091,0000006,848,2438,2349,923,2241,2290,922,692,842,441,1160,1251,736,912,1205,737,766,972,304,806,839,780,822,1184,699,519,799,287,436,510,4,556,557,552,201,597,555,231,581,2596,1728,1097,490,1100,974,608,1188,541,362,648,134,547,545,145,483,490,1526,1269,315,1282,948,210,976,394,251,461,477,177,513,333,173,381,2554,1419,899,231,913,867,944,1345,439,786,742,158,615,616,111,613,614,1768,1177,371,1223,727,370,825,726,478,890,185,132,212,162,162,233,,,,,,,,,,,,,,,,,,,,,,,,,,,,,,,,,,,,,,,,,,,,,,,,,,,,,,,,,,,,,,,,,,,,,,,,,,,,,,,,,,,,,,,,,,,,,,,,,,,,,,,,,,,,,,,,,,,,,,,,,,,,,,,,,,,,
ACSSF,2015m1,dc,000,0091,0000007,848,2438,2349,923,2241,2290,922,692,842,441,1160,1251,736,912,1205,737,766,972,304,806,839,780,822,1184,699,519,799,287,436,510,4,556,557,552,201,597,555,231,581,2596,1728,1097,490,1100,974,608,1188,541,362,648,134,547,545,145,483,490,1526,1269,315,1282,948,210,976,394,251,461,477,177,513,333,173,381,2554,1419,899,231,913,867,944,1345,439,786,742,158,615,616,111,613,614,1768,1177,371,1223,727,370,825,726,478,890,185,132,212,162,162,233,,,,,,,,,,,,,,,,,,,,,,,,,,,,,,,,,,,,,,,,,,,,,,,,,,,,,,,,,,,,,,,,,,,,,,,,,,,,,,,,,,,,,,,,,,,,,,,,,,,,,,,,,,,,,,,,,,,,,,,,,,,,,,,,,,,,
ACSSF,2015m1,dc,000,0091,0000008,848,2438,2349,923,2241,2290,922,692,842,441,1160,1251,736,912,1205,737,766,972,304,806,839,780,822,1184,699,519,799,287,436,510,4,556,557,552,201,597,555,231,581,2596,1728,1097,490,1100,974,608,1188,541,362,648,134,547,545,145,483,490,1526,1269,315,1282,948,210,976,394,251,461,477,177,513,333,173,381,2554,1419,899,231,913,867,944,1345,439,786,742,158,615,616,111,613,614,1768,1177,371,1223,727,370,825,726,478,890,185,132,212,162,162,233,,,,,,,,,,,,,,,,,,,,,,,,,,,,,,,,,,,,,,,,,,,,,,,,,,,,,,,,,,,,,,,,,,,,,,,,,,,,,,,,,,,,,,,,,,,,,,,,,,,,,,,,,,,,,,,,,,,,,,,,,,,,,,,,,,,,
ACSSF,2015m1,dc,000,0091,0000009,848,2438,2349,923,2241,2290,922,692,842,441,1160,1251,736,912,1205,737,766,972,304,806,839,780,822,1184,699,519,799,287,436,510,4,556,557,552,201,597,555,231,581,2596,1728,1097,490,1100,974,608,1188,541,362,648,134,547,545,145,483,490,1526,1269,315,1282,948,210,976,394,251,461,477,177,513,333,173,381,2554,1419,899,231,913,867,944,1345,439,786,742,158,615,616,111,613,614,1768,1177,371,1223,727,370,825,726,478,890,185,132,212,162,162,233,,,,,,,,,,,,,,,,,,,,,,,,,,,,,,,,,,,,,,,,,,,,,,,,,,,,,,,,,,,,,,,,,,,,,,,,,,,,,,,,,,,,,,,,,,,,,,,,,,,,,,,,,,,,,,,,,,,,,,,,,,,,,,,,,,,,
ACSSF,2015m1,dc,000,0091,0000010,4293,732,4516,3535,725,3721,3109,162,3135,1676,483,1606,930,204,901,642,420,642,668,336,587,2917,248,2898,2282,101,2288,1823,200,1823,846,200,846,743,141,727,710,170,775,3207,2201,1612,163,1622,1336,314,1297,855,161,827,556,365,566,494,340,459,2382,1850,101,1856,1279,200,1279,683,200,683,656,141,640,549,170,593,,,,,,,,,,,,,,,,,,,,,,,,,,,,,,,,,,,,,,,,,,,,,,,,,,,,,,,,,,,,,,,,,,,,,,,,,,,,,,,,,,,,,,,,,,,,,,,,,,,,,,,,,,,,,,,,,,,,,,,,,,,,,,,,,,,,,,,,,,,,,,,,,,,,,,,,,,,,,,,,,,,,,
ACSSF,2015m1,dc,000,0091,0000011,5639,1225,5285,3927,1160,3677,2494,481,2525,1649,720,1655,1432,391,1353,1076,352,997,705,542,450,2889,519,2894,1990,455,1957,1842,285,1854,977,200,977,795,112,787,839,114,837,2778,2066,1473,407,1500,1035,209,1012,458,49,450,273,31,274,293,248,119,1680,1164,266,1135,932,59,937,419,200,419,270,112,253,263,31,262,4521,2609,1432,200,1432,1241,699,1251,980,366,849,713,351,583,515,439,338,2830,1550,313,1484,1484,275,1521,1033,200,1033,567,200,567,774,110,769,,,,,,,,,,,,,,,,,,,,,,,,,,,,,,,,,,,,,,,,,,,,,,,,,,,,,,,,,,,,,,,,,,,,,,,,,,,,,,,,,,,,,,,,,,,,,,,,,,,,,,,,,,,,,,,,,,,,,,,,,,,,,,,,,,,,
ACSSF,2015m1,dc,000,0091,0000012,5335,1244,5037,3374,1174,3141,2293,357,2210,1762,602,1676,1090,590,958,705,384,577,636,464,545,3163,317,3155,2067,144,2045,1634,213,1624,1258,184,1251,747,200,747,949,91,940,2702,1863,1374,181,1344,1019,346,1010,447,163,415,382,148,371,416,308,323,1703,1502,93,1489,904,159,882,529,85,523,375,200,375,375,200,375,4295,2694,1565,215,1537,1364,428,1315,982,555,801,593,341,411,465,302,472,2465,1064,112,1054,1258,108,1254,1051,163,1047,709,200,709,786,91,768,,,,,,,,,,,,,,,,,,,,,,,,,,,,,,,,,,,,,,,,,,,,,,,,,,,,,,,,,,,,,,,,,,,,,,,,,,,,,,,,,,,,,,,,,,,,,,,,,,,,,,,,,,,,,,,,,,,,,,,,,,,,,,,,,,,,
ACSSF,2015m1,dc,000,0091,0000013,5613,1094,5585,3395,912,3325,2134,114,2141,1723,593,1621,1122,374,1129,1005,447,858,584,343,399,3431,465,3430,2165,164,2134,1893,200,1851,1147,417,1176,889,122,868,786,69,792,,,,,,,,,,,,,,,,,,,,,,,,,,,,,,,,,,5202,3202,1948,66,1952,1689,523,1589,1074,347,1089,997,435,858,584,339,399,3261,2034,164,2006,1824,172,1814,1195,348,1231,882,122,860,786,69,791,,,,,,,,,,,,,,,,,,,,,,,,,,,,,,,,,,,,,,,,,,,,,,,,,,,,,,,,,,,,,,,,,,,,,,,,,,,,,,,,,,,,,,,,,,,,,,,,,,,,,,,,,,,,,,,,,,,,,,,,,,,,,,,,,,,,
ACSSF,2015m1,dc,000,0091,0000014,6505,887,6579,4750,880,4765,3076,382,3073,2445,471,2408,1053,356,1013,697,400,676,703,573,451,3768,337,3773,2952,121,2955,1904,79,1910,1077,318,1060,735,53,732,865,200,865,3677,2387,1724,204,1752,1438,306,1439,749,274,758,495,360,483,374,327,125,2645,2296,109,2304,1361,79,1360,607,151,603,494,200,494,426,200,426,4062,2551,1776,61,1774,1470,318,1443,715,221,684,631,167,587,611,463,445,2620,1571,200,1571,991,200,991,841,284,839,546,53,544,769,200,769,,,,,,,,,,,,,,,,,,,,,,,,,,,,,,,,,,,,,,,,,,,,,,,,,,,,,,,,,,,,,,,,,,,,,,,,,,,,,,,,,,,,,,,,,,,,,,,,,,,,,,,,,,,,,,,,,,,,,,,,,,,,,,,,,,,,
ACSSF,2015m1,dc,000,0091,0000015,848,2438,2349,923,2241,2290,922,692,842,441,1160,1251,736,912,1205,737,766,972,304,806,839,780,822,1184,699,519,799,287,436,510,4,556,557,552,201,597,555,231,581,2596,1728,1097,490,1100,974,608,1188,541,362,648,134,547,545,145,483,490,1526,1269,315,1282,948,210,976,394,251,461,477,177,513,333,173,381,2554,1419,899,231,913,867,944,1345,439,786,742,158,615,616,111,613,614,1768,1177,371,1223,727,370,825,726,478,890,185,132,212,162,162,233,,,,,,,,,,,,,,,,,,,,,,,,,,,,,,,,,,,,,,,,,,,,,,,,,,,,,,,,,,,,,,,,,,,,,,,,,,,,,,,,,,,,,,,,,,,,,,,,,,,,,,,,,,,,,,,,,,,,,,,,,,,,,,,,,,,,
