ACSSF,2015m1,dc,000,0067,0000001,,,,,,,,,,,,,,,,,,,,,,,,,,,,,,,,,,,,,,,,,,,,,,,,,,,,,,,,,,,,,,,,,,,,,,,,,,,,,,,,,,,3853,2145,1020,881,1860,879,722,1741,1685,3823,3446,2758,3157,1655,1183,2662,1833,2129,473,182,200,447,66,66,444,430,2205,2300,1527,976,671,462,717,535,2808,1998,901,766,1711,584,366,1656,1549,2525,1973,1711,2535,1446,1112,2256,1572,,,,,,,,,,,,,,,,,,,,,,,,,,,,,,,,,,,,,,,,,,,,,,,,,,,,1384,844,360,360,781,662,606,454,454,1231,1159,1006,608,383,141,502,471,,,,,,,,,,,,,,,,,,2094,452,120,200,444,200,200,444,430,2144,2147,1375,849,539,389,661,475
ACSSF,2015m1,dc,000,0067,0000002,,,,,,,,,,,,,,,,,,,,,,,,,,,,,,,,,,,,,,,,,,,,,,,,,,,,,,,,,,,,,,,,,,,,,,,,,,,,,,,,,,,3853,2145,1020,881,1860,879,722,1741,1685,3823,3446,2758,3157,1655,1183,2662,1833,2129,473,182,200,447,66,66,444,430,2205,2300,1527,976,671,462,717,535,2808,1998,901,766,1711,584,366,1656,1549,2525,1973,1711,2535,1446,1112,2256,1572,,,,,,,,,,,,,,,,,,,,,,,,,,,,,,,,,,,,,,,,,,,,,,,,,,,,1384,844,360,360,781,662,606,454,454,1231,1159,1006,608,383,141,502,471,,,,,,,,,,,,,,,,,,2094,452,120,200,444,200,200,444,430,2144,2147,1375,849,539,389,661,475
ACSSF,2015m1,dc,000,0067,0000003,,,,,,,,,,,,,,,,,,,,,,,,,,,,,,,,,,,,,,,,,,,,,,,,,,,,,,,,,,,,,,,,,,,,,,,,,,,,,,,,,,,3853,2145,1020,881,1860,879,722,1741,1685,3823,3446,2758,3157,1655,1183,2662,1833,2129,473,182,200,447,66,66,444,430,2205,2300,1527,976,671,462,717,535,2808,1998,901,766,1711,584,366,1656,1549,2525,1973,1711,2535,1446,1112,2256,1572,,,,,,,,,,,,,,,,,,,,,,,,,,,,,,,,,,,,,,,,,,,,,,,,,,,,1384,844,360,360,781,662,606,454,454,1231,1159,1006,608,383,141,502,471,,,,,,,,,,,,,,,,,,2094,452,120,200,444,200,200,444,430,2144,2147,1375,849,539,389,661,475
ACSSF,2015m1,dc,000,0067,0000004,,,,,,,,,,,,,,,,,,,,,,,,,,,,,,,,,,,,,,,,,,,,,,,,,,,,,,,,,,,,,,,,,,,,,,,,,,,,,,,,,,,3853,2145,1020,881,1860,879,722,1741,1685,3823,3446,2758,3157,1655,1183,2662,1833,2129,473,182,200,447,66,66,444,430,2205,2300,1527,976,671,462,717,535,2808,1998,901,766,1711,584,366,1656,1549,2525,1973,1711,2535,1446,1112,2256,1572,,,,,,,,,,,,,,,,,,,,,,,,,,,,,,,,,,,,,,,,,,,,,,,,,,,,1384,844,360,360,781,662,606,454,454,1231,1159,1006,608,383,141,502,471,,,,,,,,,,,,,,,,,,2094,452,120,200,444,200,200,444,430,2144,2147,1375,849,539,389,661,475
ACSSF,2015m1,dc,000,0067,0000005,,,,,,,,,,,,,,,,,,,,,,,,,,,,,,,,,,,,,,,,,,,,,,,,,,,,,,,,,,,,,,,,,,,,,,,,,,,,,,,,,,,3853,2145,1020,881,1860,879,722,1741,1685,3823,3446,2758,3157,1655,1183,2662,1833,2129,473,182,200,447,66,66,444,430,2205,2300,1527,976,671,462,717,535,2808,1998,901,766,1711,584,366,1656,1549,2525,1973,1711,2535,1446,1112,2256,1572,,,,,,,,,,,,,,,,,,,,,,,,,,,,,,,,,,,,,,,,,,,,,,,,,,,,1384,844,360,360,781,662,606,454,454,1231,1159,1006,608,383,141,502,471,,,,,,,,,,,,,,,,,,2094,452,120,200,444,200,200,444,430,2144,2147,1375,849,539,389,661,475
ACSSF,2015m1,dc,000,0067,0000006,,,,,,,,,,,,,,,,,,,,,,,,,,,,,,,,,,,,,,,,,,,,,,,,,,,,,,,,,,,,,,,,,,,,,,,,,,,,,,,,,,,3853,2145,1020,881,1860,879,722,1741,1685,3823,3446,2758,3157,1655,1183,2662,1833,2129,473,182,200,447,66,66,444,430,2205,2300,1527,976,671,462,717,535,2808,1998,901,766,1711,584,366,1656,1549,2525,1973,1711,2535,1446,1112,2256,1572,,,,,,,,,,,,,,,,,,,,,,,,,,,,,,,,,,,,,,,,,,,,,,,,,,,,1384,844,360,360,781,662,606,454,454,1231,1159,1006,608,383,141,502,471,,,,,,,,,,,,,,,,,,2094,452,120,200,444,200,200,444,430,2144,2147,1375,849,539,389,661,475
ACSSF,2015m1,dc,000,0067,0000007,,,,,,,,,,,,,,,,,,,,,,,,,,,,,,,,,,,,,,,,,,,,,,,,,,,,,,,,,,,,,,,,,,,,,,,,,,,,,,,,,,,3853,2145,1020,881,1860,879,722,1741,1685,3823,3446,2758,3157,1655,1183,2662,1833,2129,473,182,200,447,66,66,444,430,2205,2300,1527,976,671,462,717,535,2808,1998,901,766,1711,584,366,1656,1549,2525,1973,1711,2535,1446,1112,2256,1572,,,,,,,,,,,,,,,,,,,,,,,,,,,,,,,,,,,,,,,,,,,,,,,,,,,,1384,844,360,360,781,662,606,454,454,1231,1159,1006,608,383,141,502,471,,,,,,,,,,,,,,,,,,2094,452,120,200,444,200,200,444,430,2144,2147,1375,849,539,389,661,475
ACSSF,2015m1,dc,000,0067,0000008,,,,,,,,,,,,,,,,,,,,,,,,,,,,,,,,,,,,,,,,,,,,,,,,,,,,,,,,,,,,,,,,,,,,,,,,,,,,,,,,,,,3853,2145,1020,881,1860,879,722,1741,1685,3823,3446,2758,3157,1655,1183,2662,1833,2129,473,182,200,447,66,66,444,430,2205,2300,1527,976,671,462,717,535,2808,1998,901,766,1711,584,366,1656,1549,2525,1973,1711,2535,1446,1112,2256,1572,,,,,,,,,,,,,,,,,,,,,,,,,,,,,,,,,,,,,,,,,,,,,,,,,,,,1384,844,360,360,781,662,606,454,454,1231,1159,1006,608,383,141,502,471,,,,,,,,,,,,,,,,,,2094,452,120,200,444,200,200,444,430,2144,2147,1375,849,539,389,661,475
ACSSF,2015m1,dc,000,0067,0000009,,,,,,,,,,,,,,,,,,,,,,,,,,,,,,,,,,,,,,,,,,,,,,,,,,,,,,,,,,,,,,,,,,,,,,,,,,,,,,,,,,,3853,2145,1020,881,1860,879,722,1741,1685,3823,3446,2758,3157,1655,1183,2662,1833,2129,473,182,200,447,66,66,444,430,2205,2300,1527,976,671,462,717,535,2808,1998,901,766,1711,584,366,1656,1549,2525,1973,1711,2535,1446,1112,2256,1572,,,,,,,,,,,,,,,,,,,,,,,,,,,,,,,,,,,,,,,,,,,,,,,,,,,,1384,844,360,360,781,662,606,454,454,1231,1159,1006,608,383,141,502,471,,,,,,,,,,,,,,,,,,2094,452,120,200,444,200,200,444,430,2144,2147,1375,849,539,389,661,475
ACSSF,2015m1,dc,000,0067,0000010,,,,,,,,,,,,,,,,,,,,,,,,,,,,,,,,,,,,,,,,,,,,,,,,,,,,,,,,,,,,,,,,,,,,,,,,,,,,,,,,,,,1899,449,99,200,438,66,66,434,434,1970,1794,1438,869,494,438,652,464,,,,,,,,,,,,,,,,,,,,,,,,,,,,,,,,,,,,,,,,,,,,,,,,,,,,,,,,,,,,,,,,,,,,,,,,,,,,,,,,,,,,,,,,,,,,,,,,,,,,,,,,,,,,,,,,,,,,,,,,,,,,,,,,,,,,,,,,
ACSSF,2015m1,dc,000,0067,0000011,,,,,,,,,,,,,,,,,,,,,,,,,,,,,,,,,,,,,,,,,,,,,,,,,,,,,,,,,,,,,,,,,,,,,,,,,,,,,,,,,,,2068,1006,447,425,1007,644,589,708,623,1984,1435,1218,1459,782,522,1124,728,,,,,,,,,,,,,,,,,,1604,624,265,239,573,57,200,568,456,1534,843,593,1271,633,440,1038,635,,,,,,,,,,,,,,,,,,,,,,,,,,,,,,,,,,,,,,,,,,,,,,,,,,,,1167,833,360,360,758,639,589,412,412,989,871,841,485,364,141,309,255,,,,,,,,,,,,,,,,,,,,,,,,,,,,,,,,,,
ACSSF,2015m1,dc,000,0067,0000012,,,,,,,,,,,,,,,,,,,,,,,,,,,,,,,,,,,,,,,,,,,,,,,,,,,,,,,,,,,,,,,,,,,,,,,,,,,,,,,,,,,1715,513,228,108,482,126,103,478,471,1621,1219,1018,1142,572,389,1010,860,,,,,,,,,,,,,,,,,,1409,514,189,108,478,109,81,478,471,1328,825,615,1129,477,337,1059,861,,,,,,,,,,,,,,,,,,,,,,,,,,,,,,,,,,,,,,,,,,,,,,,,,,,,,,,,,,,,,,,,,,,,,,,,,,,,,,,,,,,,,,,,,,,,,,,,,,,,,,
ACSSF,2015m1,dc,000,0067,0000013,,,,,,,,,,,,,,,,,,,,,,,,,,,,,,,,,,,,,,,,,,,,,,,,,,,,,,,,,,,,,,,,,,,,,,,,,,,,,,,,,,,2396,1730,677,585,1524,476,358,1441,1397,2004,1438,1122,1918,971,717,1931,1514,,,,,,,,,,,,,,,,,,2233,1687,677,585,1504,494,316,1401,1331,1854,1252,992,1855,928,718,1908,1518,,,,,,,,,,,,,,,,,,,,,,,,,,,,,,,,,,,,,,,,,,,,,,,,,,,,,,,,,,,,,,,,,,,,,,,,,,,,,,,,,,,,,,,,,,,,,,,,,,,,,,
ACSSF,2015m1,dc,000,0067,0000014,,,,,,,,,,,,,,,,,,,,,,,,,,,,,,,,,,,,,,,,,,,,,,,,,,,,,,,,,,,,,,,,,,,,,,,,,,,,,,,,,,,1982,542,243,119,475,185,161,475,402,1876,1649,955,1197,266,92,1091,704,,,,,,,,,,,,,,,,,,975,536,206,119,475,185,161,475,402,840,586,450,704,113,62,697,265,,,,,,,,,,,,,,,,,,,,,,,,,,,,,,,,,,,,,,,,,,,,,,,,,,,,,,,,,,,,,,,,,,,,,,,,,,,,,,,,,,,,,,,,,,,,,,,,,,,,,,
ACSSF,2015m1,dc,000,0067,0000015,,,,,,,,,,,,,,,,,,,,,,,,,,,,,,,,,,,,,,,,,,,,,,,,,,,,,,,,,,,,,,,,,,,,,,,,,,,,,,,,,,,3853,2145,1020,881,1860,879,722,1741,1685,3823,3446,2758,3157,1655,1183,2662,1833,2129,473,182,200,447,66,66,444,430,2205,2300,1527,976,671,462,717,535,2808,1998,901,766,1711,584,366,1656,1549,2525,1973,1711,2535,1446,1112,2256,1572,,,,,,,,,,,,,,,,,,,,,,,,,,,,,,,,,,,,,,,,,,,,,,,,,,,,1384,844,360,360,781,662,606,454,454,1231,1159,1006,608,383,141,502,471,,,,,,,,,,,,,,,,,,2094,452,120,200,444,200,200,444,430,2144,2147,1375,849,539,389,661,475
