ACSSF,2015m1,dc,000,0011,0000001,788,293,121,667,680,180,666,257,1784,1714,941,1476,736,117,330,302,200,302,721,2184,2106,1269,1964,0,319,319,579,531,71,534,0,2006,2006,1372,2056,318,318,880,793,67,793,0,1415,1415,1054,1494,0.2,0.3,0.2,0.2,0.3,0.4,1.2,1.2,1.7,1.9,2.4,3.8,1.3,1.3,1.9,5716,4331,932,4055,864,3916,3172,948,3061,2063,2741,2717,1079,2500,2035,1490,2681,1475,2707,2137,1748,,,,,,,,,,,,,,,,,,,,,,0,699,599,1181,1014,419,3408,3363,699,598,1067,865,418,3282,3263,5716,4331,932,4055,3172,948,3061,2717,1079,2500,2681,1475,2707
ACSSF,2015m1,dc,000,0011,0000002,788,293,121,667,680,180,666,257,1784,1714,941,1476,736,117,330,302,200,302,721,2184,2106,1269,1964,0,319,319,579,531,71,534,0,2006,2006,1372,2056,318,318,880,793,67,793,0,1415,1415,1054,1494,0.2,0.3,0.2,0.2,0.3,0.4,1.2,1.2,1.7,1.9,2.4,3.8,1.3,1.3,1.9,5716,4331,932,4055,864,3916,3172,948,3061,2063,2741,2717,1079,2500,2035,1490,2681,1475,2707,2137,1748,,,,,,,,,,,,,,,,,,,,,,0,699,599,1181,1014,419,3408,3363,699,598,1067,865,418,3282,3263,5716,4331,932,4055,3172,948,3061,2717,1079,2500,2681,1475,2707
ACSSF,2015m1,dc,000,0011,0000003,788,293,121,667,680,180,666,257,1784,1714,941,1476,736,117,330,302,200,302,721,2184,2106,1269,1964,0,319,319,579,531,71,534,0,2006,2006,1372,2056,318,318,880,793,67,793,0,1415,1415,1054,1494,0.2,0.3,0.2,0.2,0.3,0.4,1.2,1.2,1.7,1.9,2.4,3.8,1.3,1.3,1.9,5716,4331,932,4055,864,3916,3172,948,3061,2063,2741,2717,1079,2500,2035,1490,2681,1475,2707,2137,1748,,,,,,,,,,,,,,,,,,,,,,0,699,599,1181,1014,419,3408,3363,699,598,1067,865,418,3282,3263,5716,4331,932,4055,3172,948,3061,2717,1079,2500,2681,1475,2707
ACSSF,2015m1,dc,000,0011,0000004,788,293,121,667,680,180,666,257,1784,1714,941,1476,736,117,330,302,200,302,721,2184,2106,1269,1964,0,319,319,579,531,71,534,0,2006,2006,1372,2056,318,318,880,793,67,793,0,1415,1415,1054,1494,0.2,0.3,0.2,0.2,0.3,0.4,1.2,1.2,1.7,1.9,2.4,3.8,1.3,1.3,1.9,5716,4331,932,4055,864,3916,3172,948,3061,2063,2741,2717,1079,2500,2035,1490,2681,1475,2707,2137,1748,,,,,,,,,,,,,,,,,,,,,,0,699,599,1181,1014,419,3408,3363,699,598,1067,865,418,3282,3263,5716,4331,932,4055,3172,948,3061,2717,1079,2500,2681,1475,2707
ACSSF,2015m1,dc,000,0011,0000005,788,293,121,667,680,180,666,257,1784,1714,941,1476,736,117,330,302,200,302,721,2184,2106,1269,1964,0,319,319,579,531,71,534,0,2006,2006,1372,2056,318,318,880,793,67,793,0,1415,1415,1054,1494,0.2,0.3,0.2,0.2,0.3,0.4,1.2,1.2,1.7,1.9,2.4,3.8,1.3,1.3,1.9,5716,4331,932,4055,864,3916,3172,948,3061,2063,2741,2717,1079,2500,2035,1490,2681,1475,2707,2137,1748,,,,,,,,,,,,,,,,,,,,,,0,699,599,1181,1014,419,3408,3363,699,598,1067,865,418,3282,3263,5716,4331,932,4055,3172,948,3061,2717,1079,2500,2681,1475,2707
ACSSF,2015m1,dc,000,0011,0000006,788,293,121,667,680,180,666,257,1784,1714,941,1476,736,117,330,302,200,302,721,2184,2106,1269,1964,0,319,319,579,531,71,534,0,2006,2006,1372,2056,318,318,880,793,67,793,0,1415,1415,1054,1494,0.2,0.3,0.2,0.2,0.3,0.4,1.2,1.2,1.7,1.9,2.4,3.8,1.3,1.3,1.9,5716,4331,932,4055,864,3916,3172,948,3061,2063,2741,2717,1079,2500,2035,1490,2681,1475,2707,2137,1748,,,,,,,,,,,,,,,,,,,,,,0,699,599,1181,1014,419,3408,3363,699,598,1067,865,418,3282,3263,5716,4331,932,4055,3172,948,3061,2717,1079,2500,2681,1475,2707
ACSSF,2015m1,dc,000,0011,0000007,788,293,121,667,680,180,666,257,1784,1714,941,1476,736,117,330,302,200,302,721,2184,2106,1269,1964,0,319,319,579,531,71,534,0,2006,2006,1372,2056,318,318,880,793,67,793,0,1415,1415,1054,1494,0.2,0.3,0.2,0.2,0.3,0.4,1.2,1.2,1.7,1.9,2.4,3.8,1.3,1.3,1.9,5716,4331,932,4055,864,3916,3172,948,3061,2063,2741,2717,1079,2500,2035,1490,2681,1475,2707,2137,1748,,,,,,,,,,,,,,,,,,,,,,0,699,599,1181,1014,419,3408,3363,699,598,1067,865,418,3282,3263,5716,4331,932,4055,3172,948,3061,2717,1079,2500,2681,1475,2707
ACSSF,2015m1,dc,000,0011,0000008,788,293,121,667,680,180,666,257,1784,1714,941,1476,736,117,330,302,200,302,721,2184,2106,1269,1964,0,319,319,579,531,71,534,0,2006,2006,1372,2056,318,318,880,793,67,793,0,1415,1415,1054,1494,0.2,0.3,0.2,0.2,0.3,0.4,1.2,1.2,1.7,1.9,2.4,3.8,1.3,1.3,1.9,5716,4331,932,4055,864,3916,3172,948,3061,2063,2741,2717,1079,2500,2035,1490,2681,1475,2707,2137,1748,,,,,,,,,,,,,,,,,,,,,,0,699,599,1181,1014,419,3408,3363,699,598,1067,865,418,3282,3263,5716,4331,932,4055,3172,948,3061,2717,1079,2500,2681,1475,2707
ACSSF,2015m1,dc,000,0011,0000009,788,293,121,667,680,180,666,257,1784,1714,941,1476,736,117,330,302,200,302,721,2184,2106,1269,1964,0,319,319,579,531,71,534,0,2006,2006,1372,2056,318,318,880,793,67,793,0,1415,1415,1054,1494,0.2,0.3,0.2,0.2,0.3,0.4,1.2,1.2,1.7,1.9,2.4,3.8,1.3,1.3,1.9,5716,4331,932,4055,864,3916,3172,948,3061,2063,2741,2717,1079,2500,2035,1490,2681,1475,2707,2137,1748,,,,,,,,,,,,,,,,,,,,,,0,699,599,1181,1014,419,3408,3363,699,598,1067,865,418,3282,3263,5716,4331,932,4055,3172,948,3061,2717,1079,2500,2681,1475,2707
ACSSF,2015m1,dc,000,0011,0000010,3705,2413,1101,1071,620,200,620,2027,1917,1083,640,898,2440,845,850,151,200,151,2181,2045,1022,802,696,2523,1483,790,786,50,50,200,1020,942,663,483,509,1581,691,549,435,67,431,1306,896,867,668,590,1.2,3.4,1.4,2.4,4.6,2.6,2.1,3.4,2.4,6.9,14.0,6.5,2.4,3.9,3.0,3244,2184,650,1992,154,1988,1468,553,1230,958,934,1231,491,1157,814,710,1545,915,1450,1055,650,,,,,,,,,,,,,,,,,,,,,,5566,4047,1591,1575,652,3525,3213,1467,3425,1409,1339,480,2917,2632,1681,3244,2184,650,1992,1468,553,1230,1231,491,1157,1545,915,1450
ACSSF,2015m1,dc,000,0011,0000011,2349,1875,708,729,279,200,279,1718,1384,1035,661,535,1584,438,438,200,200,200,1490,1510,436,305,321,4853,3020,1299,1154,514,50,521,2232,1299,2130,846,2080,2372,1006,907,642,200,642,1643,1191,1486,733,1273,1.4,1.3,2.0,1.3,1.7,2.4,2.9,4.3,4.9,6.5,5.6,6.7,4.6,4.2,6.0,4720,1732,83,1732,271,1728,2994,384,2962,1396,2725,1904,539,1738,1334,963,1547,509,1452,1099,930,,,,,,,,,,,,,,,,,,,,,,7113,4814,1942,1892,693,3924,3275,2815,3454,1449,1479,652,2899,2926,2039,4720,1732,83,1732,2994,384,2962,1904,539,1738,1547,509,1452
ACSSF,2015m1,dc,000,0011,0000012,2875,1959,633,633,200,200,200,1700,1674,354,205,249,1769,636,632,65,200,65,1519,1539,246,155,202,2412,1307,602,603,103,200,103,895,616,652,606,265,1334,586,586,200,200,200,976,557,785,474,526,1.1,1.6,2.1,1.2,1.7,1.7,2.5,2.4,3.8,3.7,3.9,8.2,5.9,6.4,10.7,1863,915,294,837,84,811,683,128,679,472,407,706,171,661,625,302,1190,323,1194,982,656,,,,,,,,,,,,,,,,,,,,,,6452,3775,1684,1684,167,3182,2800,1024,3879,1431,1427,91,3165,3056,1224,1863,915,294,837,683,128,679,706,171,661,1190,323,1194
ACSSF,2015m1,dc,000,0011,0000013,,,,,,,,,,,,,,,,,,,,,,,,,,,,,,,,,,,,,,,,,,,,,,,1.4,1.7,1.1,1.4,1.6,1.3,4.3,12.4,5.7,7.9,13.5,8.5,12.6,28.8,14.5,1810,574,214,483,130,451,789,479,639,613,310,771,93,755,642,297,650,402,620,474,393,,,,,,,,,,,,,,,,,,,,,,7832,4541,1982,1968,216,3546,3458,903,4447,1958,1956,34,3451,3394,908,1810,574,214,483,789,479,639,771,93,755,650,402,620
ACSSF,2015m1,dc,000,0011,0000014,3748,2281,643,616,143,200,143,2219,2025,1009,469,929,2751,582,562,247,200,247,2529,2631,1891,718,1790,3318,2428,1357,1357,200,200,200,1611,1135,1334,761,1234,1617,698,698,200,200,200,1194,964,887,520,794,0.4,0.8,0.6,0.5,0.8,0.7,1.4,1.8,2.2,3.6,3.4,4.8,2.4,3.9,3.0,3572,3203,635,3010,767,2988,1209,485,1165,588,1024,1426,702,1261,830,957,1738,727,1619,1295,1031,,,,,,,,,,,,,,,,,,,,,,7938,5466,1666,1662,316,4796,3856,2133,4397,1430,1382,247,3789,3742,2459,3572,3203,635,3010,1209,485,1165,1426,702,1261,1738,727,1619
ACSSF,2015m1,dc,000,0011,0000015,788,293,121,667,680,180,666,257,1784,1714,941,1476,736,117,330,302,200,302,721,2184,2106,1269,1964,0,319,319,579,531,71,534,0,2006,2006,1372,2056,318,318,880,793,67,793,0,1415,1415,1054,1494,0.2,0.3,0.2,0.2,0.3,0.4,1.2,1.2,1.7,1.9,2.4,3.8,1.3,1.3,1.9,5716,4331,932,4055,864,3916,3172,948,3061,2063,2741,2717,1079,2500,2035,1490,2681,1475,2707,2137,1748,,,,,,,,,,,,,,,,,,,,,,0,699,599,1181,1014,419,3408,3363,699,598,1067,865,418,3282,3263,5716,4331,932,4055,3172,948,3061,2717,1079,2500,2681,1475,2707
