ACSSF,2016m1,dc,000,0046,0000001,2277,1409,1171,779,2277,1248,1083,706,2187,,,,375,1524,911,163,248,585,203,539,1418,1554,1524,911,349,341,74,827,408,629,1418,906,1036,,,,,,,,1397,781,488,515,1343,869,919,,,,,,,,,,,,,,,,,,,,,,,,,,,,,,,,,,,,,,,,,,,,,,,,,,1524,844,676,398,514,638,1398,532,335,381,1294,1524,1379,774,453,518,1333,724,453,188,364,568,,,,,,,,,,,,,,,,,,1524,740,223,140,171,674,1111,838,493,564,1085,1524,1271,509,310,334,1057,1050,732,424,538,1001,1524,1081,399,397,163,1035,1212,726,366,603,1045,1524,845,530,230,469,658,1411,708,467,433,1294,3152,1108,723,347,631,1082,3311
ACSSF,2016m1,dc,000,0046,0000002,2277,1409,1171,779,2277,1248,1083,706,2187,,,,375,1524,911,163,248,585,203,539,1418,1554,1524,911,349,341,74,827,408,629,1418,906,1036,,,,,,,,1397,781,488,515,1343,869,919,,,,,,,,,,,,,,,,,,,,,,,,,,,,,,,,,,,,,,,,,,,,,,,,,,1524,844,676,398,514,638,1398,532,335,381,1294,1524,1379,774,453,518,1333,724,453,188,364,568,,,,,,,,,,,,,,,,,,1524,740,223,140,171,674,1111,838,493,564,1085,1524,1271,509,310,334,1057,1050,732,424,538,1001,1524,1081,399,397,163,1035,1212,726,366,603,1045,1524,845,530,230,469,658,1411,708,467,433,1294,3152,1108,723,347,631,1082,3311
ACSSF,2016m1,dc,000,0046,0000003,2277,1409,1171,779,2277,1248,1083,706,2187,,,,375,1524,911,163,248,585,203,539,1418,1554,1524,911,349,341,74,827,408,629,1418,906,1036,,,,,,,,1397,781,488,515,1343,869,919,,,,,,,,,,,,,,,,,,,,,,,,,,,,,,,,,,,,,,,,,,,,,,,,,,1524,844,676,398,514,638,1398,532,335,381,1294,1524,1379,774,453,518,1333,724,453,188,364,568,,,,,,,,,,,,,,,,,,1524,740,223,140,171,674,1111,838,493,564,1085,1524,1271,509,310,334,1057,1050,732,424,538,1001,1524,1081,399,397,163,1035,1212,726,366,603,1045,1524,845,530,230,469,658,1411,708,467,433,1294,3152,1108,723,347,631,1082,3311
ACSSF,2016m1,dc,000,0046,0000004,2277,1409,1171,779,2277,1248,1083,706,2187,,,,375,1524,911,163,248,585,203,539,1418,1554,1524,911,349,341,74,827,408,629,1418,906,1036,,,,,,,,1397,781,488,515,1343,869,919,,,,,,,,,,,,,,,,,,,,,,,,,,,,,,,,,,,,,,,,,,,,,,,,,,1524,844,676,398,514,638,1398,532,335,381,1294,1524,1379,774,453,518,1333,724,453,188,364,568,,,,,,,,,,,,,,,,,,1524,740,223,140,171,674,1111,838,493,564,1085,1524,1271,509,310,334,1057,1050,732,424,538,1001,1524,1081,399,397,163,1035,1212,726,366,603,1045,1524,845,530,230,469,658,1411,708,467,433,1294,3152,1108,723,347,631,1082,3311
ACSSF,2016m1,dc,000,0046,0000005,2277,1409,1171,779,2277,1248,1083,706,2187,,,,375,1524,911,163,248,585,203,539,1418,1554,1524,911,349,341,74,827,408,629,1418,906,1036,,,,,,,,1397,781,488,515,1343,869,919,,,,,,,,,,,,,,,,,,,,,,,,,,,,,,,,,,,,,,,,,,,,,,,,,,1524,844,676,398,514,638,1398,532,335,381,1294,1524,1379,774,453,518,1333,724,453,188,364,568,,,,,,,,,,,,,,,,,,1524,740,223,140,171,674,1111,838,493,564,1085,1524,1271,509,310,334,1057,1050,732,424,538,1001,1524,1081,399,397,163,1035,1212,726,366,603,1045,1524,845,530,230,469,658,1411,708,467,433,1294,3152,1108,723,347,631,1082,3311
ACSSF,2016m1,dc,000,0046,0000006,2277,1409,1171,779,2277,1248,1083,706,2187,,,,375,1524,911,163,248,585,203,539,1418,1554,1524,911,349,341,74,827,408,629,1418,906,1036,,,,,,,,1397,781,488,515,1343,869,919,,,,,,,,,,,,,,,,,,,,,,,,,,,,,,,,,,,,,,,,,,,,,,,,,,1524,844,676,398,514,638,1398,532,335,381,1294,1524,1379,774,453,518,1333,724,453,188,364,568,,,,,,,,,,,,,,,,,,1524,740,223,140,171,674,1111,838,493,564,1085,1524,1271,509,310,334,1057,1050,732,424,538,1001,1524,1081,399,397,163,1035,1212,726,366,603,1045,1524,845,530,230,469,658,1411,708,467,433,1294,3152,1108,723,347,631,1082,3311
ACSSF,2016m1,dc,000,0046,0000007,2277,1409,1171,779,2277,1248,1083,706,2187,,,,375,1524,911,163,248,585,203,539,1418,1554,1524,911,349,341,74,827,408,629,1418,906,1036,,,,,,,,1397,781,488,515,1343,869,919,,,,,,,,,,,,,,,,,,,,,,,,,,,,,,,,,,,,,,,,,,,,,,,,,,1524,844,676,398,514,638,1398,532,335,381,1294,1524,1379,774,453,518,1333,724,453,188,364,568,,,,,,,,,,,,,,,,,,1524,740,223,140,171,674,1111,838,493,564,1085,1524,1271,509,310,334,1057,1050,732,424,538,1001,1524,1081,399,397,163,1035,1212,726,366,603,1045,1524,845,530,230,469,658,1411,708,467,433,1294,3152,1108,723,347,631,1082,3311
ACSSF,2016m1,dc,000,0046,0000008,2277,1409,1171,779,2277,1248,1083,706,2187,,,,375,1524,911,163,248,585,203,539,1418,1554,1524,911,349,341,74,827,408,629,1418,906,1036,,,,,,,,1397,781,488,515,1343,869,919,,,,,,,,,,,,,,,,,,,,,,,,,,,,,,,,,,,,,,,,,,,,,,,,,,1524,844,676,398,514,638,1398,532,335,381,1294,1524,1379,774,453,518,1333,724,453,188,364,568,,,,,,,,,,,,,,,,,,1524,740,223,140,171,674,1111,838,493,564,1085,1524,1271,509,310,334,1057,1050,732,424,538,1001,1524,1081,399,397,163,1035,1212,726,366,603,1045,1524,845,530,230,469,658,1411,708,467,433,1294,3152,1108,723,347,631,1082,3311
ACSSF,2016m1,dc,000,0046,0000009,2277,1409,1171,779,2277,1248,1083,706,2187,,,,375,1524,911,163,248,585,203,539,1418,1554,1524,911,349,341,74,827,408,629,1418,906,1036,,,,,,,,1397,781,488,515,1343,869,919,,,,,,,,,,,,,,,,,,,,,,,,,,,,,,,,,,,,,,,,,,,,,,,,,,1524,844,676,398,514,638,1398,532,335,381,1294,1524,1379,774,453,518,1333,724,453,188,364,568,,,,,,,,,,,,,,,,,,1524,740,223,140,171,674,1111,838,493,564,1085,1524,1271,509,310,334,1057,1050,732,424,538,1001,1524,1081,399,397,163,1035,1212,726,366,603,1045,1524,845,530,230,469,658,1411,708,467,433,1294,3152,1108,723,347,631,1082,3311
ACSSF,2016m1,dc,000,0046,0000010,,,,,,,,,,.,.,.,,,,,,,,,,,,,,,,,,,,,,,,,,,,,,,,,,,,,,,,,,,,,,,,,,,,,,,,,,,,,,,,,,,,,,,,,,,,,,,,,,,,,,,,,,,,,,,,,,,,,,,,,,,,,,,,,,,,,,,,,,,,,,,,,,,,,,,,,,,,,,,,,,,,,,,,,,,,,,,,,,,,,,,,,,,,,,
ACSSF,2016m1,dc,000,0046,0000011,1354,672,537,554,1354,413,413,203,1365,36130,75846,.,,,,,,,,,,,,,,,,,,,,,,,,,,,,,790,145,122,73,786,561,589,,,,,,,,,,,,,,,,,,,,,,,,,,,,,,,,,,,,,,,,,,,,,,,,,,,,,,,,,,,,,,,,,,,,,,,,,,,,,,,,,,,,,,,,,,,,,,,,,,,,,,,,,,,,,,,,,,,,,,,,,,,,,,,,,,,,,2141,698,276,203,276,695,2147
ACSSF,2016m1,dc,000,0046,0000012,1124,546,424,450,,,,,,35454,.,.,,,,,,,,,,,,,,,,,,,,,,,,,,,,,,,,,,,,,,,,,,,,,,,,,,,,,,,,,,,,,,,,,,,,,,,,,,,,,,,,,,,,,,,,,,,,,,,,,,,,,,,,,,,,,,,,,,,,,,,,,,,,,,,,,,,,,,,,,,,,,,,,,,,,,,,,,,,,,,,,,,,,,,,,2032,480,196,203,196,495,2116
ACSSF,2016m1,dc,000,0046,0000013,1977,1311,914,430,1977,1157,946,706,1550,,,,4588,1098,720,163,239,393,203,478,854,4247,1098,720,349,341,74,579,290,481,854,583,633,,,,,,,,1049,711,413,481,767,539,535,,,,,,,,,,,,,,,,,,,,,,,,,,,,,,,,,,,,,,,,,,,,,,,,,,1098,629,519,343,379,356,968,437,270,294,830,1098,1071,720,413,484,815,307,203,203,203,307,,,,,,,,,,,,,,,,,,1098,407,154,93,128,353,970,663,421,425,806,1098,745,412,245,242,493,952,590,363,402,786,1098,729,320,320,203,647,902,603,313,484,612,1098,650,372,127,354,528,969,620,402,327,708,2782,932,608,347,460,777,2689
ACSSF,2016m1,dc,000,0046,0000014,,,,,,,,,,.,.,.,,,,,,,,,,,,,,,,,,,,,,,,,,,,,,,,,,,,,,,,,,,,,,,,,,,,,,,,,,,,,,,,,,,,,,,,,,,,,,,,,,,,,,,,,,,,,,,,,,,,,,,,,,,,,,,,,,,,,,,,,,,,,,,,,,,,,,,,,,,,,,,,,,,,,,,,,,,,,,,,,,,,,,,,,,,,,,
ACSSF,2016m1,dc,000,0046,0000015,2277,1409,1171,779,2277,1248,1083,706,2187,,,,375,1524,911,163,248,585,203,539,1418,1554,1524,911,349,341,74,827,408,629,1418,906,1036,,,,,,,,1397,781,488,515,1343,869,919,,,,,,,,,,,,,,,,,,,,,,,,,,,,,,,,,,,,,,,,,,,,,,,,,,1524,844,676,398,514,638,1398,532,335,381,1294,1524,1379,774,453,518,1333,724,453,188,364,568,,,,,,,,,,,,,,,,,,1524,740,223,140,171,674,1111,838,493,564,1085,1524,1271,509,310,334,1057,1050,732,424,538,1001,1524,1081,399,397,163,1035,1212,726,366,603,1045,1524,845,530,230,469,658,1411,708,467,433,1294,3152,1108,723,347,631,1082,3311
