ACSSF,2015m1,dc,000,0020,0000001,,,,,,,,,,,,,,,,,,,,,,,,,,,,,,,,,,,,,,,,,,,,,,,,,,,,,,,,,,,,,,,,,,,,,,,,,,,,,,,,,,,,,,,,,,,,,,,,,0.2,0.4,0.9,.,0.9,2.1,,,,,,,1528,993,1224,7553,4563,4610,5688,3418,3363,200,200,200,4750,2860,3322,3045,1265,2474,,,,,,,,,,,,,,,,,,,3577,5860,3219,200,3717,2188,2995,5853,3992,200,2796,698,,,,,,,994,1465,983,200,927,818,,,,,,,4081,4299,986,200,642,771,,,,,,,,,,,,,,,,,,,,,,,,,,,,,,,,,,,,,,,,,,,,,,,,,,,,,,,,,,,,
ACSSF,2015m1,dc,000,0020,0000002,,,,,,,,,,,,,,,,,,,,,,,,,,,,,,,,,,,,,,,,,,,,,,,,,,,,,,,,,,,,,,,,,,,,,,,,,,,,,,,,,,,,,,,,,,,,,,,,,0.2,0.4,0.9,.,0.9,2.1,,,,,,,1528,993,1224,7553,4563,4610,5688,3418,3363,200,200,200,4750,2860,3322,3045,1265,2474,,,,,,,,,,,,,,,,,,,3577,5860,3219,200,3717,2188,2995,5853,3992,200,2796,698,,,,,,,994,1465,983,200,927,818,,,,,,,4081,4299,986,200,642,771,,,,,,,,,,,,,,,,,,,,,,,,,,,,,,,,,,,,,,,,,,,,,,,,,,,,,,,,,,,,
ACSSF,2015m1,dc,000,0020,0000003,,,,,,,,,,,,,,,,,,,,,,,,,,,,,,,,,,,,,,,,,,,,,,,,,,,,,,,,,,,,,,,,,,,,,,,,,,,,,,,,,,,,,,,,,,,,,,,,,0.2,0.4,0.9,.,0.9,2.1,,,,,,,1528,993,1224,7553,4563,4610,5688,3418,3363,200,200,200,4750,2860,3322,3045,1265,2474,,,,,,,,,,,,,,,,,,,3577,5860,3219,200,3717,2188,2995,5853,3992,200,2796,698,,,,,,,994,1465,983,200,927,818,,,,,,,4081,4299,986,200,642,771,,,,,,,,,,,,,,,,,,,,,,,,,,,,,,,,,,,,,,,,,,,,,,,,,,,,,,,,,,,,
ACSSF,2015m1,dc,000,0020,0000004,,,,,,,,,,,,,,,,,,,,,,,,,,,,,,,,,,,,,,,,,,,,,,,,,,,,,,,,,,,,,,,,,,,,,,,,,,,,,,,,,,,,,,,,,,,,,,,,,0.2,0.4,0.9,.,0.9,2.1,,,,,,,1528,993,1224,7553,4563,4610,5688,3418,3363,200,200,200,4750,2860,3322,3045,1265,2474,,,,,,,,,,,,,,,,,,,3577,5860,3219,200,3717,2188,2995,5853,3992,200,2796,698,,,,,,,994,1465,983,200,927,818,,,,,,,4081,4299,986,200,642,771,,,,,,,,,,,,,,,,,,,,,,,,,,,,,,,,,,,,,,,,,,,,,,,,,,,,,,,,,,,,
ACSSF,2015m1,dc,000,0020,0000005,,,,,,,,,,,,,,,,,,,,,,,,,,,,,,,,,,,,,,,,,,,,,,,,,,,,,,,,,,,,,,,,,,,,,,,,,,,,,,,,,,,,,,,,,,,,,,,,,0.2,0.4,0.9,.,0.9,2.1,,,,,,,1528,993,1224,7553,4563,4610,5688,3418,3363,200,200,200,4750,2860,3322,3045,1265,2474,,,,,,,,,,,,,,,,,,,3577,5860,3219,200,3717,2188,2995,5853,3992,200,2796,698,,,,,,,994,1465,983,200,927,818,,,,,,,4081,4299,986,200,642,771,,,,,,,,,,,,,,,,,,,,,,,,,,,,,,,,,,,,,,,,,,,,,,,,,,,,,,,,,,,,
ACSSF,2015m1,dc,000,0020,0000006,,,,,,,,,,,,,,,,,,,,,,,,,,,,,,,,,,,,,,,,,,,,,,,,,,,,,,,,,,,,,,,,,,,,,,,,,,,,,,,,,,,,,,,,,,,,,,,,,0.2,0.4,0.9,.,0.9,2.1,,,,,,,1528,993,1224,7553,4563,4610,5688,3418,3363,200,200,200,4750,2860,3322,3045,1265,2474,,,,,,,,,,,,,,,,,,,3577,5860,3219,200,3717,2188,2995,5853,3992,200,2796,698,,,,,,,994,1465,983,200,927,818,,,,,,,4081,4299,986,200,642,771,,,,,,,,,,,,,,,,,,,,,,,,,,,,,,,,,,,,,,,,,,,,,,,,,,,,,,,,,,,,
ACSSF,2015m1,dc,000,0020,0000007,,,,,,,,,,,,,,,,,,,,,,,,,,,,,,,,,,,,,,,,,,,,,,,,,,,,,,,,,,,,,,,,,,,,,,,,,,,,,,,,,,,,,,,,,,,,,,,,,0.2,0.4,0.9,.,0.9,2.1,,,,,,,1528,993,1224,7553,4563,4610,5688,3418,3363,200,200,200,4750,2860,3322,3045,1265,2474,,,,,,,,,,,,,,,,,,,3577,5860,3219,200,3717,2188,2995,5853,3992,200,2796,698,,,,,,,994,1465,983,200,927,818,,,,,,,4081,4299,986,200,642,771,,,,,,,,,,,,,,,,,,,,,,,,,,,,,,,,,,,,,,,,,,,,,,,,,,,,,,,,,,,,
ACSSF,2015m1,dc,000,0020,0000008,,,,,,,,,,,,,,,,,,,,,,,,,,,,,,,,,,,,,,,,,,,,,,,,,,,,,,,,,,,,,,,,,,,,,,,,,,,,,,,,,,,,,,,,,,,,,,,,,0.2,0.4,0.9,.,0.9,2.1,,,,,,,1528,993,1224,7553,4563,4610,5688,3418,3363,200,200,200,4750,2860,3322,3045,1265,2474,,,,,,,,,,,,,,,,,,,3577,5860,3219,200,3717,2188,2995,5853,3992,200,2796,698,,,,,,,994,1465,983,200,927,818,,,,,,,4081,4299,986,200,642,771,,,,,,,,,,,,,,,,,,,,,,,,,,,,,,,,,,,,,,,,,,,,,,,,,,,,,,,,,,,,
ACSSF,2015m1,dc,000,0020,0000009,,,,,,,,,,,,,,,,,,,,,,,,,,,,,,,,,,,,,,,,,,,,,,,,,,,,,,,,,,,,,,,,,,,,,,,,,,,,,,,,,,,,,,,,,,,,,,,,,0.2,0.4,0.9,.,0.9,2.1,,,,,,,1528,993,1224,7553,4563,4610,5688,3418,3363,200,200,200,4750,2860,3322,3045,1265,2474,,,,,,,,,,,,,,,,,,,3577,5860,3219,200,3717,2188,2995,5853,3992,200,2796,698,,,,,,,994,1465,983,200,927,818,,,,,,,4081,4299,986,200,642,771,,,,,,,,,,,,,,,,,,,,,,,,,,,,,,,,,,,,,,,,,,,,,,,,,,,,,,,,,,,,
ACSSF,2015m1,dc,000,0020,0000010,,,,,,,,,,,,,,,,,,,,,,,,,,,,,,,,,,,,,,,,,,,,,,,,,,,,,,,,,,,,,,,,,,,,,,,,,,,,,,,,,,,,,,,,,,,,,,,,,1.2,2.1,3.2,.,2.1,13.6,,,,,,,5589,4053,3478,5433,3310,3198,2890,2308,1291,200,200,200,2680,1721,1815,1134,494,763,,,,,,,,,,,,,,,,,,,4055,4330,1717,200,2181,748,2912,2127,1468,200,1184,200,,,,,,,1427,1204,602,200,498,545,,,,,,,,,,,,,,,,,,,,,,,,,,,,,,,,,,,,,,,,,,,,,,,,,,,,,,,,,,,,,,,,,,,,,,,,
ACSSF,2015m1,dc,000,0020,0000011,,,,,,,,,,,,,,,,,,,,,,,,,,,,,,,,,,,,,,,,,,,,,,,,,,,,,,,,,,,,,,,,,,,,,,,,,,,,,,,,,,,,,,,,,,,,,,,,,1.5,1.9,0.7,.,2.6,0.9,,,,,,,7099,4875,3418,7385,4954,3431,2070,1381,1172,200,200,200,1441,816,904,521,361,317,,,,,,,,,,,,,,,,,,,3494,3370,1048,200,790,408,5273,5536,1467,200,1024,209,,,,,,,1085,1017,255,200,451,200,,,,,,,4548,4541,917,200,377,101,,,,,,,,,,,,,,,,,,,,,,,,,,,,,,,,,,,,,,,,,,,,,,,,,,,,,,,,,,,,
ACSSF,2015m1,dc,000,0020,0000012,,,,,,,,,,,,,,,,,,,,,,,,,,,,,,,,,,,,,,,,,,,,,,,,,,,,,,,,,,,,,,,,,,,,,,,,,,,,,,,,,,,,,,,,,,,,,,,,,1.2,2.5,1.6,.,1.4,9.3,,,,,,,6441,3689,3871,6044,3386,3676,2302,1430,1206,200,200,200,1549,947,1041,673,426,306,,,,,,,,,,,,,,,,,,,3258,3058,1202,200,947,444,5090,4732,1815,200,867,285,,,,,,,660,499,261,200,173,203,,,,,,,,,,,,,,,,,,,,,,,,,,,,,,,,,,,,,,,,,,,,,,,,,,,,,,,,,,,,,,,,,,,,,,,,
ACSSF,2015m1,dc,000,0020,0000013,,,,,,,,,,,,,,,,,,,,,,,,,,,,,,,,,,,,,,,,,,,,,,,,,,,,,,,,,,,,,,,,,,,,,,,,,,,,,,,,,,,,,,,,,,,,,,,,,1.3,1.4,4.1,.,5.1,7.0,,,,,,,7771,4596,4384,8276,4415,4886,2775,1716,1556,200,200,200,2378,1388,1325,547,244,419,,,,,,,,,,,,,,,,,,,1834,1029,329,200,1589,101,6740,7654,2712,200,1675,373,,,,,,,,,,,,,,,,,,,,,,,,,,,,,,,,,,,,,,,,,,,,,,,,,,,,,,,,,,,,,,,,,,,,,,,,,,,,,,,,,,,,
ACSSF,2015m1,dc,000,0020,0000014,,,,,,,,,,,,,,,,,,,,,,,,,,,,,,,,,,,,,,,,,,,,,,,,,,,,,,,,,,,,,,,,,,,,,,,,,,,,,,,,,,,,,,,,,,,,,,,,,0.5,0.9,1.0,.,1.1,1.1,,,,,,,7637,5428,4159,6613,5004,3410,3764,2124,2206,200,200,200,3535,2209,2433,2512,805,2249,,,,,,,,,,,,,,,,,,,3975,4302,2366,200,2964,1944,4515,3638,2110,200,1104,425,,,,,,,1439,1151,643,200,799,575,,,,,,,,,,,,,,,,,,,,,,,,,,,,,,,,,,,,,,,,,,,,,,,,,,,,,,,,,,,,,,,,,,,,,,,,
ACSSF,2015m1,dc,000,0020,0000015,,,,,,,,,,,,,,,,,,,,,,,,,,,,,,,,,,,,,,,,,,,,,,,,,,,,,,,,,,,,,,,,,,,,,,,,,,,,,,,,,,,,,,,,,,,,,,,,,0.2,0.4,0.9,.,0.9,2.1,,,,,,,1528,993,1224,7553,4563,4610,5688,3418,3363,200,200,200,4750,2860,3322,3045,1265,2474,,,,,,,,,,,,,,,,,,,3577,5860,3219,200,3717,2188,2995,5853,3992,200,2796,698,,,,,,,994,1465,983,200,927,818,,,,,,,4081,4299,986,200,642,771,,,,,,,,,,,,,,,,,,,,,,,,,,,,,,,,,,,,,,,,,,,,,,,,,,,,,,,,,,,,
