ACSSF,2015m1,dc,000,0106,0000001,,,,,,,,,,,,,,,,,,,,,,,,,,,,,,,,,,,,,,,,,,,,,,,,,,,,,,,,,,,,,,,,,,,,,,,,,,,,,,,,,,,,,,,,,,,,,,,,,,,,,,,,,,,,,,,,,,,,,,,,,,,,,,,,,,,,,,,,,,,,,,,,,,,2935,1886,2324,2169,1941,1469,1489,1266,546,807,1662,426,1385,869,985,865,815,279,1128,206,599,442,347,534,358,538,1157,853,1126,504,200,492,81,444,360,359,133,2139,2676,2316,1856,1598,1426,1020,312,918,2255,695,1417,1164,1159,687,608,418,944,334,252,194,155,597,200,637,1649,1268,1172,53,200,53,200,139,123,68,66
ACSSF,2015m1,dc,000,0106,0000002,,,,,,,,,,,,,,,,,,,,,,,,,,,,,,,,,,,,,,,,,,,,,,,,,,,,,,,,,,,,,,,,,,,,,,,,,,,,,,,,,,,,,,,,,,,,,,,,,,,,,,,,,,,,,,,,,,,,,,,,,,,,,,,,,,,,,,,,,,,,,,,,,,,2935,1886,2324,2169,1941,1469,1489,1266,546,807,1662,426,1385,869,985,865,815,279,1128,206,599,442,347,534,358,538,1157,853,1126,504,200,492,81,444,360,359,133,2139,2676,2316,1856,1598,1426,1020,312,918,2255,695,1417,1164,1159,687,608,418,944,334,252,194,155,597,200,637,1649,1268,1172,53,200,53,200,139,123,68,66
ACSSF,2015m1,dc,000,0106,0000003,,,,,,,,,,,,,,,,,,,,,,,,,,,,,,,,,,,,,,,,,,,,,,,,,,,,,,,,,,,,,,,,,,,,,,,,,,,,,,,,,,,,,,,,,,,,,,,,,,,,,,,,,,,,,,,,,,,,,,,,,,,,,,,,,,,,,,,,,,,,,,,,,,,2935,1886,2324,2169,1941,1469,1489,1266,546,807,1662,426,1385,869,985,865,815,279,1128,206,599,442,347,534,358,538,1157,853,1126,504,200,492,81,444,360,359,133,2139,2676,2316,1856,1598,1426,1020,312,918,2255,695,1417,1164,1159,687,608,418,944,334,252,194,155,597,200,637,1649,1268,1172,53,200,53,200,139,123,68,66
ACSSF,2015m1,dc,000,0106,0000004,,,,,,,,,,,,,,,,,,,,,,,,,,,,,,,,,,,,,,,,,,,,,,,,,,,,,,,,,,,,,,,,,,,,,,,,,,,,,,,,,,,,,,,,,,,,,,,,,,,,,,,,,,,,,,,,,,,,,,,,,,,,,,,,,,,,,,,,,,,,,,,,,,,2935,1886,2324,2169,1941,1469,1489,1266,546,807,1662,426,1385,869,985,865,815,279,1128,206,599,442,347,534,358,538,1157,853,1126,504,200,492,81,444,360,359,133,2139,2676,2316,1856,1598,1426,1020,312,918,2255,695,1417,1164,1159,687,608,418,944,334,252,194,155,597,200,637,1649,1268,1172,53,200,53,200,139,123,68,66
ACSSF,2015m1,dc,000,0106,0000005,,,,,,,,,,,,,,,,,,,,,,,,,,,,,,,,,,,,,,,,,,,,,,,,,,,,,,,,,,,,,,,,,,,,,,,,,,,,,,,,,,,,,,,,,,,,,,,,,,,,,,,,,,,,,,,,,,,,,,,,,,,,,,,,,,,,,,,,,,,,,,,,,,,2935,1886,2324,2169,1941,1469,1489,1266,546,807,1662,426,1385,869,985,865,815,279,1128,206,599,442,347,534,358,538,1157,853,1126,504,200,492,81,444,360,359,133,2139,2676,2316,1856,1598,1426,1020,312,918,2255,695,1417,1164,1159,687,608,418,944,334,252,194,155,597,200,637,1649,1268,1172,53,200,53,200,139,123,68,66
ACSSF,2015m1,dc,000,0106,0000006,,,,,,,,,,,,,,,,,,,,,,,,,,,,,,,,,,,,,,,,,,,,,,,,,,,,,,,,,,,,,,,,,,,,,,,,,,,,,,,,,,,,,,,,,,,,,,,,,,,,,,,,,,,,,,,,,,,,,,,,,,,,,,,,,,,,,,,,,,,,,,,,,,,2935,1886,2324,2169,1941,1469,1489,1266,546,807,1662,426,1385,869,985,865,815,279,1128,206,599,442,347,534,358,538,1157,853,1126,504,200,492,81,444,360,359,133,2139,2676,2316,1856,1598,1426,1020,312,918,2255,695,1417,1164,1159,687,608,418,944,334,252,194,155,597,200,637,1649,1268,1172,53,200,53,200,139,123,68,66
ACSSF,2015m1,dc,000,0106,0000007,,,,,,,,,,,,,,,,,,,,,,,,,,,,,,,,,,,,,,,,,,,,,,,,,,,,,,,,,,,,,,,,,,,,,,,,,,,,,,,,,,,,,,,,,,,,,,,,,,,,,,,,,,,,,,,,,,,,,,,,,,,,,,,,,,,,,,,,,,,,,,,,,,,2935,1886,2324,2169,1941,1469,1489,1266,546,807,1662,426,1385,869,985,865,815,279,1128,206,599,442,347,534,358,538,1157,853,1126,504,200,492,81,444,360,359,133,2139,2676,2316,1856,1598,1426,1020,312,918,2255,695,1417,1164,1159,687,608,418,944,334,252,194,155,597,200,637,1649,1268,1172,53,200,53,200,139,123,68,66
ACSSF,2015m1,dc,000,0106,0000008,,,,,,,,,,,,,,,,,,,,,,,,,,,,,,,,,,,,,,,,,,,,,,,,,,,,,,,,,,,,,,,,,,,,,,,,,,,,,,,,,,,,,,,,,,,,,,,,,,,,,,,,,,,,,,,,,,,,,,,,,,,,,,,,,,,,,,,,,,,,,,,,,,,2935,1886,2324,2169,1941,1469,1489,1266,546,807,1662,426,1385,869,985,865,815,279,1128,206,599,442,347,534,358,538,1157,853,1126,504,200,492,81,444,360,359,133,2139,2676,2316,1856,1598,1426,1020,312,918,2255,695,1417,1164,1159,687,608,418,944,334,252,194,155,597,200,637,1649,1268,1172,53,200,53,200,139,123,68,66
ACSSF,2015m1,dc,000,0106,0000009,,,,,,,,,,,,,,,,,,,,,,,,,,,,,,,,,,,,,,,,,,,,,,,,,,,,,,,,,,,,,,,,,,,,,,,,,,,,,,,,,,,,,,,,,,,,,,,,,,,,,,,,,,,,,,,,,,,,,,,,,,,,,,,,,,,,,,,,,,,,,,,,,,,2935,1886,2324,2169,1941,1469,1489,1266,546,807,1662,426,1385,869,985,865,815,279,1128,206,599,442,347,534,358,538,1157,853,1126,504,200,492,81,444,360,359,133,2139,2676,2316,1856,1598,1426,1020,312,918,2255,695,1417,1164,1159,687,608,418,944,334,252,194,155,597,200,637,1649,1268,1172,53,200,53,200,139,123,68,66
ACSSF,2015m1,dc,000,0106,0000010,,,,,,,,,,,,,,,,,,,,,,,,,,,,,,,,,,,,,,,,,,,,,,,,,,,,,,,,,,,,,,,,,,,,,,,,,,,,,,,,,,,,,,,,,,,,,,,,,,,,,,,,,,,,,,,,,,,,,,,,,,,,,,,,,,,,,,,,,,,,,,,,,,,3003,1774,1692,1297,1136,741,668,406,220,461,1169,201,728,640,647,377,377,200,556,200,372,370,32,370,200,180,566,415,410,441,200,441,200,300,240,211,119,2181,2102,1392,1005,854,1069,725,112,843,1299,265,815,763,759,435,353,366,583,163,200,200,200,306,200,398,1232,1008,762,200,200,200,200,200,200,200,200
ACSSF,2015m1,dc,000,0106,0000011,,,,,,,,,,,,,,,,,,,,,,,,,,,,,,,,,,,,,,,,,,,,,,,,,,,,,,,,,,,,,,,,,,,,,,,,,,,,,,,,,,,,,,,,,,,,,,,,,,,,,,,,,,,,,,,,,,,,,,,,,,,,,,,,,,,,,,,,,,,,,,,,,,,2002,1476,1382,762,510,565,588,384,298,347,742,70,459,202,477,510,435,279,392,108,159,54,151,158,200,282,266,170,152,82,200,82,200,198,200,198,200,1396,1268,803,642,403,637,481,172,263,782,239,492,429,426,197,187,39,268,200,184,184,200,146,200,146,449,243,321,53,200,53,200,200,200,200,200
ACSSF,2015m1,dc,000,0106,0000012,,,,,,,,,,,,,,,,,,,,,,,,,,,,,,,,,,,,,,,,,,,,,,,,,,,,,,,,,,,,,,,,,,,,,,,,,,,,,,,,,,,,,,,,,,,,,,,,,,,,,,,,,,,,,,,,,,,,,,,,,,,,,,,,,,,,,,,,,,,,,,,,,,,2134,1496,1363,788,685,357,756,502,171,417,693,267,525,220,422,149,149,200,587,161,266,111,240,152,358,100,433,238,312,155,200,97,81,240,236,47,200,1428,1195,852,631,573,522,327,141,303,688,331,411,342,442,215,202,80,533,179,74,65,37,149,200,397,458,234,417,200,200,200,200,101,77,200,66
ACSSF,2015m1,dc,000,0106,0000013,,,,,,,,,,,,,,,,,,,,,,,,,,,,,,,,,,,,,,,,,,,,,,,,,,,,,,,,,,,,,,,,,,,,,,,,,,,,,,,,,,,,,,,,,,,,,,,,,,,,,,,,,,,,,,,,,,,,,,,,,,,,,,,,,,,,,,,,,,,,,,,,,,,,,,,,,,,,,,,,,,,,,,,,,,,,,,,,,,,,,,,,,,,,,,,,,,,,,,,,,,,,,,,,,,,,,,,,,,,
ACSSF,2015m1,dc,000,0106,0000014,,,,,,,,,,,,,,,,,,,,,,,,,,,,,,,,,,,,,,,,,,,,,,,,,,,,,,,,,,,,,,,,,,,,,,,,,,,,,,,,,,,,,,,,,,,,,,,,,,,,,,,,,,,,,,,,,,,,,,,,,,,,,,,,,,,,,,,,,,,,,,,,,,,3149,2091,2077,1572,1288,1130,1100,914,446,566,1362,321,1081,479,782,641,641,200,586,47,334,169,257,338,200,338,863,752,926,200,200,200,200,182,174,200,58,2119,2305,1757,1535,1098,1080,775,215,779,1485,501,996,616,705,407,375,199,590,265,151,200,151,439,200,269,888,619,692,200,200,200,200,96,96,200,200
ACSSF,2015m1,dc,000,0106,0000015,,,,,,,,,,,,,,,,,,,,,,,,,,,,,,,,,,,,,,,,,,,,,,,,,,,,,,,,,,,,,,,,,,,,,,,,,,,,,,,,,,,,,,,,,,,,,,,,,,,,,,,,,,,,,,,,,,,,,,,,,,,,,,,,,,,,,,,,,,,,,,,,,,,2935,1886,2324,2169,1941,1469,1489,1266,546,807,1662,426,1385,869,985,865,815,279,1128,206,599,442,347,534,358,538,1157,853,1126,504,200,492,81,444,360,359,133,2139,2676,2316,1856,1598,1426,1020,312,918,2255,695,1417,1164,1159,687,608,418,944,334,252,194,155,597,200,637,1649,1268,1172,53,200,53,200,139,123,68,66
