ACSSF,2015m1,dc,000,0156,0000001,667,4953,3735,3518,1994,3687,924,635,779,3720,3629,2177,3670,851,752,426,5100,3776,3799,1934,3370,904,764,463,3321,3262,1953,2810,996,985,263,4408,2725,2508,2034,1998,912,933,240,3300,2944,2895,2229,1254,1334,435,631,7652,7355,3977,6294,1669,7477,7400,4677,6521,1856,6898,5890,4400,3582,2249,6613,6411,5743,3432,1097,9439,9280,8541,4099,1818,667,4953,4656,3393,5203,1310,1006,915,5100,5038,2827,4667,1306,1159,546,4408,3981,3573,3013,1427,1545,493
ACSSF,2015m1,dc,000,0156,0000002,667,4953,3735,3518,1994,3687,924,635,779,3720,3629,2177,3670,851,752,426,5100,3776,3799,1934,3370,904,764,463,3321,3262,1953,2810,996,985,263,4408,2725,2508,2034,1998,912,933,240,3300,2944,2895,2229,1254,1334,435,631,7652,7355,3977,6294,1669,7477,7400,4677,6521,1856,6898,5890,4400,3582,2249,6613,6411,5743,3432,1097,9439,9280,8541,4099,1818,667,4953,4656,3393,5203,1310,1006,915,5100,5038,2827,4667,1306,1159,546,4408,3981,3573,3013,1427,1545,493
ACSSF,2015m1,dc,000,0156,0000003,667,4953,3735,3518,1994,3687,924,635,779,3720,3629,2177,3670,851,752,426,5100,3776,3799,1934,3370,904,764,463,3321,3262,1953,2810,996,985,263,4408,2725,2508,2034,1998,912,933,240,3300,2944,2895,2229,1254,1334,435,631,7652,7355,3977,6294,1669,7477,7400,4677,6521,1856,6898,5890,4400,3582,2249,6613,6411,5743,3432,1097,9439,9280,8541,4099,1818,667,4953,4656,3393,5203,1310,1006,915,5100,5038,2827,4667,1306,1159,546,4408,3981,3573,3013,1427,1545,493
ACSSF,2015m1,dc,000,0156,0000004,667,4953,3735,3518,1994,3687,924,635,779,3720,3629,2177,3670,851,752,426,5100,3776,3799,1934,3370,904,764,463,3321,3262,1953,2810,996,985,263,4408,2725,2508,2034,1998,912,933,240,3300,2944,2895,2229,1254,1334,435,631,7652,7355,3977,6294,1669,7477,7400,4677,6521,1856,6898,5890,4400,3582,2249,6613,6411,5743,3432,1097,9439,9280,8541,4099,1818,667,4953,4656,3393,5203,1310,1006,915,5100,5038,2827,4667,1306,1159,546,4408,3981,3573,3013,1427,1545,493
ACSSF,2015m1,dc,000,0156,0000005,667,4953,3735,3518,1994,3687,924,635,779,3720,3629,2177,3670,851,752,426,5100,3776,3799,1934,3370,904,764,463,3321,3262,1953,2810,996,985,263,4408,2725,2508,2034,1998,912,933,240,3300,2944,2895,2229,1254,1334,435,631,7652,7355,3977,6294,1669,7477,7400,4677,6521,1856,6898,5890,4400,3582,2249,6613,6411,5743,3432,1097,9439,9280,8541,4099,1818,667,4953,4656,3393,5203,1310,1006,915,5100,5038,2827,4667,1306,1159,546,4408,3981,3573,3013,1427,1545,493
ACSSF,2015m1,dc,000,0156,0000006,667,4953,3735,3518,1994,3687,924,635,779,3720,3629,2177,3670,851,752,426,5100,3776,3799,1934,3370,904,764,463,3321,3262,1953,2810,996,985,263,4408,2725,2508,2034,1998,912,933,240,3300,2944,2895,2229,1254,1334,435,631,7652,7355,3977,6294,1669,7477,7400,4677,6521,1856,6898,5890,4400,3582,2249,6613,6411,5743,3432,1097,9439,9280,8541,4099,1818,667,4953,4656,3393,5203,1310,1006,915,5100,5038,2827,4667,1306,1159,546,4408,3981,3573,3013,1427,1545,493
ACSSF,2015m1,dc,000,0156,0000007,667,4953,3735,3518,1994,3687,924,635,779,3720,3629,2177,3670,851,752,426,5100,3776,3799,1934,3370,904,764,463,3321,3262,1953,2810,996,985,263,4408,2725,2508,2034,1998,912,933,240,3300,2944,2895,2229,1254,1334,435,631,7652,7355,3977,6294,1669,7477,7400,4677,6521,1856,6898,5890,4400,3582,2249,6613,6411,5743,3432,1097,9439,9280,8541,4099,1818,667,4953,4656,3393,5203,1310,1006,915,5100,5038,2827,4667,1306,1159,546,4408,3981,3573,3013,1427,1545,493
ACSSF,2015m1,dc,000,0156,0000008,667,4953,3735,3518,1994,3687,924,635,779,3720,3629,2177,3670,851,752,426,5100,3776,3799,1934,3370,904,764,463,3321,3262,1953,2810,996,985,263,4408,2725,2508,2034,1998,912,933,240,3300,2944,2895,2229,1254,1334,435,631,7652,7355,3977,6294,1669,7477,7400,4677,6521,1856,6898,5890,4400,3582,2249,6613,6411,5743,3432,1097,9439,9280,8541,4099,1818,667,4953,4656,3393,5203,1310,1006,915,5100,5038,2827,4667,1306,1159,546,4408,3981,3573,3013,1427,1545,493
ACSSF,2015m1,dc,000,0156,0000009,667,4953,3735,3518,1994,3687,924,635,779,3720,3629,2177,3670,851,752,426,5100,3776,3799,1934,3370,904,764,463,3321,3262,1953,2810,996,985,263,4408,2725,2508,2034,1998,912,933,240,3300,2944,2895,2229,1254,1334,435,631,7652,7355,3977,6294,1669,7477,7400,4677,6521,1856,6898,5890,4400,3582,2249,6613,6411,5743,3432,1097,9439,9280,8541,4099,1818,667,4953,4656,3393,5203,1310,1006,915,5100,5038,2827,4667,1306,1159,546,4408,3981,3573,3013,1427,1545,493
ACSSF,2015m1,dc,000,0156,0000010,4361,3282,1984,1938,227,1931,588,475,390,2423,2440,148,2446,479,409,272,2934,2576,2520,465,2473,411,411,200,1900,1751,361,1729,684,672,175,2009,1118,1068,298,1033,584,584,200,1501,1289,341,1178,900,844,213,5738,2070,2019,1925,632,316,3208,3138,3033,626,268,1824,1626,1497,764,748,2848,2848,2866,656,200,5511,5476,5488,1642,301,4361,3282,3301,291,3278,742,588,523,2934,2814,578,2959,846,835,175,2009,1794,481,1686,1074,1025,213
ACSSF,2015m1,dc,000,0156,0000011,5630,3990,3133,2997,738,3032,679,261,615,1847,1887,740,1903,295,231,198,2698,1691,1647,590,1562,547,324,433,1656,1593,794,1479,451,443,42,2784,1929,1670,1198,1090,849,839,120,1905,1626,1305,927,1083,1028,183,6972,2613,2119,1422,1702,1288,3267,3029,1864,2129,1314,4197,3368,2570,2160,1833,3420,3370,2562,1844,205,5577,5311,5000,2434,1141,5630,3990,3820,1146,3971,763,352,647,2698,2518,1012,2356,840,623,437,2784,2356,1764,1510,1381,1345,215
ACSSF,2015m1,dc,000,0156,0000012,5205,3803,2479,2484,587,2372,339,257,221,2364,2341,587,2176,279,254,128,2048,1264,1265,692,1061,275,269,34,1444,1391,1024,1160,492,468,134,2431,1696,1550,1007,954,761,771,167,1819,1369,1131,694,1030,1031,165,6560,2259,2253,1564,1869,270,2843,2817,1221,2471,256,2880,2568,1826,1753,661,2740,2654,2415,1289,653,5699,5530,5393,1658,715,5205,3803,3834,887,3592,436,348,246,2048,2017,1288,1602,578,537,138,2431,2106,1572,1258,1247,1242,221
ACSSF,2015m1,dc,000,0156,0000013,5414,3737,2313,2166,1372,1674,371,344,124,2555,2379,1760,1910,505,496,184,2760,1659,1628,1321,981,303,251,165,1860,1750,1472,1067,439,444,62,3451,2066,1837,1753,753,990,961,126,2540,2315,2244,970,948,943,278,7630,6052,6070,1514,6112,717,6094,5948,2377,5437,633,3616,3541,2348,2400,286,3622,3549,3005,2014,422,4653,4238,3434,2471,1494,5414,3737,3543,2552,2914,619,596,224,2760,2634,2166,1415,488,483,178,3451,3295,3187,1224,1559,1493,342
ACSSF,2015m1,dc,000,0156,0000014,6441,4647,3343,3289,785,3294,321,202,238,2966,2960,431,2922,274,227,153,4251,2922,2805,1011,2555,435,435,200,2583,2538,801,2396,289,287,81,3195,1968,1684,1167,1251,859,849,127,2060,1724,1404,1281,1208,1222,146,7703,3402,3354,2351,2203,447,3942,3624,2431,2869,1109,2130,2079,1933,982,359,3259,3218,3114,1230,371,5491,5479,5329,1539,615,6441,4647,4583,912,4542,423,338,288,4251,4140,1367,3785,515,511,81,3195,2482,1948,1599,1579,1566,193
ACSSF,2015m1,dc,000,0156,0000015,667,4953,3735,3518,1994,3687,924,635,779,3720,3629,2177,3670,851,752,426,5100,3776,3799,1934,3370,904,764,463,3321,3262,1953,2810,996,985,263,4408,2725,2508,2034,1998,912,933,240,3300,2944,2895,2229,1254,1334,435,631,7652,7355,3977,6294,1669,7477,7400,4677,6521,1856,6898,5890,4400,3582,2249,6613,6411,5743,3432,1097,9439,9280,8541,4099,1818,667,4953,4656,3393,5203,1310,1006,915,5100,5038,2827,4667,1306,1159,546,4408,3981,3573,3013,1427,1545,493
