ACSSF,2016m1,dc,000,0018,0000001,,,,,,,,,,,,,,,,,,,,,,,,,,,,,,,,,,,,,,,,,,,,,,,,,,,,,,,,919,1443,3366,22980,3808,,,,,,966,9084,5222,9529,6328,7448,3776,8582,6507,3878,2691,5867,1930,566,419,1785,5044,2610,1803,5300,,,,,,,,,,,,,,,,,,,,,,,,,,,,,,,,,,,,,,,,,,,,,,,,,,,,,,,,,,,,,,,,,,,
ACSSF,2016m1,dc,000,0018,0000002,,,,,,,,,,,,,,,,,,,,,,,,,,,,,,,,,,,,,,,,,,,,,,,,,,,,,,,,919,1443,3366,22980,3808,,,,,,966,9084,5222,9529,6328,7448,3776,8582,6507,3878,2691,5867,1930,566,419,1785,5044,2610,1803,5300,,,,,,,,,,,,,,,,,,,,,,,,,,,,,,,,,,,,,,,,,,,,,,,,,,,,,,,,,,,,,,,,,,,
ACSSF,2016m1,dc,000,0018,0000003,,,,,,,,,,,,,,,,,,,,,,,,,,,,,,,,,,,,,,,,,,,,,,,,,,,,,,,,919,1443,3366,22980,3808,,,,,,966,9084,5222,9529,6328,7448,3776,8582,6507,3878,2691,5867,1930,566,419,1785,5044,2610,1803,5300,,,,,,,,,,,,,,,,,,,,,,,,,,,,,,,,,,,,,,,,,,,,,,,,,,,,,,,,,,,,,,,,,,,
ACSSF,2016m1,dc,000,0018,0000004,,,,,,,,,,,,,,,,,,,,,,,,,,,,,,,,,,,,,,,,,,,,,,,,,,,,,,,,919,1443,3366,22980,3808,,,,,,966,9084,5222,9529,6328,7448,3776,8582,6507,3878,2691,5867,1930,566,419,1785,5044,2610,1803,5300,,,,,,,,,,,,,,,,,,,,,,,,,,,,,,,,,,,,,,,,,,,,,,,,,,,,,,,,,,,,,,,,,,,
ACSSF,2016m1,dc,000,0018,0000005,,,,,,,,,,,,,,,,,,,,,,,,,,,,,,,,,,,,,,,,,,,,,,,,,,,,,,,,919,1443,3366,22980,3808,,,,,,966,9084,5222,9529,6328,7448,3776,8582,6507,3878,2691,5867,1930,566,419,1785,5044,2610,1803,5300,,,,,,,,,,,,,,,,,,,,,,,,,,,,,,,,,,,,,,,,,,,,,,,,,,,,,,,,,,,,,,,,,,,
ACSSF,2016m1,dc,000,0018,0000006,,,,,,,,,,,,,,,,,,,,,,,,,,,,,,,,,,,,,,,,,,,,,,,,,,,,,,,,919,1443,3366,22980,3808,,,,,,966,9084,5222,9529,6328,7448,3776,8582,6507,3878,2691,5867,1930,566,419,1785,5044,2610,1803,5300,,,,,,,,,,,,,,,,,,,,,,,,,,,,,,,,,,,,,,,,,,,,,,,,,,,,,,,,,,,,,,,,,,,
ACSSF,2016m1,dc,000,0018,0000007,,,,,,,,,,,,,,,,,,,,,,,,,,,,,,,,,,,,,,,,,,,,,,,,,,,,,,,,919,1443,3366,22980,3808,,,,,,966,9084,5222,9529,6328,7448,3776,8582,6507,3878,2691,5867,1930,566,419,1785,5044,2610,1803,5300,,,,,,,,,,,,,,,,,,,,,,,,,,,,,,,,,,,,,,,,,,,,,,,,,,,,,,,,,,,,,,,,,,,
ACSSF,2016m1,dc,000,0018,0000008,,,,,,,,,,,,,,,,,,,,,,,,,,,,,,,,,,,,,,,,,,,,,,,,,,,,,,,,919,1443,3366,22980,3808,,,,,,966,9084,5222,9529,6328,7448,3776,8582,6507,3878,2691,5867,1930,566,419,1785,5044,2610,1803,5300,,,,,,,,,,,,,,,,,,,,,,,,,,,,,,,,,,,,,,,,,,,,,,,,,,,,,,,,,,,,,,,,,,,
ACSSF,2016m1,dc,000,0018,0000009,,,,,,,,,,,,,,,,,,,,,,,,,,,,,,,,,,,,,,,,,,,,,,,,,,,,,,,,919,1443,3366,22980,3808,,,,,,966,9084,5222,9529,6328,7448,3776,8582,6507,3878,2691,5867,1930,566,419,1785,5044,2610,1803,5300,,,,,,,,,,,,,,,,,,,,,,,,,,,,,,,,,,,,,,,,,,,,,,,,,,,,,,,,,,,,,,,,,,,
ACSSF,2016m1,dc,000,0018,0000010,,,,,,,,,,,,,,,,,,,,,,,,,,,,,,,,,,,,,,,,,,,,,,,,,,,,,,,,7148,20508,7637,45169,9659,,,,,,5553,2399,1120,4835,2732,768,358,2525,4593,1668,862,3836,984,153,165,993,2711,1086,406,2330,,,,,,,,,,,,,,,,,,,,,,,,,,,,,,,,,,,,,,,,,,,,,,,,,,,,,,,,,,,,,,,,,,,
ACSSF,2016m1,dc,000,0018,0000011,,,,,,,,,,,,,,,,,,,,,,,,,,,,,,,,,,,,,,,,,,,,,,,,,,,,,,,,3023,6660,4510,23491,2125,,,,,,7183,3688,2985,7251,4832,2407,1468,4432,4155,1103,1552,3774,1011,284,254,948,3675,1690,1437,3657,,,,,,,,,,,,,,,,,,,,,,,,,,,,,,,,,,,,,,,,,,,,,,,,,,,,,,,,,,,,,,,,,,,
ACSSF,2016m1,dc,000,0018,0000012,,,,,,,,,,,,,,,,,,,,,,,,,,,,,,,,,,,,,,,,,,,,,,,,,,,,,,,,3645,3551,3403,18114,19011,,,,,,5956,2703,2011,5268,4442,2134,1468,3478,3580,1240,655,3477,814,282,13,750,1968,561,493,1885,,,,,,,,,,,,,,,,,,,,,,,,,,,,,,,,,,,,,,,,,,,,,,,,,,,,,,,,,,,,,,,,,,,
ACSSF,2016m1,dc,000,0018,0000013,,,,,,,,,,,,,,,,,,,,,,,,,,,,,,,,,,,,,,,,,,,,,,,,,,,,,,,,1545,1490,3149,65161,9298,,,,,,7726,6524,4114,7450,7305,5839,3450,6405,3331,2271,1294,2720,388,203,185,347,2245,752,625,2190,,,,,,,,,,,,,,,,,,,,,,,,,,,,,,,,,,,,,,,,,,,,,,,,,,,,,,,,,,,,,,,,,,,
ACSSF,2016m1,dc,000,0018,0000014,,,,,,,,,,,,,,,,,,,,,,,,,,,,,,,,,,,,,,,,,,,,,,,,,,,,,,,,5147,4212,3936,18212,12882,,,,,,7885,4702,1543,6637,5054,3793,946,3157,5423,2164,1026,5027,858,448,88,793,2462,1268,553,2302,,,,,,,,,,,,,,,,,,,,,,,,,,,,,,,,,,,,,,,,,,,,,,,,,,,,,,,,,,,,,,,,,,,
ACSSF,2016m1,dc,000,0018,0000015,,,,,,,,,,,,,,,,,,,,,,,,,,,,,,,,,,,,,,,,,,,,,,,,,,,,,,,,919,1443,3366,22980,3808,,,,,,966,9084,5222,9529,6328,7448,3776,8582,6507,3878,2691,5867,1930,566,419,1785,5044,2610,1803,5300,,,,,,,,,,,,,,,,,,,,,,,,,,,,,,,,,,,,,,,,,,,,,,,,,,,,,,,,,,,,,,,,,,,
