ACSSF,2016m1,dc,000,0098,0000001,2249,1436,657,519,101,510,390,386,728,253,930,234,924,1066,663,962,806,2179,87,2160,2078,1039,2033,569,1201,203,1201,1251,477,1170,686,531,485,165,747,692,465,453,178,710,1333,648,930,203,930,670,634,1010,322,1258,100,1245,1164,512,1269,793,1983,189,2009,2155,1370,2060,623,1319,203,1319,1254,618,1180,726,498,529,91,779,800,524,508,86,874,,,,,,,,,,,,,,,,,,,,,,,,,,,,,,,,,,,,,,,,,,,,,,,,,,,,,,,,,,,,,,,,,,,,,,,,,,,,,,,,,,,,,,,,,,,,,,,,,,,,,,,,,,,,,,,,,,,,,,,,,,,,,,,,,,,,,,,,,,,,,,,,,,,,,,,,,,,,,,
ACSSF,2016m1,dc,000,0098,0000002,2249,1436,657,519,101,510,390,386,728,253,930,234,924,1066,663,962,806,2179,87,2160,2078,1039,2033,569,1201,203,1201,1251,477,1170,686,531,485,165,747,692,465,453,178,710,1333,648,930,203,930,670,634,1010,322,1258,100,1245,1164,512,1269,793,1983,189,2009,2155,1370,2060,623,1319,203,1319,1254,618,1180,726,498,529,91,779,800,524,508,86,874,,,,,,,,,,,,,,,,,,,,,,,,,,,,,,,,,,,,,,,,,,,,,,,,,,,,,,,,,,,,,,,,,,,,,,,,,,,,,,,,,,,,,,,,,,,,,,,,,,,,,,,,,,,,,,,,,,,,,,,,,,,,,,,,,,,,,,,,,,,,,,,,,,,,,,,,,,,,,,
ACSSF,2016m1,dc,000,0098,0000003,2249,1436,657,519,101,510,390,386,728,253,930,234,924,1066,663,962,806,2179,87,2160,2078,1039,2033,569,1201,203,1201,1251,477,1170,686,531,485,165,747,692,465,453,178,710,1333,648,930,203,930,670,634,1010,322,1258,100,1245,1164,512,1269,793,1983,189,2009,2155,1370,2060,623,1319,203,1319,1254,618,1180,726,498,529,91,779,800,524,508,86,874,,,,,,,,,,,,,,,,,,,,,,,,,,,,,,,,,,,,,,,,,,,,,,,,,,,,,,,,,,,,,,,,,,,,,,,,,,,,,,,,,,,,,,,,,,,,,,,,,,,,,,,,,,,,,,,,,,,,,,,,,,,,,,,,,,,,,,,,,,,,,,,,,,,,,,,,,,,,,,
ACSSF,2016m1,dc,000,0098,0000004,2249,1436,657,519,101,510,390,386,728,253,930,234,924,1066,663,962,806,2179,87,2160,2078,1039,2033,569,1201,203,1201,1251,477,1170,686,531,485,165,747,692,465,453,178,710,1333,648,930,203,930,670,634,1010,322,1258,100,1245,1164,512,1269,793,1983,189,2009,2155,1370,2060,623,1319,203,1319,1254,618,1180,726,498,529,91,779,800,524,508,86,874,,,,,,,,,,,,,,,,,,,,,,,,,,,,,,,,,,,,,,,,,,,,,,,,,,,,,,,,,,,,,,,,,,,,,,,,,,,,,,,,,,,,,,,,,,,,,,,,,,,,,,,,,,,,,,,,,,,,,,,,,,,,,,,,,,,,,,,,,,,,,,,,,,,,,,,,,,,,,,
ACSSF,2016m1,dc,000,0098,0000005,2249,1436,657,519,101,510,390,386,728,253,930,234,924,1066,663,962,806,2179,87,2160,2078,1039,2033,569,1201,203,1201,1251,477,1170,686,531,485,165,747,692,465,453,178,710,1333,648,930,203,930,670,634,1010,322,1258,100,1245,1164,512,1269,793,1983,189,2009,2155,1370,2060,623,1319,203,1319,1254,618,1180,726,498,529,91,779,800,524,508,86,874,,,,,,,,,,,,,,,,,,,,,,,,,,,,,,,,,,,,,,,,,,,,,,,,,,,,,,,,,,,,,,,,,,,,,,,,,,,,,,,,,,,,,,,,,,,,,,,,,,,,,,,,,,,,,,,,,,,,,,,,,,,,,,,,,,,,,,,,,,,,,,,,,,,,,,,,,,,,,,
ACSSF,2016m1,dc,000,0098,0000006,2249,1436,657,519,101,510,390,386,728,253,930,234,924,1066,663,962,806,2179,87,2160,2078,1039,2033,569,1201,203,1201,1251,477,1170,686,531,485,165,747,692,465,453,178,710,1333,648,930,203,930,670,634,1010,322,1258,100,1245,1164,512,1269,793,1983,189,2009,2155,1370,2060,623,1319,203,1319,1254,618,1180,726,498,529,91,779,800,524,508,86,874,,,,,,,,,,,,,,,,,,,,,,,,,,,,,,,,,,,,,,,,,,,,,,,,,,,,,,,,,,,,,,,,,,,,,,,,,,,,,,,,,,,,,,,,,,,,,,,,,,,,,,,,,,,,,,,,,,,,,,,,,,,,,,,,,,,,,,,,,,,,,,,,,,,,,,,,,,,,,,
ACSSF,2016m1,dc,000,0098,0000007,2249,1436,657,519,101,510,390,386,728,253,930,234,924,1066,663,962,806,2179,87,2160,2078,1039,2033,569,1201,203,1201,1251,477,1170,686,531,485,165,747,692,465,453,178,710,1333,648,930,203,930,670,634,1010,322,1258,100,1245,1164,512,1269,793,1983,189,2009,2155,1370,2060,623,1319,203,1319,1254,618,1180,726,498,529,91,779,800,524,508,86,874,,,,,,,,,,,,,,,,,,,,,,,,,,,,,,,,,,,,,,,,,,,,,,,,,,,,,,,,,,,,,,,,,,,,,,,,,,,,,,,,,,,,,,,,,,,,,,,,,,,,,,,,,,,,,,,,,,,,,,,,,,,,,,,,,,,,,,,,,,,,,,,,,,,,,,,,,,,,,,
ACSSF,2016m1,dc,000,0098,0000008,2249,1436,657,519,101,510,390,386,728,253,930,234,924,1066,663,962,806,2179,87,2160,2078,1039,2033,569,1201,203,1201,1251,477,1170,686,531,485,165,747,692,465,453,178,710,1333,648,930,203,930,670,634,1010,322,1258,100,1245,1164,512,1269,793,1983,189,2009,2155,1370,2060,623,1319,203,1319,1254,618,1180,726,498,529,91,779,800,524,508,86,874,,,,,,,,,,,,,,,,,,,,,,,,,,,,,,,,,,,,,,,,,,,,,,,,,,,,,,,,,,,,,,,,,,,,,,,,,,,,,,,,,,,,,,,,,,,,,,,,,,,,,,,,,,,,,,,,,,,,,,,,,,,,,,,,,,,,,,,,,,,,,,,,,,,,,,,,,,,,,,
ACSSF,2016m1,dc,000,0098,0000009,2249,1436,657,519,101,510,390,386,728,253,930,234,924,1066,663,962,806,2179,87,2160,2078,1039,2033,569,1201,203,1201,1251,477,1170,686,531,485,165,747,692,465,453,178,710,1333,648,930,203,930,670,634,1010,322,1258,100,1245,1164,512,1269,793,1983,189,2009,2155,1370,2060,623,1319,203,1319,1254,618,1180,726,498,529,91,779,800,524,508,86,874,,,,,,,,,,,,,,,,,,,,,,,,,,,,,,,,,,,,,,,,,,,,,,,,,,,,,,,,,,,,,,,,,,,,,,,,,,,,,,,,,,,,,,,,,,,,,,,,,,,,,,,,,,,,,,,,,,,,,,,,,,,,,,,,,,,,,,,,,,,,,,,,,,,,,,,,,,,,,,
ACSSF,2016m1,dc,000,0098,0000010,,,,,,,,,,,,,,,,,,,,,,,,,,,,,,,,,,,,,,,,,,,,,,,,,,,,,,,,,,,,,,,,,,,,,,,,,,,,,,,,,,,,,,,,,,,,,,,,,,,,,,,,,,,,,,,,,,,,,,,,,,,,,,,,,,,,,,,,,,,,,,,,,,,,,,,,,,,,,,,,,,,,,,,,,,,,,,,,,,,,,,,,,,,,,,,,,,,,,,,,,,,,,,,,,,,,,,,,,,,,,,,,,,,,,,,,,,,,,
ACSSF,2016m1,dc,000,0098,0000011,4163,2569,538,263,203,263,199,163,458,788,567,203,567,501,286,404,1514,1359,203,1359,1373,479,994,1070,806,203,806,746,270,709,358,282,229,142,286,628,343,343,203,541,2676,736,197,203,197,159,117,687,534,468,203,468,419,212,270,2012,1662,203,1662,1601,651,994,931,659,203,659,661,68,716,612,284,280,71,569,794,350,350,203,779,,,,,,,,,,,,,,,,,,,,,,,,,,,,,,,,,,,,,,,,,,,,,,,,,,,,,,,,,,,,,,,,,,,,,,,,,,,,,,,,,,,,,,,,,,,,,,,,,,,,,,,,,,,,,,,,,,,,,,,,,,,,,,,,,,,,,,,,,,,,,,,,,,,,,,,,,,,,,,
ACSSF,2016m1,dc,000,0098,0000012,4447,2578,620,193,203,193,203,193,569,715,555,182,529,493,387,575,1808,1479,203,1479,1453,421,967,1143,804,203,804,795,175,742,587,155,155,203,573,590,131,131,203,559,3120,690,412,203,412,328,234,620,718,564,203,564,564,203,551,2110,1565,203,1565,1479,520,1126,1032,830,203,830,793,269,692,632,252,252,203,585,884,264,264,203,873,,,,,,,,,,,,,,,,,,,,,,,,,,,,,,,,,,,,,,,,,,,,,,,,,,,,,,,,,,,,,,,,,,,,,,,,,,,,,,,,,,,,,,,,,,,,,,,,,,,,,,,,,,,,,,,,,,,,,,,,,,,,,,,,,,,,,,,,,,,,,,,,,,,,,,,,,,,,,,
ACSSF,2016m1,dc,000,0098,0000013,5946,3489,958,502,101,476,382,260,792,1027,788,127,756,635,374,780,2285,2329,87,2327,2134,714,1655,1354,781,203,781,691,374,1187,702,457,442,84,572,763,257,236,111,764,3945,901,629,203,629,377,529,721,1321,1075,100,1075,972,488,1001,2670,2483,189,2474,2283,1188,1533,1277,1050,203,1050,928,565,987,672,400,412,56,593,992,286,274,86,958,,,,,,,,,,,,,,,,,,,,,,,,,,,,,,,,,,,,,,,,,,,,,,,,,,,,,,,,,,,,,,,,,,,,,,,,,,,,,,,,,,,,,,,,,,,,,,,,,,,,,,,,,,,,,,,,,,,,,,,,,,,,,,,,,,,,,,,,,,,,,,,,,,,,,,,,,,,,,,
ACSSF,2016m1,dc,000,0098,0000014,4504,2489,684,215,203,215,195,118,554,802,629,203,629,636,302,489,2063,1529,203,1529,1426,377,1078,883,488,203,488,471,150,744,346,60,60,203,340,730,253,216,139,699,3077,822,494,203,494,338,228,796,1060,554,203,554,554,203,872,1769,1366,203,1366,1233,450,1049,894,761,203,761,753,125,417,437,191,191,203,418,604,110,110,203,597,,,,,,,,,,,,,,,,,,,,,,,,,,,,,,,,,,,,,,,,,,,,,,,,,,,,,,,,,,,,,,,,,,,,,,,,,,,,,,,,,,,,,,,,,,,,,,,,,,,,,,,,,,,,,,,,,,,,,,,,,,,,,,,,,,,,,,,,,,,,,,,,,,,,,,,,,,,,,,
ACSSF,2016m1,dc,000,0098,0000015,2249,1436,657,519,101,510,390,386,728,253,930,234,924,1066,663,962,806,2179,87,2160,2078,1039,2033,569,1201,203,1201,1251,477,1170,686,531,485,165,747,692,465,453,178,710,1333,648,930,203,930,670,634,1010,322,1258,100,1245,1164,512,1269,793,1983,189,2009,2155,1370,2060,623,1319,203,1319,1254,618,1180,726,498,529,91,779,800,524,508,86,874,,,,,,,,,,,,,,,,,,,,,,,,,,,,,,,,,,,,,,,,,,,,,,,,,,,,,,,,,,,,,,,,,,,,,,,,,,,,,,,,,,,,,,,,,,,,,,,,,,,,,,,,,,,,,,,,,,,,,,,,,,,,,,,,,,,,,,,,,,,,,,,,,,,,,,,,,,,,,,
