ACSSF,2015m1,dc,000,0097,0000001,2726,1526,776,820,200,820,603,527,1131,390,945,226,948,978,584,988,1072,2169,241,2129,2202,1301,1919,439,1047,200,1047,996,385,986,779,693,539,438,682,779,426,426,200,754,1899,807,773,200,773,741,312,989,439,845,295,905,952,557,908,1202,1944,126,1913,2082,1420,1566,726,1169,200,1169,1182,431,1210,870,597,617,135,792,906,624,624,200,821,,,,,,,,,,,,,,,,,,,,,,,,,,,,,,,,,,,,,,,,,,,,,,,,,,,,,,,,,,,,,,,,,,,,,,,,,,,,,,,,,,,,,,,,,,,,,,,,,,,,,,,,,,,,,,,,,,,,,,,,,,,,,,,,,,,,,,,,,,,,,,,,,,,,,,,,,,,,,,
ACSSF,2015m1,dc,000,0097,0000002,2726,1526,776,820,200,820,603,527,1131,390,945,226,948,978,584,988,1072,2169,241,2129,2202,1301,1919,439,1047,200,1047,996,385,986,779,693,539,438,682,779,426,426,200,754,1899,807,773,200,773,741,312,989,439,845,295,905,952,557,908,1202,1944,126,1913,2082,1420,1566,726,1169,200,1169,1182,431,1210,870,597,617,135,792,906,624,624,200,821,,,,,,,,,,,,,,,,,,,,,,,,,,,,,,,,,,,,,,,,,,,,,,,,,,,,,,,,,,,,,,,,,,,,,,,,,,,,,,,,,,,,,,,,,,,,,,,,,,,,,,,,,,,,,,,,,,,,,,,,,,,,,,,,,,,,,,,,,,,,,,,,,,,,,,,,,,,,,,
ACSSF,2015m1,dc,000,0097,0000003,2726,1526,776,820,200,820,603,527,1131,390,945,226,948,978,584,988,1072,2169,241,2129,2202,1301,1919,439,1047,200,1047,996,385,986,779,693,539,438,682,779,426,426,200,754,1899,807,773,200,773,741,312,989,439,845,295,905,952,557,908,1202,1944,126,1913,2082,1420,1566,726,1169,200,1169,1182,431,1210,870,597,617,135,792,906,624,624,200,821,,,,,,,,,,,,,,,,,,,,,,,,,,,,,,,,,,,,,,,,,,,,,,,,,,,,,,,,,,,,,,,,,,,,,,,,,,,,,,,,,,,,,,,,,,,,,,,,,,,,,,,,,,,,,,,,,,,,,,,,,,,,,,,,,,,,,,,,,,,,,,,,,,,,,,,,,,,,,,
ACSSF,2015m1,dc,000,0097,0000004,2726,1526,776,820,200,820,603,527,1131,390,945,226,948,978,584,988,1072,2169,241,2129,2202,1301,1919,439,1047,200,1047,996,385,986,779,693,539,438,682,779,426,426,200,754,1899,807,773,200,773,741,312,989,439,845,295,905,952,557,908,1202,1944,126,1913,2082,1420,1566,726,1169,200,1169,1182,431,1210,870,597,617,135,792,906,624,624,200,821,,,,,,,,,,,,,,,,,,,,,,,,,,,,,,,,,,,,,,,,,,,,,,,,,,,,,,,,,,,,,,,,,,,,,,,,,,,,,,,,,,,,,,,,,,,,,,,,,,,,,,,,,,,,,,,,,,,,,,,,,,,,,,,,,,,,,,,,,,,,,,,,,,,,,,,,,,,,,,
ACSSF,2015m1,dc,000,0097,0000005,2726,1526,776,820,200,820,603,527,1131,390,945,226,948,978,584,988,1072,2169,241,2129,2202,1301,1919,439,1047,200,1047,996,385,986,779,693,539,438,682,779,426,426,200,754,1899,807,773,200,773,741,312,989,439,845,295,905,952,557,908,1202,1944,126,1913,2082,1420,1566,726,1169,200,1169,1182,431,1210,870,597,617,135,792,906,624,624,200,821,,,,,,,,,,,,,,,,,,,,,,,,,,,,,,,,,,,,,,,,,,,,,,,,,,,,,,,,,,,,,,,,,,,,,,,,,,,,,,,,,,,,,,,,,,,,,,,,,,,,,,,,,,,,,,,,,,,,,,,,,,,,,,,,,,,,,,,,,,,,,,,,,,,,,,,,,,,,,,
ACSSF,2015m1,dc,000,0097,0000006,2726,1526,776,820,200,820,603,527,1131,390,945,226,948,978,584,988,1072,2169,241,2129,2202,1301,1919,439,1047,200,1047,996,385,986,779,693,539,438,682,779,426,426,200,754,1899,807,773,200,773,741,312,989,439,845,295,905,952,557,908,1202,1944,126,1913,2082,1420,1566,726,1169,200,1169,1182,431,1210,870,597,617,135,792,906,624,624,200,821,,,,,,,,,,,,,,,,,,,,,,,,,,,,,,,,,,,,,,,,,,,,,,,,,,,,,,,,,,,,,,,,,,,,,,,,,,,,,,,,,,,,,,,,,,,,,,,,,,,,,,,,,,,,,,,,,,,,,,,,,,,,,,,,,,,,,,,,,,,,,,,,,,,,,,,,,,,,,,
ACSSF,2015m1,dc,000,0097,0000007,2726,1526,776,820,200,820,603,527,1131,390,945,226,948,978,584,988,1072,2169,241,2129,2202,1301,1919,439,1047,200,1047,996,385,986,779,693,539,438,682,779,426,426,200,754,1899,807,773,200,773,741,312,989,439,845,295,905,952,557,908,1202,1944,126,1913,2082,1420,1566,726,1169,200,1169,1182,431,1210,870,597,617,135,792,906,624,624,200,821,,,,,,,,,,,,,,,,,,,,,,,,,,,,,,,,,,,,,,,,,,,,,,,,,,,,,,,,,,,,,,,,,,,,,,,,,,,,,,,,,,,,,,,,,,,,,,,,,,,,,,,,,,,,,,,,,,,,,,,,,,,,,,,,,,,,,,,,,,,,,,,,,,,,,,,,,,,,,,
ACSSF,2015m1,dc,000,0097,0000008,2726,1526,776,820,200,820,603,527,1131,390,945,226,948,978,584,988,1072,2169,241,2129,2202,1301,1919,439,1047,200,1047,996,385,986,779,693,539,438,682,779,426,426,200,754,1899,807,773,200,773,741,312,989,439,845,295,905,952,557,908,1202,1944,126,1913,2082,1420,1566,726,1169,200,1169,1182,431,1210,870,597,617,135,792,906,624,624,200,821,,,,,,,,,,,,,,,,,,,,,,,,,,,,,,,,,,,,,,,,,,,,,,,,,,,,,,,,,,,,,,,,,,,,,,,,,,,,,,,,,,,,,,,,,,,,,,,,,,,,,,,,,,,,,,,,,,,,,,,,,,,,,,,,,,,,,,,,,,,,,,,,,,,,,,,,,,,,,,
ACSSF,2015m1,dc,000,0097,0000009,2726,1526,776,820,200,820,603,527,1131,390,945,226,948,978,584,988,1072,2169,241,2129,2202,1301,1919,439,1047,200,1047,996,385,986,779,693,539,438,682,779,426,426,200,754,1899,807,773,200,773,741,312,989,439,845,295,905,952,557,908,1202,1944,126,1913,2082,1420,1566,726,1169,200,1169,1182,431,1210,870,597,617,135,792,906,624,624,200,821,,,,,,,,,,,,,,,,,,,,,,,,,,,,,,,,,,,,,,,,,,,,,,,,,,,,,,,,,,,,,,,,,,,,,,,,,,,,,,,,,,,,,,,,,,,,,,,,,,,,,,,,,,,,,,,,,,,,,,,,,,,,,,,,,,,,,,,,,,,,,,,,,,,,,,,,,,,,,,
ACSSF,2015m1,dc,000,0097,0000010,,,,,,,,,,,,,,,,,,,,,,,,,,,,,,,,,,,,,,,,,,,,,,,,,,,,,,,,,,,,,,,,,,,,,,,,,,,,,,,,,,,,,,,,,,,,,,,,,,,,,,,,,,,,,,,,,,,,,,,,,,,,,,,,,,,,,,,,,,,,,,,,,,,,,,,,,,,,,,,,,,,,,,,,,,,,,,,,,,,,,,,,,,,,,,,,,,,,,,,,,,,,,,,,,,,,,,,,,,,,,,,,,,,,,,,,,,,,,
ACSSF,2015m1,dc,000,0097,0000011,4572,2656,838,658,200,658,458,255,582,715,610,200,610,578,153,381,1685,1701,200,1701,1700,311,791,980,649,200,649,617,316,901,589,397,260,271,387,656,135,135,200,664,2859,339,236,200,236,188,116,225,806,408,200,408,365,228,564,1967,1803,109,1796,1782,405,676,1033,774,200,774,747,125,823,530,314,314,200,443,813,153,153,200,837,,,,,,,,,,,,,,,,,,,,,,,,,,,,,,,,,,,,,,,,,,,,,,,,,,,,,,,,,,,,,,,,,,,,,,,,,,,,,,,,,,,,,,,,,,,,,,,,,,,,,,,,,,,,,,,,,,,,,,,,,,,,,,,,,,,,,,,,,,,,,,,,,,,,,,,,,,,,,,
ACSSF,2015m1,dc,000,0097,0000012,4463,2699,549,152,200,152,152,200,509,863,659,243,601,451,340,550,1880,1621,200,1621,1421,813,918,982,605,200,605,553,109,856,331,155,155,200,313,599,233,233,200,557,2709,701,385,200,385,371,176,591,752,582,200,582,599,135,482,1481,1258,200,1258,1249,513,814,1051,619,200,619,593,175,821,551,333,317,99,476,964,314,314,200,921,,,,,,,,,,,,,,,,,,,,,,,,,,,,,,,,,,,,,,,,,,,,,,,,,,,,,,,,,,,,,,,,,,,,,,,,,,,,,,,,,,,,,,,,,,,,,,,,,,,,,,,,,,,,,,,,,,,,,,,,,,,,,,,,,,,,,,,,,,,,,,,,,,,,,,,,,,,,,,
ACSSF,2015m1,dc,000,0097,0000013,5273,3250,988,501,200,501,369,391,825,1045,850,147,849,816,457,672,2418,2156,241,2159,2153,1032,1580,1074,741,200,741,726,158,830,644,250,250,200,565,912,332,332,200,848,3255,882,572,200,572,530,226,813,888,738,295,729,608,465,591,2392,2205,200,2205,2076,1324,1400,1195,1019,200,1019,944,400,909,814,335,317,88,723,1072,500,500,200,956,,,,,,,,,,,,,,,,,,,,,,,,,,,,,,,,,,,,,,,,,,,,,,,,,,,,,,,,,,,,,,,,,,,,,,,,,,,,,,,,,,,,,,,,,,,,,,,,,,,,,,,,,,,,,,,,,,,,,,,,,,,,,,,,,,,,,,,,,,,,,,,,,,,,,,,,,,,,,,
ACSSF,2015m1,dc,000,0097,0000014,4082,2560,853,252,200,252,189,171,830,517,467,200,467,473,142,355,1942,1831,200,1831,1761,522,691,715,374,200,374,363,66,501,450,410,227,343,138,818,169,169,200,788,2663,782,495,200,495,447,123,529,939,641,200,641,641,200,603,1374,1266,64,1263,1253,298,831,841,531,200,531,531,200,651,397,243,243,200,341,862,187,187,200,818,,,,,,,,,,,,,,,,,,,,,,,,,,,,,,,,,,,,,,,,,,,,,,,,,,,,,,,,,,,,,,,,,,,,,,,,,,,,,,,,,,,,,,,,,,,,,,,,,,,,,,,,,,,,,,,,,,,,,,,,,,,,,,,,,,,,,,,,,,,,,,,,,,,,,,,,,,,,,,
ACSSF,2015m1,dc,000,0097,0000015,2726,1526,776,820,200,820,603,527,1131,390,945,226,948,978,584,988,1072,2169,241,2129,2202,1301,1919,439,1047,200,1047,996,385,986,779,693,539,438,682,779,426,426,200,754,1899,807,773,200,773,741,312,989,439,845,295,905,952,557,908,1202,1944,126,1913,2082,1420,1566,726,1169,200,1169,1182,431,1210,870,597,617,135,792,906,624,624,200,821,,,,,,,,,,,,,,,,,,,,,,,,,,,,,,,,,,,,,,,,,,,,,,,,,,,,,,,,,,,,,,,,,,,,,,,,,,,,,,,,,,,,,,,,,,,,,,,,,,,,,,,,,,,,,,,,,,,,,,,,,,,,,,,,,,,,,,,,,,,,,,,,,,,,,,,,,,,,,,
