ACSSF,2015m1,dc,000,0057,0000001,4913,3401,2628,2396,912,1426,491,1778,2590,1942,963,1104,507,1897,869,926,275,759,192,617,3239,2563,2195,743,1593,795,2598,2357,1919,744,1144,969,1902,1200,882,492,373,576,944,5988,1709,1887,1356,1948,4033,1875,946,1931,2835,1790,2465,2857,2132,2165,1854,3681,2384,942,1959,1187,2186,,,,,,,1011,1103,419,716,114,743,,,,,,,1362,1337,72,465,195,733,1213,917,198,407,225,856,2192,3562,1252,2044,951,2954,2236,1792,652,839,361,1350
ACSSF,2015m1,dc,000,0057,0000002,4913,3401,2628,2396,912,1426,491,1778,2590,1942,963,1104,507,1897,869,926,275,759,192,617,3239,2563,2195,743,1593,795,2598,2357,1919,744,1144,969,1902,1200,882,492,373,576,944,5988,1709,1887,1356,1948,4033,1875,946,1931,2835,1790,2465,2857,2132,2165,1854,3681,2384,942,1959,1187,2186,,,,,,,1011,1103,419,716,114,743,,,,,,,1362,1337,72,465,195,733,1213,917,198,407,225,856,2192,3562,1252,2044,951,2954,2236,1792,652,839,361,1350
ACSSF,2015m1,dc,000,0057,0000003,4913,3401,2628,2396,912,1426,491,1778,2590,1942,963,1104,507,1897,869,926,275,759,192,617,3239,2563,2195,743,1593,795,2598,2357,1919,744,1144,969,1902,1200,882,492,373,576,944,5988,1709,1887,1356,1948,4033,1875,946,1931,2835,1790,2465,2857,2132,2165,1854,3681,2384,942,1959,1187,2186,,,,,,,1011,1103,419,716,114,743,,,,,,,1362,1337,72,465,195,733,1213,917,198,407,225,856,2192,3562,1252,2044,951,2954,2236,1792,652,839,361,1350
ACSSF,2015m1,dc,000,0057,0000004,4913,3401,2628,2396,912,1426,491,1778,2590,1942,963,1104,507,1897,869,926,275,759,192,617,3239,2563,2195,743,1593,795,2598,2357,1919,744,1144,969,1902,1200,882,492,373,576,944,5988,1709,1887,1356,1948,4033,1875,946,1931,2835,1790,2465,2857,2132,2165,1854,3681,2384,942,1959,1187,2186,,,,,,,1011,1103,419,716,114,743,,,,,,,1362,1337,72,465,195,733,1213,917,198,407,225,856,2192,3562,1252,2044,951,2954,2236,1792,652,839,361,1350
ACSSF,2015m1,dc,000,0057,0000005,4913,3401,2628,2396,912,1426,491,1778,2590,1942,963,1104,507,1897,869,926,275,759,192,617,3239,2563,2195,743,1593,795,2598,2357,1919,744,1144,969,1902,1200,882,492,373,576,944,5988,1709,1887,1356,1948,4033,1875,946,1931,2835,1790,2465,2857,2132,2165,1854,3681,2384,942,1959,1187,2186,,,,,,,1011,1103,419,716,114,743,,,,,,,1362,1337,72,465,195,733,1213,917,198,407,225,856,2192,3562,1252,2044,951,2954,2236,1792,652,839,361,1350
ACSSF,2015m1,dc,000,0057,0000006,4913,3401,2628,2396,912,1426,491,1778,2590,1942,963,1104,507,1897,869,926,275,759,192,617,3239,2563,2195,743,1593,795,2598,2357,1919,744,1144,969,1902,1200,882,492,373,576,944,5988,1709,1887,1356,1948,4033,1875,946,1931,2835,1790,2465,2857,2132,2165,1854,3681,2384,942,1959,1187,2186,,,,,,,1011,1103,419,716,114,743,,,,,,,1362,1337,72,465,195,733,1213,917,198,407,225,856,2192,3562,1252,2044,951,2954,2236,1792,652,839,361,1350
ACSSF,2015m1,dc,000,0057,0000007,4913,3401,2628,2396,912,1426,491,1778,2590,1942,963,1104,507,1897,869,926,275,759,192,617,3239,2563,2195,743,1593,795,2598,2357,1919,744,1144,969,1902,1200,882,492,373,576,944,5988,1709,1887,1356,1948,4033,1875,946,1931,2835,1790,2465,2857,2132,2165,1854,3681,2384,942,1959,1187,2186,,,,,,,1011,1103,419,716,114,743,,,,,,,1362,1337,72,465,195,733,1213,917,198,407,225,856,2192,3562,1252,2044,951,2954,2236,1792,652,839,361,1350
ACSSF,2015m1,dc,000,0057,0000008,4913,3401,2628,2396,912,1426,491,1778,2590,1942,963,1104,507,1897,869,926,275,759,192,617,3239,2563,2195,743,1593,795,2598,2357,1919,744,1144,969,1902,1200,882,492,373,576,944,5988,1709,1887,1356,1948,4033,1875,946,1931,2835,1790,2465,2857,2132,2165,1854,3681,2384,942,1959,1187,2186,,,,,,,1011,1103,419,716,114,743,,,,,,,1362,1337,72,465,195,733,1213,917,198,407,225,856,2192,3562,1252,2044,951,2954,2236,1792,652,839,361,1350
ACSSF,2015m1,dc,000,0057,0000009,4913,3401,2628,2396,912,1426,491,1778,2590,1942,963,1104,507,1897,869,926,275,759,192,617,3239,2563,2195,743,1593,795,2598,2357,1919,744,1144,969,1902,1200,882,492,373,576,944,5988,1709,1887,1356,1948,4033,1875,946,1931,2835,1790,2465,2857,2132,2165,1854,3681,2384,942,1959,1187,2186,,,,,,,1011,1103,419,716,114,743,,,,,,,1362,1337,72,465,195,733,1213,917,198,407,225,856,2192,3562,1252,2044,951,2954,2236,1792,652,839,361,1350
ACSSF,2015m1,dc,000,0057,0000010,3718,1912,1590,1316,125,500,275,962,1744,1266,195,513,184,1384,774,610,60,494,200,496,2812,2091,1410,472,872,105,1222,1666,1239,444,503,318,1412,980,701,240,182,296,712,4747,619,908,1029,1050,2549,798,506,811,1398,570,1542,1439,1524,838,662,1592,906,200,751,200,1343,,,,,,,1035,782,250,424,200,476,,,,,,,,,,,,,,,,,,,3058,2505,638,1043,490,2094,,,,,,
ACSSF,2015m1,dc,000,0057,0000011,3276,2267,1724,1145,194,644,174,944,1226,998,290,615,245,504,497,346,200,220,113,282,1988,1623,1105,310,566,372,930,1285,664,167,459,388,755,664,211,86,292,294,402,3748,552,792,468,711,1718,892,294,508,1272,685,916,1047,739,899,866,2206,1234,313,967,517,1033,,,,,,,,,,,,,,,,,,,868,766,200,421,71,389,,,,,,,1937,1538,386,455,374,1194,1149,893,193,524,149,494
ACSSF,2015m1,dc,000,0057,0000012,3599,2681,2262,2023,292,525,248,563,1284,812,268,371,130,753,607,474,97,179,128,441,2055,1701,987,170,643,255,910,894,621,303,512,370,785,450,285,98,200,288,227,4101,758,714,304,657,1967,594,338,676,1146,654,940,1061,549,725,619,1835,1268,385,958,414,851,,,,,,,536,358,254,154,200,256,,,,,,,,,,,,,553,391,200,209,161,324,2261,1764,274,610,401,1209,935,608,102,275,157,519
ACSSF,2015m1,dc,000,0057,0000013,2141,1260,821,383,92,399,207,473,860,663,258,388,393,363,350,219,200,68,114,288,1466,829,420,127,454,219,557,1135,711,305,398,587,494,384,82,101,147,254,290,2268,497,397,312,326,731,399,280,425,909,811,352,388,243,448,831,1946,1090,412,833,797,897,,,,,,,,,,,,,,,,,,,,,,,,,,,,,,,695,412,85,261,174,286,,,,,,
ACSSF,2015m1,dc,000,0057,0000014,4537,3016,2173,1731,853,1143,145,1363,1914,1112,844,641,249,1247,641,434,236,442,64,289,2848,2395,1749,573,1268,583,1583,1365,1011,455,512,216,795,725,361,410,153,357,281,5419,1252,1002,786,1072,3078,1029,681,1575,2019,944,1601,1729,1219,1593,989,1997,941,765,639,431,972,,,,,,,1106,830,181,574,61,550,,,,,,,,,,,,,723,474,120,143,129,529,3014,2537,1075,1571,678,2102,1473,1115,604,378,189,822
ACSSF,2015m1,dc,000,0057,0000015,4913,3401,2628,2396,912,1426,491,1778,2590,1942,963,1104,507,1897,869,926,275,759,192,617,3239,2563,2195,743,1593,795,2598,2357,1919,744,1144,969,1902,1200,882,492,373,576,944,5988,1709,1887,1356,1948,4033,1875,946,1931,2835,1790,2465,2857,2132,2165,1854,3681,2384,942,1959,1187,2186,,,,,,,1011,1103,419,716,114,743,,,,,,,1362,1337,72,465,195,733,1213,917,198,407,225,856,2192,3562,1252,2044,951,2954,2236,1792,652,839,361,1350
